country,year,ny_adj_dpem_cd
afg,2002,179453641.9657920003
afg,2003,202237961.2517600060
afg,2004,230538599.3444529772
afg,2005,238860790.7192369998
afg,2006,243617724.3699890077
afg,2007,282053685.6209560037
afg,2008,270801789.4126200080
afg,2009,279669481.2771199942
afg,2010,331647838.6125479937
afg,2011,394021301.9237990379
afg,2012,407505904.0888509750
afg,2013,428933801.6127189994
afg,2014,421546005.4427180290
afg,2015,398913217.7398450375
afg,2016,367278164.4464870095
afg,2017,371880307.3628039956
alb,1990,22939090.9977529980
alb,1991,15913562.6957296990
alb,1992,8905593.2784715109
alb,1993,13297882.9250275996
alb,1994,17563551.9374067001
alb,1995,16654621.4539536014
alb,1996,19211619.9926564991
alb,1997,14530096.0509540010
alb,1998,14354380.8793859985
alb,1999,15239387.2047804985
alb,2000,13804206.3008776978
alb,2001,12883797.0018368997
alb,2002,13341196.5805851985
alb,2003,15459839.4122123998
alb,2004,17623658.6577765010
alb,2005,17836527.1089008003
alb,2006,17395925.6592248008
alb,2007,18194651.9190543965
alb,2008,20307277.7028988972
alb,2009,19207662.3151018023
alb,2010,18674131.8087010011
alb,2011,22398828.2697404996
alb,2012,23369135.8076208010
alb,2013,22327918.8694098033
alb,2014,22531633.3805120997
alb,2015,19035160.1393563002
alb,2016,18951769.3959924988
alb,2017,20268384.5649948977
dza,1990,309742188.3556810021
dza,1991,212600683.7342949808
dza,1992,206224500.5422860086
dza,1993,214846132.2037740052
dza,1994,181323407.0571579933
dza,1995,160311454.5968489945
dza,1996,169462046.4660149813
dza,1997,170500349.1434020102
dza,1998,161626621.9905139804
dza,1999,159357419.4145889878
dza,2000,167330352.2167910039
dza,2001,158023617.7010920048
dza,2002,150204306.6850979924
dza,2003,155780505.1487320065
dza,2004,176528931.2626129985
dza,2005,186258480.5734689832
dza,2006,196991078.6250999868
dza,2007,211439747.2607560158
dza,2008,249105550.4418770075
dza,2009,192303884.1131399870
dza,2010,222432208.6526970267
dza,2011,263241094.2571759820
dza,2012,258402061.9404309988
dza,2013,264883734.8050359786
dza,2014,251443374.1504390240
dza,2015,190884524.7621549964
dza,2016,185432408.7131580114
dza,2017,194703308.2490719855
ago,1990,296225949.0195759535
ago,1991,283405820.8827000260
ago,1992,230214061.1747910082
ago,1993,193869609.3674629927
ago,1994,144367328.3589379787
ago,1995,148009127.2001329958
ago,1996,167326754.2845990062
ago,1997,154562459.1383999884
ago,1998,130967129.8677770048
ago,1999,128143330.9419749975
ago,2000,190717769.3805830181
ago,2001,179736687.7411159873
ago,2002,276417972.2506129742
ago,2003,314189542.4718680382
ago,2004,394082032.5535990000
ago,2005,523762010.5165969729
ago,2006,647342159.5619920492
ago,2007,691106832.7876340151
ago,2008,833957532.0832549334
ago,2009,666018466.1141120195
ago,2010,764398060.5353169441
ago,2011,964688101.1883239746
ago,2012,997146011.1642010212
ago,2013,981087035.0674829483
ago,2014,903798182.6921300888
ago,2015,701663381.7572759390
ago,2016,603382748.3397409916
ago,2017,702082185.5633629560
arg,1990,391529173.8770450354
arg,1991,513275087.6539959908
arg,1992,603814189.3912910223
arg,1993,575084442.7375839949
arg,1994,588807022.5137709379
arg,1995,610701676.4562499523
arg,1996,627462636.4421329498
arg,1997,619846855.6527450085
arg,1998,603244692.2736790180
arg,1999,581385524.4170960188
arg,2000,553026093.6061220169
arg,2001,555055640.6204249859
arg,2002,216527443.3066869974
arg,2003,243618632.4142339826
arg,2004,257779870.5353180170
arg,2005,269628271.7014819980
arg,2006,292783906.0727740526
arg,2007,362080950.0590950251
arg,2008,454954817.8027009964
arg,2009,470519363.6345660090
arg,2010,545235856.9337139130
arg,2011,678237025.9378989935
arg,2012,672910282.5220350027
arg,2013,660025703.2386549711
arg,2014,626751464.5099020004
arg,2015,693402947.5586990118
arg,2016,636694365.7427799702
arg,2017,711572833.2446969748
arm,1990,23633876.4836212024
arm,1991,23262992.3968410008
arm,1992,20719572.6492861025
arm,1993,19362893.7738371007
arm,1994,18276893.3334053978
arm,1995,16078305.8898908999
arm,1996,14514627.9901225977
arm,1997,14473465.5587229002
arm,1998,15733599.0843783990
arm,1999,15302952.2831350006
arm,2000,15188631.2226317991
arm,2001,15982187.1937086005
arm,2002,16432446.8121884000
arm,2003,17830246.8088332005
arm,2004,21879149.4933101013
arm,2005,28408141.6845072992
arm,2006,35325029.0169543996
arm,2007,47833163.7164874971
arm,2008,61082462.1394262090
arm,2009,56682606.1900878996
arm,2010,62116686.6444509998
arm,2011,64137545.0248639062
arm,2012,60307559.7203827053
arm,2013,58203186.0000442043
arm,2014,56754199.5325764045
arm,2015,52685416.4655781016
arm,2016,52802557.5595465973
arm,2017,55163659.3719288930
aus,1990,244240667.4000759721
aus,1991,242135920.9313690066
aus,1992,239451706.2873580158
aus,1993,205231269.5513539910
aus,1994,209422412.1509990096
aus,1995,223629434.4198569953
aus,1996,239739116.5035330057
aus,1997,258874129.5098049939
aus,1998,228904614.2490789890
aus,1999,209565553.5994330049
aus,2000,219920600.2766569853
aus,2001,195774359.2834450006
aus,2002,199484203.3408649862
aus,2003,227487591.8821089864
aus,2004,287422824.0937370062
aus,2005,322527496.8489800096
aus,2006,344367704.0725020170
aus,2007,401161513.5499069691
aus,2008,485596060.8933280110
aus,2009,430782804.0674790144
aus,2010,519557948.7166590095
aus,2011,641471764.9055299759
aus,2012,654759941.2368479967
aus,2013,641759019.7191770077
aus,2014,593386746.5319150686
aus,2015,545012190.6559460163
aus,2016,457432538.4448969960
aus,2017,509348716.6960889697
aut,1990,141253734.8188899755
aut,1991,145215787.1724399924
aut,1992,159354488.2706639767
aut,1993,157615654.9008879960
aut,1994,180281938.1329990029
aut,1995,209465469.7543750107
aut,1996,196425433.4308789968
aut,1997,156187707.1340329945
aut,1998,153439729.1571149826
aut,1999,147537605.5030909777
aut,2000,134732229.4806189835
aut,2001,124171411.8482290059
aut,2002,129700294.7983949929
aut,2003,149748638.5244430006
aut,2004,148838658.4823719859
aut,2005,163180310.1579540074
aut,2006,167575977.8581800163
aut,2007,208882215.2539919913
aut,2008,231501198.8467919827
aut,2009,239426910.0945259631
aut,2010,227256752.9796710014
aut,2011,232192478.3319029808
aut,2012,206843111.2062259912
aut,2013,224162882.6606799662
aut,2014,223937901.0085079968
aut,2015,192856763.4768069983
aut,2016,187875071.0664539933
aut,2017,194953738.7518030107
aze,1990,106258305.5575170070
aze,1991,95229593.5609952062
aze,1992,67353021.6340377033
aze,1993,64057720.6077249050
aze,1994,60313501.4701222032
aze,1995,51300414.1199266016
aze,1996,40140533.4096122980
aze,1997,37014289.1199053004
aze,1998,30785185.5677030012
aze,1999,25675120.9966863990
aze,2000,25214074.7489241026
aze,2001,23957088.4059989974
aze,2002,23934231.3367202990
aze,2003,26232684.2744518965
aze,2004,29780572.0259155035
aze,2005,37684854.7117633000
aze,2006,45885659.9804794043
aze,2007,60413796.0793770999
aze,2008,83790683.7396896929
aze,2009,74816325.1399214119
aze,2010,89077935.2374892980
aze,2011,114933740.3894239962
aze,2012,117404042.7005689889
aze,2013,115843954.1869580150
aze,2014,107246723.2812329978
aze,2015,75067011.1701740921
aze,2016,53259048.8782794997
aze,2017,57196318.7227817997
bhs,1991,5810652.1892165402
bhs,1992,5986833.2975686304
bhs,1993,5918594.8133279597
bhs,1994,6052445.7886620201
bhs,1995,6184503.3827976799
bhs,1996,6237280.8792837802
bhs,1997,10734813.3102516998
bhs,1998,11040327.9147778023
bhs,1999,11461249.4213985000
bhs,2000,11271480.0557808019
bhs,2001,11547003.9802311994
bhs,2002,12142980.2379986998
bhs,2003,12533605.2805625983
bhs,2004,12693729.4439396989
bhs,2005,13392507.1061496995
bhs,2006,13945475.7581861001
bhs,2007,14613697.9112066980
bhs,2008,14830440.7958099004
bhs,2009,14819764.6075704992
bhs,2010,14800314.2993506994
bhs,2011,14874975.9649024997
bhs,2012,14782202.7362709995
bhs,2013,14923285.4240135010
bhs,2014,15336040.1778579988
bhs,2015,16735599.5351462010
bhs,2016,16695371.1986100003
bhs,2017,16885007.2421170995
bhr,1990,10730349.6093496997
bhr,1991,10799258.6218809988
bhr,1992,10887848.3649620004
bhr,1993,11069250.5493315011
bhr,1994,12183834.7622381989
bhr,1995,13050377.1042710003
bhr,1996,13356261.4969434012
bhr,1997,13888516.4375871010
bhr,2000,17246202.0890859999
bhr,2001,16815506.4622718021
bhr,2003,17811899.9676061980
bhr,2004,19478014.9201638959
bhr,2005,21076277.3538662978
bhr,2006,20982022.1156150997
bhr,2007,22720326.6207742020
bhr,2008,24125949.1163548976
bhr,2009,20954695.8869168013
bhr,2010,23272222.1117786989
bhr,2011,26269980.5299161971
bhr,2012,28536624.0301930010
bhr,2013,29795255.1718608029
bhr,2014,29823903.3613708988
bhr,2015,29510232.2062489018
bhr,2016,31957439.0037437007
bhr,2017,36160642.6021182016
bgd,1990,959943388.9529359341
bgd,1991,868419110.7855190039
bgd,1992,848937143.9982869625
bgd,1993,821536167.8276530504
bgd,1994,780900325.3883540630
bgd,1995,819774307.6210579872
bgd,1996,940208921.9546231031
bgd,1997,918638106.9081070423
bgd,1998,885506335.0393619537
bgd,1999,858750782.9400340319
bgd,2000,851109384.1768579483
bgd,2001,820639593.2279130220
bgd,2002,802688422.2825039625
bgd,2003,841589785.3711299896
bgd,2004,865261955.6828440428
bgd,2005,861941954.8803389072
bgd,2006,832753934.1714140177
bgd,2007,871985637.2267659903
bgd,2008,940343309.1808550358
bgd,2009,992325381.8603029251
bgd,2010,1063343853.1710000038
bgd,2011,1112630727.7111001015
bgd,2012,1073869244.8399400711
bgd,2013,1126379346.6844401360
bgd,2014,1218288658.2164900303
bgd,2015,1272046250.5241000652
bgd,2016,1334053895.7192599773
bgd,2017,1390856977.5590901375
brb,1990,5513295.3320480799
brb,1991,5643098.3152325600
brb,1992,5492578.9163105097
brb,1993,5351945.1569824601
brb,1994,5199719.5009632697
brb,1995,5313562.6150222300
brb,1996,4861710.9454814596
brb,1997,5116060.0675678803
brb,1998,5651314.5314144799
brb,1999,5927871.9412487000
brb,2000,6009674.1981599303
brb,2001,6164455.4949492300
brb,2002,6578240.8167127604
brb,2003,7048929.0158044603
brb,2004,7395535.1819314603
brb,2005,8077176.3403634001
brb,2006,8666128.5992030893
brb,2007,9956794.8707601391
brb,2008,10537001.2460751999
brb,2009,10551557.2927240990
brb,2010,10497021.9909768999
brb,2011,10971901.3698033988
brb,2012,10336667.0488166995
brb,2013,10946496.6225905996
brb,2014,10126182.0970279016
brb,2015,10590177.4697039984
brb,2016,10893859.9709439017
brb,2017,11258689.9136664011
blr,1990,45629384.2724252045
blr,1991,37368404.0594042987
blr,1992,39936926.6605650038
blr,1993,48657260.8977219984
blr,1994,50429762.6626364961
blr,1995,53116816.2966950014
blr,1996,53149036.1263592988
blr,1997,44864760.9240077958
blr,1998,43336697.5609515980
blr,1999,34761439.4774136990
blr,2000,33842020.5094707981
blr,2001,34986209.2790541053
blr,2002,43970998.0709066018
blr,2003,50308177.1716072038
blr,2004,60900794.2789949924
blr,2005,79735039.6172235012
blr,2006,90595111.1263152957
blr,2007,101481452.9415490031
blr,2008,132755689.8271510005
blr,2009,119732556.7211820036
blr,2010,140715813.2696509957
blr,2011,145283824.9195759892
blr,2012,128565315.5390239954
blr,2013,140611385.8360480070
blr,2014,138246147.6428080201
blr,2015,94593729.4247442037
blr,2016,77501666.7769192010
blr,2017,86198079.5620882064
bel,1990,207746815.1331100166
bel,1991,204738555.2457399964
bel,1992,225005536.7423890233
bel,1993,204606944.8135930002
bel,1994,218050085.8987990022
bel,1995,253707050.4620310068
bel,1996,234444450.1200370193
bel,1997,201511653.0688720047
bel,1998,194413543.8814100027
bel,1999,217261756.7690159976
bel,2000,179859258.2840029895
bel,2001,179848661.5974169970
bel,2002,185775159.5209470093
bel,2003,233817689.6965790093
bel,2004,253978437.3657270074
bel,2005,284087272.5892440081
bel,2006,271560722.0239779949
bel,2007,316954454.8022400141
bel,2008,347839811.0099939704
bel,2009,334478396.3147740364
bel,2010,326398212.2237039804
bel,2011,345541406.7157790065
bel,2012,319678877.0063529611
bel,2013,319179176.1562060118
bel,2014,300854551.9829220176
bel,2015,263079683.6245620251
bel,2016,250441666.7143930197
bel,2017,271161510.6461899877
blz,1990,2936051.6103679999
blz,1991,2834574.8554463601
blz,1992,2885854.8092354098
blz,1993,2859501.3251211299
blz,1994,2903213.4929167102
blz,1995,3150307.4100814201
blz,1996,3331291.9917259500
blz,1997,3404896.7762114201
blz,1998,3584045.7903459100
blz,1999,3571937.2121326700
blz,2000,3585062.0542740198
blz,2001,3637668.5946070501
blz,2002,3700023.7377305301
blz,2003,3594802.6764513003
blz,2004,3626569.7806110000
blz,2005,3650871.3710446600
blz,2006,3847621.8405573899
blz,2007,3980636.5838178499
blz,2008,4001886.0270660901
blz,2009,3901851.3129498302
blz,2010,3957067.6032700101
blz,2011,4167354.7549016401
blz,2012,4179816.0803837599
blz,2013,4216749.9329076000
blz,2014,4064820.7336696698
blz,2015,4151713.7372447997
blz,2016,4366212.0510645704
blz,2017,4475668.5225452008
ben,1990,70940134.8307743967
ben,1991,68724342.8038455993
ben,1992,56672671.5351041034
ben,1993,70783469.8348704129
ben,1994,47321332.9483840019
ben,1995,58196942.4288127050
ben,1996,58292404.3147507906
ben,1997,51298485.1194839999
ben,1998,51698063.8302332014
ben,1999,52788601.4209277034
ben,2000,47826775.3248405010
ben,2001,48192159.1323703974
ben,2002,54183590.2131377012
ben,2003,67408350.6265579909
ben,2004,75710427.3943971992
ben,2005,77490548.6347277910
ben,2006,79209242.6775327027
ben,2007,86028248.1069075018
ben,2008,98330532.3051760048
ben,2009,96784534.2291474938
ben,2010,94497435.0297635049
ben,2011,105849181.4157299995
ben,2012,110391782.4023820013
ben,2013,117200676.5026060045
ben,2014,115535256.8803850114
ben,2015,98288138.1840502918
ben,2016,95710931.3502924144
ben,2017,96281042.9566980004
btn,1990,11693606.0002708007
btn,1991,9375031.5861525498
btn,1992,8803117.8918911591
btn,1993,8003052.9150989903
btn,1994,8651175.9349233098
btn,1995,9205029.1817000303
btn,1996,9341334.6172313392
btn,1997,10481194.5373998005
btn,1998,10208569.7561776992
btn,1999,10452933.7560019996
btn,2000,10071314.0422144998
btn,2001,10389900.5062589999
btn,2002,10562624.0127018988
btn,2003,11261665.8392238989
btn,2004,11731617.7728359997
btn,2005,12434819.8393160012
btn,2006,12113265.4110201988
btn,2007,13548213.4013446998
btn,2008,13483873.9822896980
btn,2009,12715409.7560096979
btn,2010,14524821.8309813999
btn,2011,15866045.4249341972
btn,2012,13839817.9898639005
btn,2013,15043761.6916265991
btn,2014,16597659.0061588008
btn,2015,15415691.5677822996
btn,2016,15247603.6832626015
btn,2017,16836297.9486900009
bol,1990,95873065.1557703018
bol,1991,98529186.5008540899
bol,1992,98924478.5332494080
bol,1993,93631765.0930420011
bol,1994,89928610.5505407900
bol,1995,93313070.5343676955
bol,1996,94838125.5819679052
bol,1997,93809263.5236560106
bol,1998,90538457.5732430071
bol,1999,84003866.7596084177
bol,2000,79781897.8182324171
bol,2001,73258389.5908747017
bol,2002,66380545.4251217023
bol,2003,63462031.3392166048
bol,2004,62713629.8812862933
bol,2005,60831385.4141822979
bol,2006,64094693.1832401007
bol,2007,66471835.5683092028
bol,2008,74325475.4446422011
bol,2009,70492539.4776103050
bol,2010,72515061.7235192955
bol,2011,80273896.1793494970
bol,2012,82936684.3735872954
bol,2013,88442137.3257900029
bol,2014,86671403.0472600907
bol,2015,80188126.3732089102
bol,2016,79347569.2851781994
bol,2017,87382256.7594190985
bih,1994,5583906.9442265201
bih,1995,7218754.6826886898
bih,1996,7346843.7703859601
bih,1997,8519683.8426740989
bih,1998,9017707.4760143999
bih,1999,11884487.6894675996
bih,2000,15907014.9265713021
bih,2001,17596818.4712584987
bih,2002,20695420.6548998021
bih,2003,25774304.0986829996
bih,2004,31336022.8141033985
bih,2005,33543888.7176988050
bih,2006,38020806.2702267915
bih,2007,48094657.7803821042
bih,2008,53527119.5216064975
bih,2009,51133835.5882252976
bih,2010,48948343.2984834015
bih,2011,53517649.4500674009
bih,2012,48639060.1250367016
bih,2013,50836327.5781366006
bih,2014,50910907.0258029997
bih,2015,43104033.7011943981
bih,2016,45307744.8321340978
bih,2017,45781692.9856357053
bwa,1990,21160401.3425086997
bwa,1991,19852290.0727239996
bwa,1992,19588815.9975011982
bwa,1993,19104399.0418809988
bwa,1994,18215297.9937976003
bwa,1995,18390571.3544361033
bwa,1996,17153001.3871078007
bwa,1997,15533545.6464420017
bwa,1998,14288768.2855204996
bwa,1999,14612990.0324569009
bwa,2000,14273482.0712944008
bwa,2001,13292115.7991654016
bwa,2002,12670593.7699753009
bwa,2003,16962018.8639355004
bwa,2004,19296966.9548326991
bwa,2005,20511596.2000053003
bwa,2006,19826573.6856843010
bwa,2007,19095316.2872543968
bwa,2008,18246210.0543256029
bwa,2009,18497209.3880738989
bwa,2010,21561878.0525191016
bwa,2011,26575843.0880776010
bwa,2012,25193681.9921655990
bwa,2013,24740533.4708160013
bwa,2014,26986017.2094148993
bwa,2015,24473366.0937548988
bwa,2016,25218556.6917083003
bwa,2017,27624494.4183768965
bra,1990,2506579316.3357701302
bra,1991,2990669586.3600502014
bra,1992,1977321907.8092899323
bra,1993,2041828950.9479398727
bra,1994,2352334682.9620199203
bra,1995,2990188396.2920198441
bra,1996,3136359954.3600997925
bra,1997,3006343858.8841300011
bra,1998,2782478768.4109897614
bra,1999,1852289671.8196001053
bra,2000,1836309574.3489301205
bra,2001,1477487800.5459499359
bra,2002,1233915622.2704198360
bra,2003,1278057314.0441100597
bra,2004,1379529940.8483400345
bra,2005,1693697885.2588598728
bra,2006,2039588804.4967601299
bra,2007,2380659124.3036499023
bra,2008,2828027708.2429299355
bra,2009,2857864497.8639101982
bra,2010,3509461248.5367999077
bra,2011,4044559453.9955296516
bra,2012,3787025268.9884204865
bra,2013,3678518997.2271103859
bra,2014,3553664547.6908102036
bra,2015,2642911532.3157100677
bra,2016,2646154027.7951698303
bra,2017,3054843167.0739798546
brn,1990,3828889.7307174099
brn,1991,3896901.5670649800
brn,1992,4006939.5169779202
brn,1993,3747810.6150614298
brn,1994,3455619.3603025200
brn,1995,3634827.2001788099
brn,1996,3724959.1754756202
brn,1997,3749907.7195107299
brn,1998,2889176.7952457801
brn,1999,3150127.6019434198
brn,2000,3867060.0281216102
brn,2001,3453681.7254956202
brn,2002,3570178.1150356899
brn,2003,3983515.6859123600
brn,2004,4771092.3858694704
brn,2005,5759336.1309135398
brn,2006,6747904.3431344396
brn,2007,7212915.0268353904
brn,2008,8600734.6441015806
brn,2009,6642359.4461467601
brn,2010,8397553.3617842402
brn,2011,10973353.2585553005
brn,2012,11783764.2385378014
brn,2013,10210363.4212990999
brn,2014,8821317.3260043692
brn,2015,7211307.5526907798
brn,2016,5692063.8166652396
brn,2017,5980737.6919541797
bgr,1990,76743038.7148262113
bgr,1991,41164373.9980233982
bgr,1992,40478987.1520993933
bgr,1993,40857403.7721090987
bgr,1994,36047300.8333722055
bgr,1995,44178807.2997849956
bgr,1996,31531073.4275031984
bgr,1997,35900215.6706775054
bgr,1998,42207744.9116130024
bgr,1999,38019662.9584965035
bgr,2000,33872346.6782833040
bgr,2001,35254315.4819006026
bgr,2002,40831222.4523707926
bgr,2003,55238000.7562293932
bgr,2004,65820408.9836237952
bgr,2005,71719508.3940797001
bgr,2006,83911549.2701420933
bgr,2007,103060361.1253850013
bgr,2008,126054277.2886860073
bgr,2009,121468457.0379100144
bgr,2010,110947323.5322649926
bgr,2011,122967751.6625179946
bgr,2012,111146001.9961949885
bgr,2013,118540070.8211939931
bgr,2014,133582250.4198530018
bgr,2015,114507723.9965009987
bgr,2016,118084835.4892020077
bgr,2017,134249461.9327979982
bfa,1990,117806918.8973320127
bfa,1991,110098003.2486610115
bfa,1992,77663900.7515259087
bfa,1993,77757237.7381436974
bfa,1994,61669073.5650022924
bfa,1995,72431113.3242451996
bfa,1996,70185031.3918726146
bfa,1997,63465404.6198535040
bfa,1998,69014657.8261588961
bfa,1999,72369363.7033549994
bfa,2000,67560658.0979811996
bfa,2001,71109172.6501649022
bfa,2002,83030593.8445540965
bfa,2003,103877523.5215180069
bfa,2004,116102506.4530490041
bfa,2005,125118417.6967820078
bfa,2006,128951883.2700570077
bfa,2007,139493907.6399139762
bfa,2008,165910696.4456459880
bfa,2009,163872737.9625320137
bfa,2010,169454186.3208810091
bfa,2011,193167253.2467809916
bfa,2012,197441208.7829200029
bfa,2013,197650059.8363810182
bfa,2014,201002615.7908999920
bfa,2015,171538870.6236760020
bfa,2016,177261840.3357549906
bfa,2017,190761100.2978340089
bdi,1990,33894227.3730049953
bdi,1991,33322158.2072567008
bdi,1992,29741818.1029591970
bdi,1993,26822611.3591676019
bdi,1994,25576174.0366688035
bdi,1995,27824880.1990238056
bdi,1996,24298134.5973821022
bdi,1997,25557533.2953036986
bdi,1998,21310742.0819008984
bdi,1999,18716140.0326481983
bdi,2000,19711107.4486290999
bdi,2001,19076385.0124026984
bdi,2002,17555554.9585684985
bdi,2003,16832432.5541015007
bdi,2004,19064631.3883689009
bdi,2005,23869055.3274828978
bdi,2006,25885729.9067297988
bdi,2007,25212053.8274822980
bdi,2008,27059367.5694072992
bdi,2009,26981347.4925533980
bdi,2010,27778852.0645895004
bdi,2011,30034304.1292692982
bdi,2012,30506864.8912849985
bdi,2013,31288769.3976360001
bdi,2014,33680816.5716352016
bdi,2015,40016446.7653765008
bdi,2016,37559984.4813859016
bdi,2017,39947341.6019800007
cpv,1990,2819356.9677953701
cpv,1991,2757958.5973643996
cpv,1992,2793274.7072858699
cpv,1993,3630793.0363844601
cpv,1994,2676142.3767880201
cpv,1995,3023536.8194453199
cpv,1996,3208571.3519751802
cpv,1997,3073128.4043230698
cpv,1998,3052630.6108017298
cpv,1999,3307856.7870823401
cpv,2000,2646537.0001055002
cpv,2001,2726675.5811120900
cpv,2002,2844132.3044945002
cpv,2003,3441847.0210380899
cpv,2004,3402774.1651422898
cpv,2005,3196216.8477270002
cpv,2006,3356696.0416610902
cpv,2007,3972190.4279522900
cpv,2008,4438181.3241616497
cpv,2009,4300587.5705478499
cpv,2010,4221702.4649790199
cpv,2011,4648594.2063881699
cpv,2012,4447573.5507067302
cpv,2013,4523340.8601835696
cpv,2014,4467005.9433313198
cpv,2015,3857461.2007907098
cpv,2016,3687309.8698418001
cpv,2017,3773924.8313893299
khm,1993,65783572.7440807000
khm,1994,93846701.1522360891
khm,1995,96387913.7759295851
khm,1996,88820707.4078748971
khm,1997,78830415.7486754954
khm,1998,59645064.2800487950
khm,1999,57683833.6274145991
khm,2000,52545204.0014382973
khm,2001,52469524.5068148971
khm,2002,53280960.1111890003
khm,2003,55212040.5106244013
khm,2004,59316475.1465969980
khm,2005,64449763.7375307009
khm,2006,71089668.9865920097
khm,2007,82983635.0989740044
khm,2008,96360090.2789186984
khm,2009,94711787.3511165828
khm,2010,94050195.7189684063
khm,2011,96342097.5354689956
khm,2012,92433583.0402249992
khm,2013,91058651.1994352043
khm,2014,95720053.4769045860
khm,2015,99623792.6663237959
khm,2016,107191977.8590250015
khm,2017,116255990.1586569995
cmr,1990,196999065.2035320103
cmr,1991,223075826.4071419835
cmr,1992,208004577.0494820178
cmr,1993,301656096.7086549997
cmr,1994,198350544.5530399978
cmr,1995,163246205.4265629947
cmr,1996,164415270.8847280145
cmr,1997,157775437.1707890034
cmr,1998,146872104.9918449819
cmr,1999,149225414.2830120027
cmr,2000,132577490.3277209997
cmr,2001,131122561.1457770020
cmr,2002,146108248.9971509874
cmr,2003,176631259.5450719893
cmr,2004,199746838.1173870265
cmr,2005,204201587.1081669927
cmr,2006,217634958.7524409890
cmr,2007,241579858.6734819710
cmr,2008,279782760.9530609846
cmr,2009,275797315.0042290092
cmr,2010,272790454.3621619940
cmr,2011,295562682.9149740338
cmr,2012,283740544.1551660299
cmr,2013,295057274.8955640197
cmr,2014,294698824.4330410361
cmr,2015,251814329.4565689862
cmr,2016,256499421.2759839892
cmr,2017,262203191.5539930165
can,1990,506117513.3226389885
can,1991,508600869.8254820108
can,1992,481920112.1027639508
can,1993,445644866.4408349395
can,1994,430181808.9956150055
can,1995,416178978.1194589734
can,1996,422326531.7984409928
can,1997,422801226.9198939800
can,1998,395473497.1043779850
can,1999,403293599.6821979880
can,2000,415528485.3801220059
can,2001,412485612.1562560201
can,2002,441233053.0649769306
can,2003,544958591.9801160097
can,2004,601114621.0335910320
can,2005,681829413.8031650782
can,2006,743207099.5928469896
can,2007,838350547.3573349714
can,2008,913254862.5109419823
can,2009,841112732.0517749786
can,2010,950723519.8492730856
can,2011,1033181665.9826900959
can,2012,1018390172.8923300505
can,2013,995624302.1146380901
can,2014,975642840.3520159721
can,2015,828920374.4882929325
can,2016,736018151.9685850143
can,2017,776385264.7422070503
caf,1990,16223670.6547691002
caf,1991,15759403.5870988015
caf,1992,16808755.5869941004
caf,1993,15143102.9198742006
caf,1994,9551631.9666265007
caf,1995,11440012.6841471978
caf,1996,10602075.6628133003
caf,1997,9265449.2151023503
caf,1998,9110951.4802757408
caf,1999,9163932.3233291805
caf,2000,8455409.2366594393
caf,2001,8350276.8261647597
caf,2002,8743502.6514912192
caf,2003,10690030.5580879003
caf,2004,11164273.3893056009
caf,2005,11706954.1412595995
caf,2006,11892437.4236488007
caf,2007,12491409.0911145005
caf,2008,13823434.0092364997
caf,2009,13021764.5363820996
caf,2010,12011210.7516399007
caf,2011,12900896.1168685984
caf,2012,12229864.8751270995
caf,2013,12555038.9553664010
caf,2014,13106072.0527271982
caf,2015,11403510.5580390003
caf,2016,11338091.1671686992
caf,2017,11268728.0662189014
tcd,1990,66126226.5245717019
tcd,1991,68081370.8073955029
tcd,1992,65778436.9954824969
tcd,1993,61130517.5757051036
tcd,1994,45141326.2343893945
tcd,1995,55839515.6253293976
tcd,1996,62536786.6204892099
tcd,1997,57861632.0973889008
tcd,1998,65634710.3658740968
tcd,1999,60712610.3999245018
tcd,2000,58094945.2459499985
tcd,2001,68961106.7597320974
tcd,2002,78963601.4920139015
tcd,2003,102626494.5486329943
tcd,2004,134876957.4737440050
tcd,2005,190971071.4447770119
tcd,2006,234031059.3540669978
tcd,2007,292338484.2626810074
tcd,2008,351672545.1166639924
tcd,2009,312962794.1964190006
tcd,2010,325962158.0002569556
tcd,2011,375163679.6571359634
tcd,2012,358465052.9167339802
tcd,2013,371266886.3698170185
tcd,2014,383693192.8004270196
tcd,2015,304819062.3185120225
tcd,2016,303390985.4010390043
tcd,2017,299915988.4734849930
chl,1990,73771387.8621012866
chl,1991,72251450.4085539132
chl,1992,77434942.0335032940
chl,1993,79697088.5573492050
chl,1994,90211752.8627199084
chl,1995,113782995.1118730009
chl,1996,118357041.9508169889
chl,1997,121041813.0779129863
chl,1998,116920249.4978149831
chl,1999,107646381.9672629982
chl,2000,102269484.4432680011
chl,2001,94547061.8032282889
chl,2002,86981764.8836989999
chl,2003,94289818.5412482917
chl,2004,115480480.4299879819
chl,2005,136690467.8989050090
chl,2006,165573470.7152050138
chl,2007,180278571.8412639797
chl,2008,183467986.8410959840
chl,2009,192252517.4410009980
chl,2010,242024667.0330859721
chl,2011,280471280.1941990256
chl,2012,287789948.8277300000
chl,2013,293855745.5456069708
chl,2014,271827881.9289990067
chl,2015,254919735.8791950047
chl,2016,262975559.5866729915
chl,2017,298011489.5900020003
chn,1990,3688346551.2494702339
chn,1991,3658609126.9512100220
chn,1992,3650699272.5770897865
chn,1993,3387488226.0075898170
chn,1994,3861360787.0362896919
chn,1995,4837926877.4925498962
chn,1996,5517200914.7185602188
chn,1997,5927277569.1027002335
chn,1998,6114856661.5668601990
chn,1999,6198061186.8372602463
chn,2000,6368250945.6557397842
chn,2001,6427382236.7779598236
chn,2002,6469015650.7439794540
chn,2003,6663826535.3701601028
chn,2004,7359871743.0768203735
chn,2005,7951200722.3284091949
chn,2006,8692904212.0566291809
chn,2007,10287018547.1737995148
chn,2008,12943024951.4188003540
chn,2009,14225255856.2294006348
chn,2010,16613405095.2243003845
chn,2011,20577928235.4245986938
chn,2012,23289550356.3718986511
chn,2013,26779910130.0985984802
chn,2014,29740767662.7995986938
chn,2015,32355746169.6685981750
chn,2016,32096258183.2392005920
chn,2017,34017780548.8163986206
col,1990,154894453.2581039965
col,1991,161634984.8659240007
col,1992,185642542.0193699896
col,1993,197557837.4264320135
col,1994,232623082.9980959892
col,1995,253656497.6273910105
col,1996,268977039.1034860015
col,1997,283340308.4152390361
col,1998,260133338.6868920028
col,1999,234344226.3668420017
col,2000,256140845.7416509688
col,2001,239858402.9593649805
col,2002,239543607.7491759658
col,2003,208640985.1215389967
col,2004,234528040.8889529705
col,2005,261353824.2039830089
col,2006,275051420.5951809883
col,2007,318303280.6404870152
col,2008,369640315.3844079971
col,2009,375960721.1067460179
col,2010,437410656.9151909947
col,2011,457824803.2855599523
col,2012,473679135.9173089862
col,2013,446554703.5261490345
col,2014,424980289.3811150193
col,2015,321626259.3797770143
col,2016,306850446.5229470134
col,2017,345085156.7165420055
com,1990,19138127.9769726992
com,1991,18832249.4421351999
com,1992,18397464.8638208024
com,1993,17456286.3192327991
com,1994,12584160.0358386990
com,1995,14513850.4928498995
com,1996,13894472.2857232001
com,1997,11682244.9301595986
com,1998,11003722.6423583012
com,1999,10686822.9644818995
com,2000,8396420.9376558494
com,2001,8683894.7982308492
com,2002,9243510.1066285707
com,2003,11214202.6761118006
com,2004,12222460.6694089994
com,2005,11559609.2407716997
com,2006,11475149.9873161986
com,2007,12220990.2603149991
com,2008,13051587.7110278010
com,2009,11902713.1859808005
com,2010,11117032.5311021991
com,2011,11657772.7967121992
com,2012,10980013.4336476997
com,2013,11016008.1234795991
com,2014,10876021.7566806003
com,2015,8949334.7937607504
com,2016,8741131.8330821209
com,2017,8682149.2913212012
cod,1990,304105355.8005710244
cod,1991,330232862.1902509928
cod,1992,302191307.3593379855
cod,1993,433947159.9186729789
cod,1994,235110517.6966910064
cod,1995,205388523.9959159791
cod,1996,190287747.0493820012
cod,1997,199753337.9701129794
cod,1998,205529468.5021129847
cod,1999,159839582.1390900016
cod,2000,677124888.4855769873
cod,2001,257622575.7265459895
cod,2002,278134447.7129930258
cod,2003,258900664.5122009814
cod,2004,267686538.0332850218
cod,2005,286878366.6970999837
cod,2006,327287429.3557389975
cod,2007,357725518.7625490427
cod,2008,408108497.1338410378
cod,2009,386918735.3037029505
cod,2010,432837523.3774639964
cod,2011,509558780.9802950025
cod,2012,564646439.2624889612
cod,2013,599624677.9639919996
cod,2014,624705431.3660629988
cod,2015,643207672.6344490051
cod,2016,620141025.4438079596
cod,2017,610593963.5499839783
cog,1990,70717404.9072901905
cog,1991,67269883.7234853059
cog,1992,69023114.6285247952
cog,1993,43506086.2756753936
cog,1994,43070048.1757286042
cog,1995,47944720.5173077062
cog,1996,52489681.8485819995
cog,1997,42773986.0957465023
cog,1998,35172368.7958973050
cog,1999,43629587.8321851045
cog,2000,51639023.1041563973
cog,2001,41017810.6611478999
cog,2002,41071849.8939381018
cog,2003,46491166.6594505012
cog,2004,58929133.8511295021
cog,2005,71911634.4521982074
cog,2006,82732678.3059311956
cog,2007,86724759.4649715871
cog,2008,111115326.6261759996
cog,2009,80788270.8271034062
cog,2010,90236030.1661472023
cog,2011,103454091.3963270038
cog,2012,95457173.4008722007
cog,2013,95413646.0565820932
cog,2014,89932126.6708672941
cog,2015,52105449.1050255001
cog,2016,56405003.2607022971
cog,2017,55551278.9683028907
cri,1990,12559991.6475580987
cri,1991,14398182.0855343025
cri,1992,14977568.0042065009
cri,1993,16006927.6444522012
cri,1994,18096465.6592172012
cri,1995,21057993.2621913962
cri,1996,19422184.3455326036
cri,1997,21587089.5970766991
cri,1998,21679951.6643199995
cri,1999,22348022.3347759992
cri,2000,19594369.2788898982
cri,2001,20692767.4199302010
cri,2002,20652851.0636516996
cri,2003,20057764.5885200016
cri,2004,21479347.8529661000
cri,2005,22415457.0819852985
cri,2006,24095392.1393184997
cri,2007,24604401.9456556030
cri,2008,27950862.2931693010
cri,2009,27192563.8990460001
cri,2010,37700269.3482876047
cri,2011,39801274.4050236046
cri,2012,47698139.5014123023
cri,2013,50074731.5169684961
cri,2014,49292762.5137782991
cri,2015,54260331.5188123956
cri,2016,53175015.9959890991
cri,2017,56746700.6227129027
civ,1990,256664500.0769299865
civ,1991,254186803.9894230068
civ,1992,272599058.7790350318
civ,1993,269799948.8683120012
civ,1994,194458868.8762649894
civ,1995,227618925.9324460030
civ,1996,220079684.0227339864
civ,1997,191594068.7455309927
civ,1998,187169812.4292550087
civ,1999,181752294.1256250143
civ,2000,162855936.6413730085
civ,2001,164484165.8294370174
civ,2002,179533960.3929739892
civ,2003,218913290.7652480006
civ,2004,228943750.9329020083
civ,2005,229789350.0195359886
civ,2006,238326274.4446529746
civ,2007,263305899.3275589943
civ,2008,296097278.8968399763
civ,2009,283300759.3212029934
civ,2010,281858486.2223520279
civ,2011,300575878.5449680090
civ,2012,304556007.4344429970
civ,2013,340550616.4851740003
civ,2014,355289680.5427160263
civ,2015,373980218.0865449905
civ,2016,310123569.0731279850
civ,2017,306582789.6283450127
hrv,1995,55157418.5054832026
hrv,1996,56055806.8861104995
hrv,1997,54206609.1905829981
hrv,1998,54729824.3571577966
hrv,1999,50025215.5969152004
hrv,2000,43757594.8081162050
hrv,2001,45393399.2175282016
hrv,2002,50444138.6007517055
hrv,2003,67104449.4262581021
hrv,2004,77520990.6414925903
hrv,2005,83224777.7718099952
hrv,2006,84964828.8373503983
hrv,2007,96344109.0032149106
hrv,2008,113172723.5813899934
hrv,2009,106763514.1173819900
hrv,2010,96596697.4935905933
hrv,2011,102203401.7679630071
hrv,2012,89640884.3706672043
hrv,2013,80027137.3420533985
hrv,2014,73476930.0888742954
hrv,2015,67426554.5983745903
hrv,2016,59013645.7611004040
hrv,2017,59984714.3947882950
cub,1990,64240231.7992380038
cub,1991,57424414.2308382913
cub,1992,56030767.6845550016
cub,1993,63107458.8511939943
cub,1994,77356676.4218187034
cub,1995,72889886.3221524954
cub,1996,52128407.9499567002
cub,1997,50946812.8930342942
cub,1998,53312314.4860469028
cub,1999,55325552.1869088039
cub,2000,54357420.7809543982
cub,2001,54572167.9951132014
cub,2002,53805336.4743470997
cub,2003,54698477.6721510962
cub,2004,54168465.2704323009
cub,2005,56240678.2716630027
cub,2006,61486244.5930992067
cub,2007,66483206.4373338968
cub,2008,69830416.7963882089
cub,2009,76776873.9313170016
cub,2010,78733387.0789097100
cub,2011,81552298.8973488957
cub,2012,87969361.2488729954
cub,2013,93283563.4087814093
cub,2014,96525515.6057262123
cub,2015,105714901.0398680121
cub,2016,111770463.2454020083
cub,2017,118719454.4669439942
cyp,1990,8366443.7525499500
cyp,1991,8634339.4390280098
cyp,1992,9629330.3682326898
cyp,1993,9080052.7101742402
cyp,1994,10082873.5976036992
cyp,1995,12396204.0997134000
cyp,1996,12755624.5430699009
cyp,1997,12700664.3923199996
cyp,1998,13381488.7376684994
cyp,1999,13536452.7192976996
cyp,2000,12486379.6450764015
cyp,2001,12887071.6048874017
cyp,2002,14032968.4867704008
cyp,2003,18764391.7855893001
cyp,2004,20715226.7358853966
cyp,2005,21582621.0143421032
cyp,2006,21883996.8023381010
cyp,2007,26187691.3673512004
cyp,2008,30413590.0152676031
cyp,2009,27853114.0678200014
cyp,2010,27118179.6798745990
cyp,2011,26634279.2578697987
cyp,2012,22823865.6304320022
cyp,2013,21945032.8031288981
cyp,2014,19995802.4193052016
cyp,2015,16176760.9639626015
cyp,2016,15281011.0965713989
cyp,2017,16559939.9697709996
cze,1990,76167906.7670319974
cze,1991,56726386.7748101056
cze,1992,63173887.0445896983
cze,1993,68536992.0578520000
cze,1994,76946408.9005555063
cze,1995,90257059.5231750011
cze,1996,97852459.6662487984
cze,1997,92000450.4007339925
cze,1998,93068385.9630282968
cze,1999,84930199.3699350953
cze,2000,75544245.9792699069
cze,2001,78156014.2045840025
cze,2002,95702541.9842392057
cze,2003,117336921.4944409877
cze,2004,131216116.1194929928
cze,2005,146377546.1941879988
cze,2006,157952385.2272509933
cze,2007,192901918.1189309955
cze,2008,244871643.9550649822
cze,2009,223739148.5569600165
cze,2010,215241288.5436289907
cze,2011,225525571.9258559942
cze,2012,199616129.1879610121
cze,2013,199930249.2421250045
cze,2014,185371490.8778969944
cze,2015,164251051.1169160008
cze,2016,167838561.7247070074
cze,2017,181705423.9892870188
dnk,1990,153106768.7468720078
dnk,1991,142829333.6504729986
dnk,1992,150523926.3861899972
dnk,1993,139719510.0876680017
dnk,1994,140454824.6104830205
dnk,1995,171387734.7098110020
dnk,1996,161088024.9945029914
dnk,1997,146159021.5368300080
dnk,1998,142678179.3603059947
dnk,1999,131841217.2531509995
dnk,2000,110702696.6462510079
dnk,2001,123227067.2688509971
dnk,2002,146965837.8948620260
dnk,2003,174236020.4445450008
dnk,2004,197476238.4592950046
dnk,2005,193675456.5635730028
dnk,2006,203921601.9280030131
dnk,2007,227782318.9408330023
dnk,2008,240863806.5698290169
dnk,2009,227810864.7884019911
dnk,2010,223919792.3369310200
dnk,2011,236256514.9277099967
dnk,2012,206930390.4039820135
dnk,2013,207169751.7983729839
dnk,2014,215386748.6650609970
dnk,2015,180456698.7668989897
dnk,2016,192683290.5087989867
dnk,2017,197524152.5558570027
dji,1990,7717787.7512310985
dji,1991,8181390.2264965503
dji,1992,8685893.8862117995
dji,1993,9309093.0648156703
dji,1994,9721911.5125320703
dji,1995,10135911.6925120000
dji,1996,10415344.8290151004
dji,1997,10364416.8525419999
dji,1998,10199634.2267356012
dji,1999,9748892.3687650505
dji,2000,9343134.5005848706
dji,2001,8855478.3961753193
dji,2002,8314296.4783495096
dji,2003,7908547.8271089802
dji,2004,7567995.3890500199
dji,2005,7311322.5249810498
dji,2006,7229146.7580217300
dji,2007,7299979.7738751601
dji,2008,7429548.4454378895
dji,2009,7379096.7147128796
dji,2010,7418054.2037250102
dji,2011,7608063.2899098797
dji,2012,7736713.8118814798
dji,2013,7539952.0156532498
dji,2014,7491194.0611382602
dji,2015,7636622.0544829797
dji,2016,7772716.2994845603
dji,2017,7717557.5944660604
dom,1990,47108696.7554128990
dom,1991,62921933.0959052965
dom,1992,63878327.3208931983
dom,1993,68256569.8347441107
dom,1994,73319985.8657788038
dom,1995,78373469.9819885045
dom,1996,82593931.8489419073
dom,1997,85694230.5289530009
dom,1998,87969431.6682198048
dom,1999,85579019.9382694066
dom,2000,89958368.3990789056
dom,2001,94286020.7757562995
dom,2002,98172536.2715388983
dom,2003,82237120.5780062079
dom,2004,87948861.5740330964
dom,2005,131201783.5901210010
dom,2006,134877011.4813709855
dom,2007,147313966.5406600237
dom,2008,151900226.7632429898
dom,2009,159859678.9449999928
dom,2010,170330739.9783580005
dom,2011,190445761.6921570003
dom,2012,203994870.8114689887
dom,2013,211289099.1578229964
dom,2014,212934093.0500980020
dom,2015,220571283.2517020106
dom,2016,222863794.0770089924
dom,2017,229541971.7035299838
ecu,1990,58754016.4234333038
ecu,1991,63651483.1655734032
ecu,1992,65596550.6493615955
ecu,1993,65057014.8854911029
ecu,1994,72436419.3301815987
ecu,1995,75341251.7124239057
ecu,1996,79298821.0403250009
ecu,1997,79179995.6608157903
ecu,1998,79762362.4092932045
ecu,1999,58234205.3762408942
ecu,2000,50883424.6130271032
ecu,2001,61044601.5468124971
ecu,2002,68507367.9362728000
ecu,2003,73989758.2393504083
ecu,2004,78953686.1116220951
ecu,2005,86867530.6226702929
ecu,2006,98715533.8723575920
ecu,2007,107308489.5856189877
ecu,2008,124254135.1703179926
ecu,2009,126853756.1091679931
ecu,2010,137762863.3391180038
ecu,2011,144056653.9546570182
ecu,2012,155595877.6668110192
ecu,2013,156676326.7387639880
ecu,2014,153640117.5906170011
ecu,2015,152530306.2241140008
ecu,2016,156488134.3763860166
ecu,2017,159922451.5664280057
egy,1990,751135426.9740639925
egy,1991,625422855.8477860689
egy,1992,642409666.2825509310
egy,1993,687411395.8665310144
egy,1994,729818451.5484579802
egy,1995,789731221.7492150068
egy,1996,813973688.8929339647
egy,1997,898372327.6540631056
egy,1998,902588508.0895990133
egy,1999,944102566.9862109423
egy,2000,933496528.2528461218
egy,2001,880179701.8393961191
egy,2002,769130818.9857980013
egy,2003,735089128.5752149820
egy,2004,673684080.2661000490
egy,2005,725306871.0487879515
egy,2006,813141210.4694499969
egy,2007,893669628.0376249552
egy,2008,1020822698.1374199390
egy,2009,1175853596.5729899406
egy,2010,1331854986.7502300739
egy,2011,1388274041.7177000046
egy,2012,1713993655.2465100288
egy,2013,1801763935.8829698563
egy,2014,1920487521.9702999592
egy,2015,2241410165.8906803131
egy,2016,2214834694.2788000107
egy,2017,1506054380.6619699001
slv,1990,43791574.2300257012
slv,1991,47800174.4882746041
slv,1992,48264539.8974640965
slv,1993,49169608.0533747002
slv,1994,54565140.7630034015
slv,1995,56519909.3905992061
slv,1996,57077074.3188323975
slv,1997,57924506.0779905990
slv,1998,60362006.7359339967
slv,1999,57667055.9997906983
slv,2000,55436101.6986175999
slv,2001,54852860.7569966018
slv,2002,53039187.6909340024
slv,2003,53870514.1196277961
slv,2004,54751369.5878717005
slv,2005,56011925.3636362925
slv,2006,55399767.9467182010
slv,2007,58563425.8253920078
slv,2008,58316546.7000610977
slv,2009,60449247.1110228002
slv,2010,57775140.9450206086
slv,2011,65951826.8869002908
slv,2012,66086302.4413198978
slv,2013,67780032.9043285996
slv,2014,69062607.7689976990
slv,2015,69986116.2371273935
slv,2016,69927791.0535783917
slv,2017,72606337.0359704942
gnq,1990,3975568.9321545800
gnq,1991,3956469.4118505400
gnq,1992,3860842.3458808302
gnq,1993,3757060.2073323997
gnq,1994,2544652.4729097402
gnq,1995,3336996.2653143699
gnq,1996,3956586.1795715601
gnq,1997,4337381.7533665597
gnq,1998,3933600.8584130900
gnq,1999,6681000.0147203105
gnq,2000,11119317.5204910003
gnq,2001,11363558.2011994999
gnq,2002,12860100.7065353021
gnq,2003,16955175.4348950014
gnq,2004,23634955.1282637008
gnq,2005,43590016.8209317997
gnq,2006,56140900.3325155005
gnq,2007,65725826.4541507959
gnq,2008,87185865.1435810030
gnq,2009,67408281.3949230015
gnq,2010,76241950.4350412041
gnq,2011,86441813.4970156997
gnq,2012,79832897.1833469123
gnq,2013,74459143.5539081991
gnq,2014,71331507.0618765056
gnq,2015,45383641.8692998961
gnq,2016,40209603.6083700955
gnq,2017,42453032.1924837977
eri,1992,16508953.4854189996
eri,1993,14970853.6422205996
eri,1994,15278975.2453240994
eri,1995,16832924.7025963031
eri,1996,18895424.2405598015
eri,1997,18685770.0320533030
eri,1998,20781898.2296350002
eri,1999,15724798.0934938025
eri,2000,19502303.9221107997
eri,2001,19566548.4298288971
eri,2002,18136272.1722125001
eri,2003,21453686.0618366040
eri,2004,26050700.8586970009
eri,2005,24165967.7804257981
eri,2006,25268923.9254101999
eri,2007,25807903.6589788981
eri,2008,28610319.6587628983
eri,2009,35270999.6722178012
eri,2010,38112989.3204497993
eri,2011,43155117.2004972994
est,1995,14052863.4283140991
est,1996,12724925.3861196004
est,1997,12547939.5290150996
est,1998,12722375.4821690004
est,1999,12489044.1974229012
est,2000,9756199.4075645991
est,2001,11856896.7902220003
est,2002,12107294.3985425998
est,2003,15880442.6943679992
est,2004,18342221.5475801043
est,2005,18348764.8096178025
est,2006,22322512.8305973038
est,2007,26665807.9064968005
est,2008,29451081.4744543992
est,2009,25317181.4851723984
est,2010,20763853.1739851981
est,2011,22538907.3463174999
est,2012,20632830.4233931042
est,2013,19983869.1447573975
est,2014,21768619.0636992007
est,2015,15566397.0715536978
est,2016,15963733.3942121975
est,2017,17821502.9984665997
swz,1990,23523916.4875601009
swz,1991,23263150.5631950013
swz,1992,24347868.3785631023
swz,1993,24285287.3097626977
swz,1994,24372165.1715006977
swz,1995,28063700.6949804984
swz,1996,25209341.1805419996
swz,1997,25695651.1860679984
swz,1998,22968932.6060993001
swz,1999,22517328.2316913009
swz,2000,25884234.2025074996
swz,2001,23172742.1210579984
swz,2002,21123072.8258351982
swz,2003,31649714.8912989013
swz,2004,39010231.3589472026
swz,2005,43026031.3219267949
swz,2006,42689067.3072553948
swz,2007,43680229.8636822999
swz,2008,41114341.1945612952
swz,2009,42646405.1705271006
swz,2010,48417781.7885349020
swz,2011,48071519.9227063954
swz,2012,43708151.0312647969
swz,2013,37327550.8020093963
swz,2014,33455334.4440973029
swz,2015,29444117.9052990004
swz,2016,25959443.4258153997
swz,2017,28377203.0260791034
eth,1990,325977728.6892620325
eth,1991,378120550.5887330174
eth,1992,316402521.6000069976
eth,1993,241609286.9280920029
eth,1994,174129959.7542839944
eth,1995,172038603.2936320007
eth,1996,166809997.3348279893
eth,1997,162460071.7075679898
eth,1998,145123224.2452600002
eth,1999,138344317.1789650023
eth,2000,142316050.0368889868
eth,2001,138911484.4758860171
eth,2002,128869620.8049050122
eth,2003,140938884.3096919954
eth,2004,143263331.0977480114
eth,2005,152161851.4114139974
eth,2006,159830148.9930570126
eth,2007,180739451.3769159913
eth,2008,227292727.1075960100
eth,2009,256245306.9840509892
eth,2010,212051088.4982970059
eth,2011,212431365.9249790013
eth,2012,272788931.5040220022
eth,2013,277437236.0885789990
eth,2014,303327802.7358840108
eth,2015,326593894.0987629890
eth,2016,343808855.9713039994
eth,2017,359615313.3757569790
fji,1990,14614227.1942036003
fji,1991,15366731.2838991005
fji,1992,15951542.8511159997
fji,1993,16970454.6636121012
fji,1994,18301390.0787817985
fji,1995,19452609.8860545009
fji,1996,20820629.3883133009
fji,1997,21941732.4110771045
fji,1998,17311107.8580134995
fji,1999,19232026.3464422002
fji,2000,17196947.4134181999
fji,2001,16044774.1018183008
fji,2002,16710867.5262829009
fji,2003,20456556.4535413012
fji,2004,22486592.9114793986
fji,2005,24514112.5895590000
fji,2006,25744757.4230096973
fji,2007,29061112.4961864986
fji,2008,30050429.6265408993
fji,2009,24046059.6445113011
fji,2010,24748056.8616898023
fji,2011,28404703.7487524003
fji,2012,26800132.7897667997
fji,2013,24972321.1987266988
fji,2014,23885432.4757244997
fji,2015,23056673.4514249004
fji,2016,24865313.7213101983
fji,2017,26484054.1487975009
fin,1990,127661541.0678330064
fin,1991,109905819.4865550101
fin,1992,91835041.4624620974
fin,1993,67177111.7653012127
fin,1994,67279043.0746098012
fin,1995,80759408.2874285877
fin,1996,72350053.2768694907
fin,1997,67413823.2172306031
fin,1998,65610306.6643363982
fin,1999,62699277.0276098028
fin,2000,57209182.8137553930
fin,2001,56068784.9823089987
fin,2002,59047898.4840911031
fin,2003,74020279.9909550101
fin,2004,83729484.5625742078
fin,2005,85104646.4661379009
fin,2006,86956733.4128429145
fin,2007,103983412.6472079903
fin,2008,116386162.2373979986
fin,2009,103803879.9947450012
fin,2010,100107913.9115390033
fin,2011,108456571.6834689975
fin,2012,91483774.1832786947
fin,2013,87705100.9942012131
fin,2014,90102464.5432949960
fin,2015,69690076.6999786049
fin,2016,66897705.8765019029
fin,2017,72159373.6884749979
fra,1990,811985110.8071010113
fra,1991,794559036.4164650440
fra,1992,854786450.4191910028
fra,1993,802936804.4759639502
fra,1994,800340864.7037429810
fra,1995,900935008.3755990267
fra,1996,924678973.6528069973
fra,1997,809933373.3780490160
fra,1998,843564610.7182919979
fra,1999,802025897.9110139608
fra,2000,705231338.2111530304
fra,2001,721249991.6699559689
fra,2002,803659294.5267369747
fra,2003,1008325781.3438301086
fra,2004,1088657956.5224099159
fra,2005,1121950110.8618800640
fra,2006,1139259569.2583401203
fra,2007,1285936649.0931098461
fra,2008,1429665164.4893200397
fra,2009,1399037396.8794999123
fra,2010,1360088614.1789200306
fra,2011,1465035817.2662498951
fra,2012,1348352872.6767799854
fra,2013,1375524501.1006698608
fra,2014,1274704155.4808301926
fra,2015,1115997619.5627999306
fra,2016,1047417225.3371099234
fra,2017,1076674157.3133199215
gab,1990,59711436.1380558982
gab,1991,48036824.4747017920
gab,1992,49018163.5193405971
gab,1993,35122813.7647426054
gab,1994,31452112.8037765026
gab,1995,33998479.8906936049
gab,1996,36293935.2513131052
gab,1997,31060154.3884276003
gab,1998,24175769.3459263965
gab,1999,26000672.2798280008
gab,2000,27083213.3355934992
gab,2001,24901478.9105006009
gab,2002,24737932.8086352982
gab,2003,28551433.1112104990
gab,2004,32461762.7188659981
gab,2005,37530496.5382491052
gab,2006,40146556.2401446998
gab,2007,42959768.7752787024
gab,2008,51283756.3135422021
gab,2009,36708593.2731176987
gab,2010,37829682.2259512022
gab,2011,43860326.1355277970
gab,2012,37685073.7322669029
gab,2013,35685298.9379198030
gab,2014,35706647.8304729015
gab,2015,27803813.0621780045
gab,2016,26270982.8726198003
gab,2017,27890214.4282210991
gmb,1990,15564911.5272881985
gmb,1991,32767144.5652760975
gmb,1992,32264311.8663015030
gmb,1993,32666018.7556749992
gmb,1994,30895184.1358489990
gmb,1995,30784069.5280840024
gmb,1996,30995434.1596991010
gmb,1997,26666799.4363887012
gmb,1998,25658107.9670211039
gmb,1999,22799461.2946208008
gmb,2000,20769573.0616738014
gmb,2001,17742344.8100533038
gmb,2002,15355625.2566852998
gmb,2003,11861658.5206645988
gmb,2004,13111169.7740610987
gmb,2005,13584345.8621683009
gmb,2006,13055850.1287654992
gmb,2007,14388250.8640216012
gmb,2008,15628125.9885920994
gmb,2009,13037842.4285544995
gmb,2010,12783172.6466581002
gmb,2011,12613149.0655875001
gmb,2012,12361847.7502905987
gmb,2013,17750875.2580868974
gmb,2014,16330615.6369741000
gmb,2015,16948942.6672031023
gmb,2016,17203564.5752416998
gmb,2017,16958852.5731271990
geo,1990,75204490.2170644104
geo,1991,68549285.1867420971
geo,1992,60681741.5173620954
geo,1993,51939140.0164451003
geo,1994,48416523.9345446080
geo,1995,35199242.2395127043
geo,1996,27569652.8804104999
geo,1997,25894027.2048055008
geo,1998,27000905.8870266005
geo,1999,20465026.0523084998
geo,2000,23180225.6243779995
geo,2001,23249181.6865951009
geo,2002,22202680.5329809003
geo,2003,20801085.5206440017
geo,2004,22772787.5057753026
geo,2005,23102220.8334553987
geo,2006,23825561.6872773990
geo,2007,27840974.0515350997
geo,2008,38439217.7876771018
geo,2009,40074881.9574723989
geo,2010,44824200.2466128021
geo,2011,58280924.6339172944
geo,2012,66324273.0937342048
geo,2013,72547604.6198478937
geo,2014,72502837.1968484968
geo,2015,63857443.5560083017
geo,2016,70541443.3940962106
geo,2017,74619976.0471892953
deu,1990,2655928659.8155798912
deu,1991,2536516459.6285200119
deu,1992,2665558051.3086400032
deu,1993,2527560919.0365700722
deu,1994,2554612834.9588699341
deu,1995,2836837976.3698601723
deu,1996,2696949555.4710602760
deu,1997,2278443962.4553198814
deu,1998,2167295663.9062900543
deu,1999,2058380844.4287199974
deu,2000,1769210416.1963100433
deu,2001,1711668888.3799901009
deu,2002,1851158935.6334500313
deu,2003,2265925492.1412801743
deu,2004,2456273574.4377999306
deu,2005,2531775953.7559499741
deu,2006,2494928019.7999897003
deu,2007,2779894185.4402699471
deu,2008,3015853693.3537697792
deu,2009,2961641408.4893798828
deu,2010,2839802436.8468499184
deu,2011,3043707279.1963801384
deu,2012,2773606399.8803601265
deu,2013,3015492830.3618898392
deu,2014,3012291276.1660900116
deu,2015,2687650298.3540201187
deu,2016,2779991338.5148601532
deu,2017,2963375698.7975697517
gha,1990,102343012.5883910060
gha,1991,108933282.5955839902
gha,1992,95446462.7870495915
gha,1993,78686049.8050592095
gha,1994,68568324.1505329907
gha,1995,76381272.8675367981
gha,1996,75344388.9055959135
gha,1997,72571160.5154492855
gha,1998,78640781.9217117131
gha,1999,79876798.0839045942
gha,2000,50711189.4025037065
gha,2001,54143485.8654932007
gha,2002,62203846.6513994038
gha,2003,76216357.8315616995
gha,2004,85092422.3834557980
gha,2005,99346638.6963737905
gha,2006,179693045.9956830144
gha,2007,207409473.2565000057
gha,2008,212596350.2154830098
gha,2009,187512222.9526810050
gha,2010,220366339.1989020109
gha,2011,252257829.0502040088
gha,2012,261374322.8554799855
gha,2013,390442399.3671320081
gha,2014,337278990.9861209989
gha,2015,329682950.6598449945
gha,2016,373797687.4867500067
gha,2017,367952414.7710739970
grc,1990,161095340.3867340088
grc,1991,166953652.2542690039
grc,1992,188715282.3725529909
grc,1993,170136440.8271529973
grc,1994,183223655.0729389787
grc,1995,210461811.4672619998
grc,1996,219490249.1925509870
grc,1997,200785282.1743969917
grc,1998,187960721.0104719996
grc,1999,184215757.6332739890
grc,2000,161404852.9303750098
grc,2001,161501286.2278710008
grc,2002,176856941.3493160009
grc,2003,235726949.7544040084
grc,2004,268528085.6611799598
grc,2005,284675930.8954390287
grc,2006,303189239.7687330246
grc,2007,363807927.3223930001
grc,2008,403048531.1813709736
grc,2009,390268300.5415939689
grc,2010,354632238.5063109994
grc,2011,358871379.5346049666
grc,2012,291571295.5717710257
grc,2013,260625702.5314539969
grc,2014,237821183.3102049828
grc,2015,196662916.4084779918
grc,2016,185945791.2871710062
grc,2017,194074959.1473020017
gum,2002,13081229.6927556992
gum,2003,14204789.9614503030
gum,2004,14429756.3806343023
gum,2005,15192665.2933459021
gum,2006,16071971.6087381989
gum,2007,16866155.8770456985
gum,2008,17655920.7971826009
gum,2009,18940258.9821528979
gum,2010,19740511.0862603970
gum,2011,21085975.2073209994
gum,2012,22141191.4896957017
gum,2013,22596477.6020236984
gum,2014,22965227.8751449995
gum,2015,24647966.6327394992
gum,2016,23957608.8955852985
gum,2017,23962198.6339149997
gtm,1990,151348970.3713780046
gtm,1991,183946214.7070070207
gtm,1992,200043337.5249679983
gtm,1993,212123840.2816630006
gtm,1994,231900954.0604319870
gtm,1995,239277337.6335250139
gtm,1996,250906282.2120879889
gtm,1997,286022466.8025970459
gtm,1998,300485421.9875749946
gtm,1999,266505338.7143120170
gtm,2000,274967532.9213280082
gtm,2001,249864739.8910290003
gtm,2002,252527675.4301190078
gtm,2003,247941541.5025279820
gtm,2004,248470163.7097279727
gtm,2005,253613905.0460709929
gtm,2006,256965280.3693329990
gtm,2007,257082473.5213569701
gtm,2008,274688950.9959250093
gtm,2009,260346435.2161240280
gtm,2010,268830546.5014299750
gtm,2011,291863943.1334270239
gtm,2012,296571246.8879150152
gtm,2013,286781501.7497829795
gtm,2014,294084478.1251149774
gtm,2015,311475340.0696620345
gtm,2016,323138481.5691030025
gtm,2017,352421011.6611769795
gin,1990,88796142.2715762109
gin,1991,95891374.4359819889
gin,1992,101081984.8970219940
gin,1993,95305369.0843567997
gin,1994,93274004.6771177948
gin,1995,94557152.7125511020
gin,1996,92680431.8636505008
gin,1997,83502172.6892697066
gin,1998,74018107.6469886005
gin,1999,66622927.6675089970
gin,2000,53556788.4750051051
gin,2001,47050608.0728642941
gin,2002,45313759.4033799022
gin,2003,52730430.1148052961
gin,2004,56597292.6205560043
gin,2005,43881357.5514969975
gin,2006,63570725.3721614033
gin,2007,89579731.5510327071
gin,2008,94123211.0658137053
gin,2009,89979850.6814517975
gin,2010,88216846.5730354041
gin,2011,81210341.5651616007
gin,2012,83925679.3943970948
gin,2013,89644570.6750950962
gin,2014,88836482.1161714941
gin,2015,86283223.1684535891
gin,2016,78038672.4752025008
gin,2017,86392097.1631267071
gnb,1990,7965073.8477362003
gnb,1991,7996611.5538334204
gnb,1992,6948045.2591507398
gnb,1993,7056958.1753572803
gnb,1994,6695121.9606467998
gnb,1995,6872662.3004883099
gnb,1996,6583431.4242125601
gnb,1997,6169651.4780463902
gnb,1998,6252730.5915151900
gnb,1999,6530121.3749689702
gnb,2000,10413940.4908310995
gnb,2001,10317055.5605208017
gnb,2002,10153189.9131179992
gnb,2003,11152870.4323711991
gnb,2004,11560192.2922824994
gnb,2005,11281407.6994506996
gnb,2006,10477489.7386499997
gnb,2007,12479293.3350104000
gnb,2008,14498509.3818526976
gnb,2009,12944993.6925731990
gnb,2010,12362268.4307524003
gnb,2011,14599176.0729155000
gnb,2012,12898110.5650904011
gnb,2013,13485801.0513898004
gnb,2014,13360748.3380814996
gnb,2015,12360082.4702806007
gnb,2016,12992928.6439250000
gnb,2017,13959624.2388867009
guy,1990,2569904.0833456898
guy,1991,2055405.9853337300
guy,1992,1920848.1174033401
guy,1993,2186863.6138158902
guy,1994,2378761.2888634000
guy,1995,2762549.9410719201
guy,1996,3075843.6509517101
guy,1997,3421034.3158886400
guy,1998,3484784.9954352900
guy,1999,3237722.1905422602
guy,2000,3406230.2199532199
guy,2001,3224231.3977547199
guy,2002,3197237.6942448299
guy,2003,3252714.3432527399
guy,2004,3375278.8474439001
guy,2005,3596697.9277554001
guy,2006,5932133.9028790798
guy,2007,6424008.8336886903
guy,2008,6822129.7228011703
guy,2009,7076436.9584763199
guy,2010,8011465.6382689700
guy,2011,9155781.6554741096
guy,2012,9982022.7845761795
guy,2013,9872402.2374970093
guy,2014,9761857.6041717995
guy,2015,9995898.8296773192
guy,2016,10575256.4314075001
guy,2017,10736345.6940393001
hti,1990,98457579.7993815988
hti,1991,106050979.4072949886
hti,1992,70173388.3172048926
hti,1993,58823081.4963357076
hti,1994,72727820.5412966013
hti,1995,81723260.6471474916
hti,1996,76882533.9502910078
hti,1997,83160983.7794069052
hti,1998,88171798.6920990944
hti,1999,96399340.9027507901
hti,2000,89076640.6098130941
hti,2001,81213181.2055560052
hti,2002,77653068.7419448048
hti,2003,64306225.4096655995
hti,2004,76369019.4819414020
hti,2005,88865366.8134229928
hti,2006,92363899.8108090907
hti,2007,106547123.5946349949
hti,2008,115452756.8769600093
hti,2009,112132337.6727320105
hti,2010,71409622.2937255055
hti,2011,123897992.8903530091
hti,2012,124967458.8686389923
hti,2013,128345436.3529669940
hti,2014,128578754.1564580053
hti,2015,126293176.6741620153
hti,2016,112728381.3797309995
hti,2017,116799381.3428889960
hnd,1990,50416647.6575972959
hnd,1991,46553388.1890243962
hnd,1992,46462433.1597127020
hnd,1993,42285845.6959773973
hnd,1994,38697005.5701325014
hnd,1995,41985621.6816423982
hnd,1996,39401494.0207082033
hnd,1997,40683787.5612498969
hnd,1998,40200450.8010094985
hnd,1999,41712169.2341186032
hnd,2000,41240946.9560839012
hnd,2001,41780827.9008193016
hnd,2002,41139876.3866118938
hnd,2003,41847856.1938332915
hnd,2004,43866893.0969357938
hnd,2005,46379364.0471331030
hnd,2006,49628578.2596922964
hnd,2007,54111853.9867307022
hnd,2008,58764566.8715995997
hnd,2009,65540540.3442709967
hnd,2010,68453876.3997543901
hnd,2011,75588985.3389753997
hnd,2012,72890709.3783910871
hnd,2013,74505636.6741213053
hnd,2014,75625209.6938439906
hnd,2015,79737346.0558653027
hnd,2016,75606042.6712614000
hnd,2017,76604845.4110331982
hun,1991,128352716.9406770021
hun,1992,148998094.9107339978
hun,1993,147905119.9447749853
hun,1994,139917034.8677070141
hun,1995,136411569.1736389995
hun,1996,114856314.2753590047
hun,1997,106835203.6688729972
hun,1998,105993733.2642250061
hun,1999,104181579.1816530079
hun,2000,93601430.4108421952
hun,2001,97518514.4980522990
hun,2002,121819467.6649590135
hun,2003,158710850.4910239875
hun,2004,191096579.1665729880
hun,2005,218470865.7132830024
hun,2006,215061342.9186980128
hun,2007,266432964.5304240286
hun,2008,281972664.1560209990
hun,2009,249083132.8346189857
hun,2010,232920487.3444480002
hun,2011,244183169.2274500132
hun,2012,210622314.2513729930
hun,2013,207726822.4397050142
hun,2014,209373831.9270769954
hun,2015,205881729.3875719905
hun,2016,195670095.1613909900
hun,2017,208225508.7990190089
isl,1990,7684631.0178833399
isl,1991,8166322.3741038200
isl,1992,8403975.5732626095
isl,1993,7520766.7941727303
isl,1994,7086332.8202640098
isl,1995,6834054.6754335603
isl,1996,7218096.8369212402
isl,1997,6665415.0675223898
isl,1998,7053954.0788525296
isl,1999,7034557.4644490900
isl,2000,6606886.6787827704
isl,2001,5689449.5246696100
isl,2002,6503212.6107186498
isl,2003,7657300.8998221904
isl,2004,8537618.6095926408
isl,2005,9767498.9764118697
isl,2006,9807589.3348996192
isl,2007,11169663.7643020004
isl,2008,9631767.7392942403
isl,2009,7881628.0409126300
isl,2010,8447246.2982285898
isl,2011,9027473.6033191904
isl,2012,7757485.6421930501
isl,2013,8131816.8109701499
isl,2014,9003754.4600108191
isl,2015,8762021.6759168003
isl,2016,9576815.2819675989
isl,2017,11229929.8856050000
ind,1990,7922295473.5774297714
ind,1991,6578291859.7988395691
ind,1992,6680467690.2212600708
ind,1993,6130639333.3418207169
ind,1994,6719176040.8519601822
ind,1995,6857156158.0303297043
ind,1996,7036897659.7992591858
ind,1997,7325530656.1917591095
ind,1998,7029651399.6688003540
ind,1999,7072091535.0095300674
ind,2000,6977658314.9830799103
ind,2001,6918130237.9706792831
ind,2002,6972912176.6046400070
ind,2003,7480194721.0495090485
ind,2004,7861904534.7603406906
ind,2005,8447003339.8114404678
ind,2006,8952686515.8793792725
ind,2007,11110505561.4664001465
ind,2008,11025590760.4710006714
ind,2009,12124873347.0021991730
ind,2010,15001671899.4361991882
ind,2011,16849954124.8258991241
ind,2012,17003759238.2133007050
ind,2013,16998634109.3306999207
ind,2014,17680317647.7784004211
ind,2015,17525578678.3286018372
ind,2016,18222873316.3950996399
ind,2017,20284120523.7406997681
idn,1990,1088086734.2711598873
idn,1991,1090739729.8708198071
idn,1992,1078518352.4778699875
idn,1993,1220880159.0209598541
idn,1994,1247060353.8823900223
idn,1995,1313841712.2896199226
idn,1996,1379779784.4217200279
idn,1997,1271748375.4289801121
idn,1998,644316565.4896570444
idn,1999,913770044.2634259462
idn,2000,979029948.6878080368
idn,2001,881645621.5634490252
idn,2002,1012374101.3659000397
idn,2003,1191125837.7950801849
idn,2004,1290054957.4386100769
idn,2005,1386978835.4389901161
idn,2006,1750769263.9378700256
idn,2007,2039148167.8897397518
idn,2008,2352008587.5454697609
idn,2009,2440943928.5595102310
idn,2010,3266166574.8692302704
idn,2011,3721641829.0799298286
idn,2012,3741284130.9936294556
idn,2013,3560469811.2767896652
idn,2014,3388323245.2737998962
idn,2015,3244761106.5911898613
idn,2016,3383082737.6613998413
idn,2017,3668084721.4645295143
irn,1990,729554293.4287570715
irn,1993,294493556.7908520103
irn,1994,329646942.4044160247
irn,1995,442684109.9667620063
irn,1996,511318479.0303629637
irn,1997,471350521.5970540047
irn,1998,447758592.6517200470
irn,1999,449391182.3374200463
irn,2000,394948902.5585390329
irn,2001,439449261.7840839624
irn,2002,399808872.4487049580
irn,2003,407395524.6023339629
irn,2004,463463230.0495160222
irn,2005,510574541.8332860470
irn,2006,547717591.0108599663
irn,2007,635509502.0698740482
irn,2008,704437653.7816250324
irn,2009,745833409.1295559406
irn,2010,837798292.2131069899
irn,2011,968448351.8229368925
irn,2012,1059892953.0819900036
irn,2013,788828858.4724680185
irn,2014,651874585.8123639822
irn,2015,568205941.1855549812
irn,2016,537756677.7027190924
irn,2017,561876345.4333019257
irq,1990,1152741606.2217600346
irq,2004,210650666.1793760061
irq,2005,253034003.7763859928
irq,2006,276132695.6376140118
irq,2007,351570325.8707349896
irq,2008,488468224.4570370317
irq,2009,420555913.3046209812
irq,2010,505149285.6567240357
irq,2011,643551779.9568219185
irq,2012,689896494.7911880016
irq,2013,679971360.6324330568
irq,2014,642556015.3436729908
irq,2015,483774955.8880929947
irq,2016,398086632.5493549705
irq,2017,457692699.2514280081
irl,1990,72143483.5183113962
irl,1991,69594996.2926752120
irl,1992,74826686.8989055008
irl,1993,65410048.6778540015
irl,1994,65469898.7968523949
irl,1995,73396915.3142822087
irl,1996,74353373.7702369988
irl,1997,73821976.0854330957
irl,1998,74347063.5464554131
irl,1999,76402475.6963164061
irl,2000,71013145.5879577994
irl,2001,70227986.2627975047
irl,2002,77362094.7850126028
irl,2003,88790328.2138535827
irl,2004,97572597.7550955862
irl,2005,99747224.8682297915
irl,2006,106014133.1868840009
irl,2007,123373009.2745760083
irl,2008,136827642.3587720096
irl,2009,125118641.3561159968
irl,2010,104972468.2850060016
irl,2011,114045759.8358509988
irl,2012,103190550.5324639976
irl,2013,107563705.0716100037
irl,2014,103931825.1807769984
irl,2015,101910388.5525369942
irl,2016,102180779.5604290068
irl,2017,114652218.6554699987
isr,1990,127754764.0846959949
isr,1991,135798614.8389990032
isr,1992,145603467.2460620105
isr,1993,134383491.0196209848
isr,1994,137734346.2439720035
isr,1995,146700667.2060120106
isr,1996,145640744.6044949889
isr,1997,142630673.9388760030
isr,1998,142470524.3183329999
isr,1999,138884146.9487499893
isr,2000,148852797.6631059945
isr,2001,150788476.4819810092
isr,2002,139235550.4542120099
isr,2003,139232722.7881489992
isr,2004,139135904.4231659770
isr,2005,142071843.5835189819
isr,2006,146100028.1645129919
isr,2007,161266069.7070070207
isr,2008,191867895.8312039971
isr,2009,177959846.1223610044
isr,2010,196308021.6722899973
isr,2011,222291181.8285209835
isr,2012,216489223.2342879772
isr,2013,246833742.2119140029
isr,2014,249007913.5941450298
isr,2015,247905492.3946039975
isr,2016,255324287.2376770079
isr,2017,284105634.0929399729
ita,1990,1486927777.7728600502
ita,1991,1570389100.1790900230
ita,1992,1517510923.1069300175
ita,1993,1142784456.9911599159
ita,1994,1108384837.5195598602
ita,1995,1074819182.9250099659
ita,1996,1158938335.9628698826
ita,1997,1076150127.0132100582
ita,1998,1045118438.7682400942
ita,1999,972844748.5137510300
ita,2000,825106063.1894599199
ita,2001,808063856.0678139925
ita,2002,879457135.2749599218
ita,2003,1082357366.6258599758
ita,2004,1146702254.7802000046
ita,2005,1115731121.7423801422
ita,2006,1142666058.5631599426
ita,2007,1269604990.7008800507
ita,2008,1392190919.6233301163
ita,2009,1322400308.2380099297
ita,2010,1225561298.2260899544
ita,2011,1356414783.7744100094
ita,2012,1244100237.5998399258
ita,2013,1295260716.6012301445
ita,2014,1315103545.7471599579
ita,2015,1158786450.7683999538
ita,2016,1089757831.4051699638
ita,2017,1142067525.8385500908
jam,1990,13515667.7624996006
jam,1991,10946756.7792214006
jam,1992,9659441.3472884502
jam,1993,13759592.4931994025
jam,1994,13891790.2200390995
jam,1995,16967499.2181063034
jam,1996,19813976.3348535001
jam,1997,23380986.0620964989
jam,1998,25154367.0870397016
jam,1999,25676394.4610173963
jam,2000,24855417.6385213025
jam,2001,23933771.5181644000
jam,2002,22908308.6240026988
jam,2003,19889155.9251721017
jam,2004,19448732.3332161009
jam,2005,20553807.7442293987
jam,2006,20926817.9783836044
jam,2007,24498760.4333951995
jam,2008,27884634.2175557986
jam,2009,27280155.0713728964
jam,2010,27798900.0324197039
jam,2011,30491228.9528015032
jam,2012,32720536.6104701981
jam,2013,33267157.1501645036
jam,2014,33400434.5623287000
jam,2015,35063776.3261426017
jam,2016,34277063.1758136004
jam,2017,36218398.8570847064
jpn,1990,4355948729.2016105652
jpn,1991,5035898317.8159294128
jpn,1992,5571376566.6432294846
jpn,1993,6385409358.8436498642
jpn,1994,6818364097.9346294403
jpn,1995,7573157214.3976001740
jpn,1996,6381696311.8879795074
jpn,1997,5749889103.2116203308
jpn,1998,5436736373.8058395386
jpn,1999,6214825453.6034297943
jpn,2000,6174889683.0035104752
jpn,2001,5281256879.2072000504
jpn,2002,4858024808.6530895233
jpn,2003,5134739771.5661602020
jpn,2004,5296682325.7474393845
jpn,2005,5215472872.3592395782
jpn,2006,4768686965.2207002640
jpn,2007,4705483494.8055295944
jpn,2008,5245286404.2823400497
jpn,2009,5612229249.4157199860
jpn,2010,5725598319.7894201279
jpn,2011,6137564515.0306396484
jpn,2012,5651979739.1427793503
jpn,2013,4625531643.2352504730
jpn,2014,4180690955.2425103188
jpn,2015,3708404925.4689602852
jpn,2016,3974908641.5772600174
jpn,2017,3932333427.5468397141
jor,1990,27000661.5109928995
jor,1991,27750675.0684153028
jor,1992,27464821.3860931993
jor,1993,28263996.1052139997
jor,1994,29445232.5760026984
jor,1995,29156361.2644799016
jor,1996,29327146.3249858990
jor,1997,28479675.4633777998
jor,1998,29274948.5836086012
jor,1999,28685124.6725693978
jor,2000,28119810.9713531993
jor,2001,27235633.2659638003
jor,2002,27842088.3714702986
jor,2003,27741277.7913138978
jor,2004,29311725.2313926034
jor,2005,31155137.9887359999
jor,2006,36076612.4437927008
jor,2007,39977832.2091381028
jor,2008,47251674.0588864014
jor,2009,50916068.8401623964
jor,2010,54618997.3570386991
jor,2011,56870762.3936066031
jor,2012,58568432.8119706064
jor,2013,55915631.3528735936
jor,2014,59949384.3048879057
jor,2015,64061314.9111808985
jor,2016,66384969.9222567007
jor,2017,69717809.8898492903
kaz,1990,131254802.8288509995
kaz,1991,126895857.4011929929
kaz,1992,135056564.0359189808
kaz,1993,145762323.0841889977
kaz,1994,146638608.7724820077
kaz,1995,146266543.2915340066
kaz,1996,145644409.9363870025
kaz,1997,138802148.2018179893
kaz,1998,126082899.3156350106
kaz,1999,88580895.3695805073
kaz,2000,86549574.9603832960
kaz,2001,93284694.7752915025
kaz,2002,92303651.0955484062
kaz,2003,106438555.4622589946
kaz,2004,133409308.1649200022
kaz,2005,166517323.9130640030
kaz,2006,222045301.5239220262
kaz,2007,277547962.6620630026
kaz,2008,321129944.1130950451
kaz,2009,249778741.0187599957
kaz,2010,296060794.6539369822
kaz,2011,350596605.9959340096
kaz,2012,336026604.6414520144
kaz,2013,347949519.2672640085
kaz,2014,291042369.3446940184
kaz,2015,238802249.2826669812
kaz,2016,173054128.4936299920
kaz,2017,207993496.6111269891
ken,1990,125915307.6316570044
ken,1991,114473593.5812820047
ken,1992,110022074.2141870111
ken,1993,72999474.7226568013
ken,1994,84847741.9378912896
ken,1995,98511130.6926552057
ken,1996,120555064.4805949926
ken,1997,127244273.0195169896
ken,1998,130258425.9181019962
ken,1999,114963339.3809419870
ken,2000,113057211.0097590089
ken,2001,108049727.6717699915
ken,2002,108036716.2079630047
ken,2003,120451804.0764700025
ken,2004,124843302.8330320120
ken,2005,142062957.9733420014
ken,2006,189746329.0467970073
ken,2007,227881639.6664379835
ken,2008,260404896.9026180208
ken,2009,265234246.8179600239
ken,2010,272562803.0176549554
ken,2011,271582495.0011020303
ken,2012,309079239.7993000150
ken,2013,317202443.9939720035
ken,2014,332592605.7154290080
ken,2015,322806182.3866850138
ken,2016,342429197.4644200206
ken,2017,377287561.9071030021
kor,1990,748726509.5405490398
kor,1991,795899436.9155889750
kor,1992,780213261.6406719685
kor,1993,789040542.0392290354
kor,1994,864958909.0550220013
kor,1995,967336551.7405948639
kor,1996,992439561.6727221012
kor,1997,909991799.5212329626
kor,1998,641071157.0746740103
kor,1999,763375076.1193549633
kor,2000,822183792.1513220072
kor,2001,748887541.3147909641
kor,2002,829369919.9391349554
kor,2003,893697544.4671269655
kor,2004,996414361.4997380972
kor,2005,1130083364.7528200150
kor,2006,1231918286.0098698139
kor,2007,1344645419.7568199635
kor,2008,1178391246.9843499660
kor,2009,1075467973.4792599678
kor,2010,1239180295.5400400162
kor,2011,1338120389.8807499409
kor,2012,1329828764.4535598755
kor,2013,1447568095.3565900326
kor,2014,1486319467.1778199673
kor,2015,1426520005.1972999573
kor,2016,1353935969.5960698128
kor,2017,1477852857.3824598789
kwt,1990,23639229.4412852004
kwt,1991,17067505.2616661005
kwt,1992,16938665.8644024990
kwt,1993,19204344.8149226010
kwt,1994,22433485.6664953977
kwt,1995,28424970.1422553957
kwt,1996,40062915.9864852056
kwt,1997,44635115.1799752042
kwt,1998,38178163.5095447972
kwt,1999,47128609.7654173002
kwt,2000,54246864.9505686015
kwt,2001,46409841.0385743976
kwt,2002,47882609.3792182952
kwt,2003,50575016.4872829989
kwt,2004,60881563.8118872046
kwt,2005,84008732.2192889005
kwt,2006,109519885.7585079968
kwt,2008,171017127.8214530051
kwt,2011,174338310.2799249887
kwt,2012,193478147.1613650024
kwt,2013,195593421.6380790174
kwt,2014,179771368.3977389932
kwt,2015,135648057.1345320046
kwt,2016,125845419.5600800067
kwt,2017,144599487.8322689831
kgz,1990,40132589.3866982982
kgz,1991,37604146.6885909960
kgz,1992,34323880.9895149991
kgz,1993,33083138.2427486032
kgz,1994,32477240.5759164989
kgz,1995,29282505.2356539965
kgz,1996,26873202.1951724999
kgz,1997,22849077.3525233977
kgz,1998,20319424.2823559009
kgz,1999,14686267.4132591002
kgz,2000,14363148.5102688987
kgz,2001,14164668.7161474004
kgz,2002,14513740.8394823000
kgz,2003,15342065.4431274999
kgz,2004,15262197.9626024012
kgz,2005,16773989.3606809992
kgz,2006,19481775.9680551998
kgz,2007,22857819.0395369977
kgz,2008,25777891.3732041977
kgz,2009,21615385.1310935989
kgz,2010,21765434.2636112012
kgz,2011,24851244.6630738974
kgz,2012,24794523.7316561006
kgz,2013,24086427.4830727987
kgz,2014,22364739.2821578011
kgz,2015,19868375.5468887985
kgz,2016,19596905.6277882978
kgz,2017,21614607.5208089985
lao,1990,29103215.1672010012
lao,1991,33206623.5106317997
lao,1992,34369234.0924756005
lao,1993,38090857.1804269999
lao,1994,40892681.8815964013
lao,1995,44303579.2149957940
lao,1996,45063669.2778137028
lao,1997,43325253.2178715020
lao,1998,31074952.5302106030
lao,1999,33177846.4477062970
lao,2000,37756443.1132493988
lao,2001,36896133.7786021009
lao,2002,32962903.5673641972
lao,2003,35658172.8078441992
lao,2004,38698052.1474862024
lao,2005,40671349.7345047966
lao,2006,45884981.9032412991
lao,2007,50250765.2505254000
lao,2008,60799262.6352627948
lao,2009,60429373.8050392941
lao,2010,68491914.9538294971
lao,2011,78168534.6827245951
lao,2012,85779352.9210134000
lao,2013,93428527.6111252010
lao,2014,97054070.7929535955
lao,2015,98283299.5644551963
lao,2016,100958746.4507810026
lao,2017,101720330.8148810118
lva,1995,29348176.2206096016
lva,1996,25604429.7135034986
lva,1997,23017981.5491838008
lva,1998,21545430.6918090992
lva,1999,20799263.7873641998
lva,2000,18907149.2516278028
lva,2001,19570548.1578661986
lva,2002,23832204.1937771998
lva,2003,24792636.1051726975
lva,2004,32512181.1090051010
lva,2005,39328236.8531770036
lva,2006,54117810.8287277967
lva,2007,77383694.3802782893
lva,2008,92033952.8898849189
lva,2009,65173968.3883305043
lva,2010,53272275.3465804979
lva,2011,55930123.5400072038
lva,2012,52273901.0657742992
lva,2013,53453805.1241213977
lva,2014,50521203.8777493015
lva,2015,42486899.0484891012
lva,2016,42895039.5313647985
lva,2017,46477235.4292107970
lbn,1990,19885889.1148702987
lbn,1991,26950293.5013993010
lbn,1992,30992890.1444155015
lbn,1993,39578815.5105478987
lbn,1994,44531372.6379297078
lbn,1995,54612649.0778943002
lbn,1996,59167003.6295081079
lbn,1997,71552984.6064214110
lbn,1998,78119128.6583269984
lbn,1999,82729107.6935852021
lbn,2000,82570626.8729474992
lbn,2001,82216627.2400102019
lbn,2002,86761113.9291597009
lbn,2003,85867793.5508720875
lbn,2004,81427972.9568341970
lbn,2005,78055362.8126127869
lbn,2006,76563342.2155749053
lbn,2007,78767627.5667704940
lbn,2008,83801155.4603223056
lbn,2009,93059075.4416012913
lbn,2010,96235074.6948249042
lbn,2011,107671115.5532889962
lbn,2012,124481599.8169169873
lbn,2013,137848133.8322669864
lbn,2014,147508903.3455770016
lbn,2015,153930752.4473850131
lbn,2016,154203872.9040800035
lbn,2017,158899010.6684789956
lso,1990,16460511.3609575983
lso,1991,18476264.1379257999
lso,1992,20237521.4326834977
lso,1993,19472565.7772105001
lso,1994,19275000.6020279005
lso,1995,21711685.2235087007
lso,1996,19591945.9177858979
lso,1997,20115464.1181433015
lso,1998,18846958.8032878004
lso,1999,18549252.4085503034
lso,2000,17763819.3713898025
lso,2001,15968955.8468174003
lso,2002,14841421.2726549990
lso,2003,21123029.8859879002
lso,2004,26990818.3225488998
lso,2005,28515891.3906923048
lso,2006,28399110.4243677966
lso,2007,25495684.2420263961
lso,2008,24335746.7047911994
lso,2009,23727104.3236822002
lso,2010,30293276.1284734979
lso,2011,34485186.5562872961
lso,2012,32757624.1676476002
lso,2013,31490855.0722224005
lso,2014,32376483.1024121046
lso,2015,30180738.7509446032
lso,2016,26874724.2380961999
lso,2017,30058598.9041067995
lbr,2000,25641963.3080589995
lbr,2001,25035191.6226543970
lbr,2002,22301962.0676710010
lbr,2003,21863718.8652250990
lbr,2004,23307551.5539861023
lbr,2005,21029300.8474618979
lbr,2006,19431215.6432313994
lbr,2007,18323108.8322873004
lbr,2008,20707494.5257703997
lbr,2009,20290874.2857783027
lbr,2010,22056300.3372218013
lbr,2011,25882041.8584244996
lbr,2012,29717922.7576453015
lbr,2013,32683573.0403609984
lbr,2014,31310181.7820608020
lbr,2015,33428663.6178816035
lbr,2016,36504770.1911334991
lbr,2017,34918401.6511882022
lby,1990,186378498.6957710087
lby,1991,191403495.4839540124
lby,1992,190449421.5648269951
lby,1993,186991035.2356030047
lby,1994,182358705.5971409976
lby,1995,167783849.7460480034
lby,1996,154870944.3108440042
lby,1997,154352358.1771920025
lby,1998,150690960.9486570060
lby,1999,168550857.6601800025
lby,2000,176448295.9394910038
lby,2001,163568115.1045210063
lby,2002,98299464.9514126033
lby,2003,112651022.3539460003
lby,2004,136210603.0198310018
lby,2005,177156943.5819520056
lby,2006,199826251.7582800090
lby,2007,246785307.5164140165
lby,2008,326259076.2032690048
lby,2009,259654996.0297399759
lby,2010,305586759.6291440129
lby,2011,313085945.9802420139
lby,2012,350465125.5146420002
lby,2013,324459544.6319189668
lby,2014,245142040.8927259743
lby,2015,165371158.1657319963
lby,2016,172039933.2342579961
lby,2017,189315785.4263809919
ltu,1995,19052060.7467411011
ltu,1996,17335600.8803392015
ltu,1997,17558028.4104753025
ltu,1998,18135980.9339276962
ltu,1999,17556804.8727174997
ltu,2000,18509877.1111788973
ltu,2001,19788542.0391258001
ltu,2002,22231745.8108654991
ltu,2003,29897901.2380761951
ltu,2004,33357344.3881203011
ltu,2005,41722250.2828642055
ltu,2006,49094153.6884182990
ltu,2007,70108793.0761196017
ltu,2008,81823593.1788767874
ltu,2009,65161363.7805831060
ltu,2010,61958983.6180771962
ltu,2011,68538044.4295562953
ltu,2012,62785415.0042377040
ltu,2013,63277280.3348977044
ltu,2014,60954929.5561629012
ltu,2015,52149699.1496872008
ltu,2016,54622923.7453812957
ltu,2017,60781907.1154032946
lux,1990,12505227.9447119012
lux,1991,10980988.6830049995
lux,1992,12407414.4822792001
lux,1993,11996270.7552629001
lux,1994,12099429.8789249994
lux,1995,14826726.2066401970
lux,1996,14850335.2940533012
lux,1997,13010596.9947859999
lux,1998,12455060.8698668014
lux,1999,12028554.0167940985
lux,2000,11156180.8163633998
lux,2001,10054144.0585131980
lux,2002,12440182.3078880999
lux,2003,15420731.1895311978
lux,2004,16556464.4403631985
lux,2005,17005305.0462841019
lux,2006,17172199.4746636003
lux,2007,16968357.3153539002
lux,2008,19271372.1414870992
lux,2009,24841281.0604052991
lux,2010,22962745.3375650011
lux,2011,24804369.0288245007
lux,2012,22444578.0402906984
lux,2013,24202953.9307158031
lux,2014,23985630.1659329981
lux,2015,17454071.6623880006
lux,2016,16415100.5074665006
lux,2017,18495798.8489203006
mdg,1990,104490019.2760930061
mdg,1991,94241190.0428442955
mdg,1992,106765659.2188259959
mdg,1993,119684614.9492340088
mdg,1994,105364279.6320030093
mdg,1995,107681162.7474709898
mdg,1996,132283418.2703419924
mdg,1997,111766168.4452560097
mdg,1998,112228857.6531590074
mdg,1999,105687539.8026660085
mdg,2000,104036556.0840709955
mdg,2001,113949105.3649560064
mdg,2002,121464581.6246610135
mdg,2003,132250537.0130479932
mdg,2004,95971382.1081497073
mdg,2005,103088691.7294349968
mdg,2006,102155181.3781079948
mdg,2007,127459215.4048100114
mdg,2008,156423112.2989020050
mdg,2009,152313552.3704179823
mdg,2010,155071723.0249499977
mdg,2011,177519354.0168569982
mdg,2012,169384695.0718770027
mdg,2013,172767840.2361469865
mdg,2014,168454975.3272370100
mdg,2015,150235436.7541790009
mdg,2016,147565503.8953100145
mdg,2017,164753133.9128199816
mwi,1990,59679704.5084917024
mwi,1991,66361760.8387119994
mwi,1992,57494657.8750512078
mwi,1993,61645533.5354707018
mwi,1994,37234621.1981311068
mwi,1995,36435834.7783823982
mwi,1996,53842198.5269612074
mwi,1997,61651936.2989884019
mwi,1998,39184100.4319448993
mwi,1999,40645746.0640487075
mwi,2000,39588258.6194576994
mwi,2001,38531259.3020145968
mwi,2002,71403766.1390985996
mwi,2003,57701488.3381192014
mwi,2004,55310925.6997041032
mwi,2005,52710771.5247609988
mwi,2006,52008038.5364510044
mwi,2007,50228142.2323367000
mwi,2008,55104082.0732076019
mwi,2009,61144016.8003817052
mwi,2010,68609241.3513084948
mwi,2011,80031801.0984468013
mwi,2012,61574310.4347855002
mwi,2013,54277668.6006162018
mwi,2014,56351008.4509120956
mwi,2015,58475393.4070898890
mwi,2016,48184930.4674601033
mwi,2017,53212375.2595721036
mys,1990,143256601.2407389879
mys,1991,150205613.9834389985
mys,1992,172750710.7939459980
mys,1993,184699656.9235399961
mys,1994,196761323.9493370056
mys,1995,235457088.4895479977
mys,1996,264998259.2801939845
mys,1997,263613523.0377720296
mys,1998,213247674.4695200026
mys,1999,233537717.2718370259
mys,2000,260859169.9200279713
mys,2001,261175125.0572390258
mys,2002,272740048.6046049595
mys,2003,299775749.1609129906
mys,2004,336359389.9107220173
mys,2005,375608713.2919859886
mys,2006,419392348.6456410289
mys,2007,492891968.7565039992
mys,2008,601684779.0510360003
mys,2009,566905293.5495320559
mys,2010,677646260.9271399975
mys,2011,774296219.7410058975
mys,2012,811567952.0947650671
mys,2013,777649247.6246950626
mys,2014,798104672.5982120037
mys,2015,714169789.7131760120
mys,2016,665273480.0456420183
mys,2017,698175401.0414789915
mdv,1990,2644100.2597081200
mdv,1991,2577316.8378303801
mdv,1992,2503339.4027057802
mdv,1993,2486327.8779922598
mdv,1994,2467345.4399443702
mdv,1995,1628122.0992156600
mdv,1996,1860085.5873099801
mdv,1997,2118896.0656083198
mdv,1998,2289586.4624636201
mdv,1999,2457369.3104938101
mdv,2000,2398669.8023635698
mdv,2001,3219452.9973080000
mdv,2002,2808008.6690761498
mdv,2003,2547666.2177646202
mdv,2004,2454321.4149380201
mdv,2005,2330895.6127624498
mdv,2006,2282496.7129872101
mdv,2007,2318088.9042237601
mdv,2008,2380116.8652904099
mdv,2009,2427632.4093877198
mdv,2010,2468298.6655441700
mdv,2011,2379800.6817360101
mdv,2012,2278662.7090409701
mdv,2013,2313513.5900968602
mdv,2014,2360996.8929909901
mdv,2015,2568543.1666666800
mdv,2016,2490660.4283085000
mdv,2017,2716076.0083033098
mli,1990,93631751.6724265963
mli,1991,88707623.3374522030
mli,1992,95020043.7913430929
mli,1993,90978512.8006502986
mli,1994,62996880.6429530010
mli,1995,81650289.7227459997
mli,1996,77226419.1491570920
mli,1997,70472309.3528670967
mli,1998,70748225.4585795105
mli,1999,83316511.8177569956
mli,2000,73042774.9324958026
mli,2001,76114349.1961192042
mli,2002,89447280.7130476981
mli,2003,99330805.0423654020
mli,2004,113175206.4356909841
mli,2005,122510569.2953639925
mli,2006,129040940.3902179897
mli,2007,145878126.9682550132
mli,2008,170588324.9391850233
mli,2009,173654860.3384419978
mli,2010,171447321.6342209876
mli,2011,201678092.1397909820
mli,2012,197550501.9708569944
mli,2013,206771977.7382979989
mli,2014,215085750.7968220115
mli,2015,192486795.2928659916
mli,2016,217789563.2424899936
mli,2017,231214239.5747220218
mlt,1990,2739054.4611088401
mlt,1991,2742166.3306888798
mlt,1992,2858439.7316660001
mlt,1993,2444483.0664522098
mlt,1994,2611463.1700087800
mlt,1995,2908495.4286881001
mlt,1996,3028163.5866682199
mlt,1997,3121873.0457661599
mlt,1998,3205527.0040962002
mlt,1999,3312434.5727760098
mlt,2000,3335150.6613060599
mlt,2001,3504698.3432170399
mlt,2002,3662407.9610350900
mlt,2003,4022185.8046662994
mlt,2004,4296539.4145794297
mlt,2005,4679771.4926954200
mlt,2006,4777908.9865942998
mlt,2007,5116831.2172026401
mlt,2008,5725534.0347363902
mlt,2009,5970154.2787894700
mlt,2010,6420806.2976874001
mlt,2011,7053195.3601612104
mlt,2012,6466610.4987412300
mlt,2013,6886785.2154890699
mlt,2014,7583191.3410855597
mlt,2015,6732523.5205352008
mlt,2016,6783603.5792695303
mlt,2017,7516491.0751488796
mrt,1990,22942049.3122153021
mrt,1991,32501912.8727195002
mrt,1992,32394925.8694515973
mrt,1993,26305036.9893351980
mrt,1994,28417360.8369383961
mrt,1995,27489043.5665570013
mrt,1996,27359859.6705478989
mrt,1997,27673887.5552184992
mrt,1998,26257261.9853133969
mrt,1999,25255528.8695288971
mrt,2000,23278171.6705171019
mrt,2001,22763908.0474271029
mrt,2002,22895811.4959022999
mrt,2003,24820691.4741787985
mrt,2004,26239961.2775895000
mrt,2005,28494028.6954520009
mrt,2006,32115121.2231718004
mrt,2007,33281613.2564751022
mrt,2008,37904371.6019850001
mrt,2009,33738326.6467822045
mrt,2010,36181047.7105548009
mrt,2011,39975081.6399387047
mrt,2012,37612653.8309423998
mrt,2013,37629179.5488442034
mrt,2014,33039164.7810992002
mrt,2015,29230911.0460628979
mrt,2016,27137840.4793966003
mrt,2017,27162717.5660574995
mus,1990,8024197.4680504799
mus,1991,8142023.6668824703
mus,1992,8855123.1096913498
mus,1993,8958441.5078559592
mus,1994,9628643.8284327593
mus,1995,10917647.2594849002
mus,1996,11943276.5953378007
mus,1997,11357373.0088516995
mus,1998,10557824.9276593011
mus,1999,10600091.9217613991
mus,2000,10204602.9040380009
mus,2001,10021993.3956483006
mus,2002,10543828.5876732003
mus,2003,11777001.5109523013
mus,2004,12591481.5937065985
mus,2005,12433132.9807827994
mus,2006,12960390.7823216002
mus,2007,14801513.0548345000
mus,2008,18385560.2152461037
mus,2009,17335626.4786069989
mus,2010,19119001.9499121979
mus,2011,21456188.9159666002
mus,2012,22451450.6648632996
mus,2013,22813037.4878148027
mus,2014,25132637.4723706022
mus,2015,22497826.7515146025
mus,2016,22401528.8784095012
mus,2017,23795700.4715817980
mex,1990,1262016474.2178099155
mex,1991,1416664589.0236999989
mex,1992,1592244453.0048999786
mex,1993,2097060633.6094100475
mex,1994,1982799939.4234800339
mex,1995,1293656467.2714400291
mex,1996,1284365437.4369499683
mex,1997,1392169199.7893199921
mex,1998,1347870369.4158799648
mex,1999,1395712014.9435598850
mex,2000,1505545452.3148300648
mex,2001,1641226597.8309400082
mex,2002,1732351246.4193999767
mex,2003,1618374879.5598800182
mex,2004,1630042253.5676000118
mex,2005,1792336937.5713198185
mex,2006,1843969765.0386397839
mex,2007,1901710664.8380601406
mex,2008,2045156576.7337899208
mex,2009,1789509982.5856101513
mex,2010,1988714411.3215999603
mex,2011,2140348017.6019699574
mex,2012,2095972307.6195101738
mex,2013,2207018739.9957799911
mex,2014,2234099040.3131899834
mex,2015,1939526650.1992602348
mex,2016,1762160278.1390700340
mex,2017,1909424547.1544499397
mda,1995,10410037.5541478004
mda,1996,10728412.3657606002
mda,1997,11438073.7687973995
mda,1998,10725286.1029848997
mda,1999,7470673.1684539197
mda,2000,7784320.3541179597
mda,2001,7867257.5075786598
mda,2002,7763154.7820513695
mda,2003,8581765.5710799303
mda,2004,11020692.6207752004
mda,2005,12639933.9183438011
mda,2006,13852263.3440668005
mda,2007,16691338.3680843990
mda,2008,20722954.9540495984
mda,2009,19826311.5025923997
mda,2010,19586828.0362923965
mda,2011,21683264.5137466975
mda,2012,20693611.3836739995
mda,2013,20083384.7463189997
mda,2014,21724482.7040459998
mda,2015,19580529.4240996987
mda,2016,19378515.1316041984
mda,2017,21991486.4285534993
mng,1990,51953948.8313034996
mng,1991,48110832.7695882022
mng,1992,25720119.3111934997
mng,1993,13852069.3060807008
mng,1994,14877051.3854792994
mng,1995,19144311.6504908986
mng,1996,15091555.9821053017
mng,1997,11526079.9361384008
mng,1998,10050138.1603664998
mng,1999,8667303.2139278296
mng,2000,8653839.5329172108
mng,2001,8873281.8727106005
mng,2002,9179400.8502658103
mng,2003,9431076.8712206595
mng,2004,10346326.4309048001
mng,2005,12193120.0020061992
mng,2006,15058341.6713637002
mng,2007,16980226.5166554004
mng,2008,21253587.2928274982
mng,2009,18627450.5656201988
mng,2010,27858180.8731320016
mng,2011,37211575.0675941035
mng,2012,40601592.7802994996
mng,2013,39068245.1388114020
mng,2014,37187025.9740477949
mng,2015,38183344.6741181985
mng,2016,37915173.5987247005
mng,2017,39729279.8317989036
mne,2000,2757291.7686565798
mne,2001,3109490.9811185799
mne,2002,3281669.2918923702
mne,2003,4182511.8370205201
mne,2004,4757540.3967454899
mne,2005,4810968.7094906196
mne,2006,5226414.6553058904
mne,2007,6378984.5123349298
mne,2008,7175346.0206055399
mne,2009,6884963.1710139010
mne,2010,6664506.1522155898
mne,2011,7203541.3013152201
mne,2012,6303799.5438230596
mne,2013,6755233.1426204005
mne,2014,6840857.2179530002
mne,2015,6047722.5788564896
mne,2016,6138512.9701396404
mne,2017,6934409.7945439704
mar,1990,294679306.6744830012
mar,1991,293368117.7822200060
mar,1992,312650247.2908110023
mar,1993,295743045.0815299749
mar,1994,293624580.9291729927
mar,1995,346615085.1768950224
mar,1996,330938510.0185340047
mar,1997,312459254.0660750270
mar,1998,309142876.7986249924
mar,1999,304377361.2826930285
mar,2000,276310279.1185569763
mar,2001,258395086.8679810166
mar,2002,269848934.7061759830
mar,2003,311502220.3590620160
mar,2004,339923218.9246160388
mar,2005,347043741.6856600046
mar,2006,353968858.8363459706
mar,2007,394452234.6160860062
mar,2008,432776431.2703999877
mar,2009,419869838.0069929957
mar,2010,408177927.1995840073
mar,2011,422389539.0196089745
mar,2012,402401376.4032160044
mar,2013,435951419.6412659883
mar,2014,453809306.7944400311
mar,2015,414702562.3272349834
mar,2016,429998485.1224640012
mar,2017,450903016.0858749747
moz,1990,53766707.2848217040
moz,1991,68125393.0687223971
moz,1992,49082771.5760221034
moz,1993,46269350.4832842946
moz,1994,43717037.7818901017
moz,1995,42805951.8738801032
moz,1996,46137590.6088232026
moz,1997,51256343.0566952974
moz,1998,55145734.3113894984
moz,1999,58868421.1791032925
moz,2000,56423673.0470683947
moz,2001,50294394.5630258992
moz,2002,52092388.7031635046
moz,2003,54677411.1993982047
moz,2004,61835765.3720110953
moz,2005,66494883.4308900014
moz,2006,67668416.0504617095
moz,2007,70777597.5858325958
moz,2008,86587036.5615535080
moz,2009,79709721.2140752971
moz,2010,71135312.5528022945
moz,2011,87613006.5689889044
moz,2012,92846259.8661074936
moz,2013,98156379.8754540831
moz,2014,101514151.9469430000
moz,2015,86983519.5988755077
moz,2016,64451206.5253290981
moz,2017,73401775.5110563040
mmr,2000,118472419.5630889833
mmr,2001,80537050.0337727964
mmr,2002,76256035.6820610017
mmr,2003,106196857.4714120030
mmr,2004,96661822.1206770986
mmr,2005,102112793.0068180114
mmr,2006,115096928.6988549978
mmr,2007,150166005.4077830017
mmr,2008,214020080.6487970054
mmr,2009,251557345.2869749963
mmr,2010,326070767.8680689931
mmr,2011,393232607.3905149698
mmr,2012,385624000.9602189660
mmr,2013,375854025.6847609878
mmr,2014,390611558.4884650111
mmr,2015,342407198.2732970119
mmr,2016,349178173.6785129905
mmr,2017,354380110.5920439959
nam,1990,43164864.4737332910
nam,1991,43704158.4161361009
nam,1992,45991811.8171817958
nam,1993,42245584.4553332031
nam,1994,45111816.6332342923
nam,1995,47108865.7810389996
nam,1996,45532232.6655507013
nam,1997,45941759.5629687011
nam,1998,43735080.7876407951
nam,1999,43000678.3528607935
nam,2000,41448013.2079025060
nam,2001,35739457.0198637024
nam,2002,30998322.2046520002
nam,2003,42076861.2809963971
nam,2004,49705596.3284419030
nam,2005,52985864.4902397022
nam,2006,53976068.6166594028
nam,2007,57271193.0113379061
nam,2008,53390713.1807446033
nam,2009,54904473.5429233983
nam,2010,66556943.3370459974
nam,2011,70030814.9591920078
nam,2012,69587663.1038639992
nam,2013,66996254.3019862026
nam,2014,57663869.3913509026
nam,2015,47942408.8021239042
nam,2016,44345686.4191462919
nam,2017,52943896.0349198952
npl,1990,121988318.6861100048
npl,1991,121989079.3315419853
npl,1992,99392849.2536679059
npl,1993,100890933.5479920059
npl,1994,100848409.0472359955
npl,1995,104232062.5034440011
npl,1996,100315774.0213910043
npl,1997,103130461.1567919999
npl,1998,97012334.6660752892
npl,1999,95128694.9161502123
npl,2000,95699420.6768658012
npl,2001,98540545.1992925107
npl,2002,95751333.0055146962
npl,2003,93432697.5518237054
npl,2004,99246308.7795791924
npl,2005,107392524.0719180107
npl,2006,111961113.7004939914
npl,2007,119608308.9213879853
npl,2008,134574177.0164819956
npl,2009,130893674.9013279974
npl,2010,153764636.0200340152
npl,2011,177452449.8543280065
npl,2012,169853884.0916080177
npl,2013,169840080.4037919939
npl,2014,167539982.1662320197
npl,2015,175187978.2160489857
npl,2016,172656020.4361470044
npl,2017,188943648.8203270137
nld,1990,368390417.0503020287
nld,1991,348165688.9098919630
nld,1992,373645717.7146529555
nld,1993,368709955.3292999864
nld,1994,367932512.9463199973
nld,1995,416116223.1622120142
nld,1996,407182812.3777369857
nld,1997,355044527.4028670192
nld,1998,360783592.2818549871
nld,1999,354720724.7274680138
nld,2000,316370111.7154029608
nld,2001,333788607.3309009671
nld,2002,391934482.9405919909
nld,2003,455208238.0833690166
nld,2004,519113469.7627679706
nld,2005,499073343.1365370154
nld,2006,510988823.4341170192
nld,2007,564401564.4962480068
nld,2008,636028043.1297360659
nld,2009,617290564.5275460482
nld,2010,568605651.5822280645
nld,2011,580213633.5435479879
nld,2012,556973394.7327920198
nld,2013,575249921.9867980480
nld,2014,581193105.3709319830
nld,2015,487834439.0047129989
nld,2016,478119117.0385919809
nld,2017,517280777.6018880010
nzl,1990,35770887.5094479024
nzl,1991,32073210.8987893984
nzl,1992,30025883.4966393970
nzl,1993,31705915.3679531999
nzl,1994,34916422.6469115019
nzl,1995,39984874.8450262025
nzl,1996,44110933.6137477979
nzl,1997,39166098.8363455012
nzl,1998,31231455.2484239005
nzl,1999,33203904.1627450995
nzl,2000,28338377.8523963019
nzl,2001,29332885.4495623969
nzl,2002,36618584.4580337927
nzl,2003,46120235.8668949977
nzl,2004,52641186.7706350982
nzl,2005,56239929.1336314976
nzl,2006,55438295.8187151998
nzl,2007,69992250.0000936985
nzl,2008,69948958.2711464018
nzl,2009,63459708.2400188968
nzl,2010,77192270.9596215934
nzl,2011,92829681.1714103967
nzl,2012,87787344.2066829950
nzl,2013,94893611.2641614079
nzl,2014,90320944.3301618993
nzl,2015,77586227.2142014056
nzl,2016,79020383.6030354947
nzl,2017,88582728.0035055876
nic,1990,11145443.0397978015
nic,1991,15625207.7605108004
nic,1992,17366661.3589683995
nic,1993,16104968.1100768000
nic,1994,32359981.8353388980
nic,1995,31343727.4023219980
nic,1996,29812314.6062501036
nic,1997,28253078.1588958018
nic,1998,28023986.4081075005
nic,1999,26966560.9171167985
nic,2000,26830327.1805697009
nic,2001,26992312.1508302018
nic,2002,26645902.2226484977
nic,2003,26591412.4159976989
nic,2004,27562984.7405071035
nic,2005,28967906.5357123949
nic,2006,28651569.6612473018
nic,2007,29479702.8282385990
nic,2008,32270053.1807679981
nic,2009,31563385.8741552979
nic,2010,30142770.8366886973
nic,2011,30976153.5500174016
nic,2012,30540225.4589555003
nic,2013,29829214.1682877019
nic,2014,30463865.5662265979
nic,2015,29453742.5245645009
nic,2016,28496651.3951914981
nic,2017,28394398.5898578018
ner,1990,138004508.1956679821
ner,1991,127600348.0363370180
ner,1992,133952431.3992789984
ner,1993,88675382.6895074993
ner,1994,81598219.1428688020
ner,1995,92577329.5565562993
ner,1996,90644602.6102969944
ner,1997,79346940.8935936987
ner,1998,80788322.7630475014
ner,1999,79170971.8534804136
ner,2000,70899073.8743585944
ner,2001,71409770.9673459083
ner,2002,77297953.6284012944
ner,2003,89336830.0123169124
ner,2004,96663374.3079209924
ner,2005,111102971.1094779968
ner,2006,113536705.1062600166
ner,2007,124992119.3099300116
ner,2008,134898743.1914969981
ner,2009,129724558.5993449986
ner,2010,117264936.2427989990
ner,2011,123223224.3650679886
ner,2012,114993650.5302409977
ner,2013,120554551.1236039996
ner,2014,121680658.3898689896
ner,2015,104896223.7418240011
ner,2016,108034051.4239600003
ner,2017,111202692.3162990063
nga,1990,904497294.8251080513
nga,1991,825986514.5050569773
nga,1992,763929617.8634380102
nga,1993,476118094.8625030518
nga,1994,629346928.1000940800
nga,1995,837927710.4769209623
nga,1996,947211473.3984760046
nga,1997,1029485018.4104599953
nga,1998,1045251657.9397698641
nga,1999,1106095277.6934199333
nga,2000,1204706954.9666500092
nga,2001,1245682979.8373599052
nga,2002,1543144151.6165499687
nga,2003,1643026246.3780500889
nga,2004,2075971885.6423301697
nga,2005,2688531399.3628697395
nga,2006,3709391923.2003602982
nga,2007,4006060242.2392396927
nga,2008,4432530163.3388795853
nga,2009,3568357070.6909704208
nga,2010,4723685947.3432207108
nga,2011,5650102136.3869895935
nga,2012,6866698714.6069202423
nga,2013,7911695729.6303501129
nga,2014,9020586707.0092201233
nga,2015,8116435882.4773597717
nga,2016,6924607645.8727102280
nga,2017,6268588758.4686899185
mkd,1990,34538909.0694442987
mkd,1991,35516695.4665924981
mkd,1992,17187985.1578238010
mkd,1993,19827584.4174041003
mkd,1994,26654559.3945741020
mkd,1995,32259726.8673343994
mkd,1996,29087427.6516686045
mkd,1997,23769592.0994595997
mkd,1998,21277634.4305987991
mkd,1999,18664282.1719318964
mkd,2000,16946240.3728104010
mkd,2001,17277637.0952757001
mkd,2002,18690946.5835378021
mkd,2003,22011140.6676765010
mkd,2004,22396220.1522643007
mkd,2005,22872789.9328892007
mkd,2006,24434651.2296826988
mkd,2007,27064998.4693461023
mkd,2008,30328315.8035879992
mkd,2009,29466789.7730455026
mkd,2010,28530882.4639153033
mkd,2011,30234181.3806062005
mkd,2012,27405830.8832243979
mkd,2013,27521402.7078205980
mkd,2014,27812737.5812114999
mkd,2015,25817051.7538091987
mkd,2016,27408646.0282844007
mkd,2017,27179398.9133786969
nor,1990,106518520.3860300034
nor,1991,101681951.4948740005
nor,1992,106163100.0009099990
nor,1993,91719376.4118192047
nor,1994,90117230.9795068055
nor,1995,103498942.3462409973
nor,1996,103420934.4883589894
nor,1997,96316710.5562577993
nor,1998,94199823.8453814089
nor,1999,94362144.0076392144
nor,2000,95794020.5308801979
nor,2001,91450617.0670112073
nor,2002,99198751.9244221002
nor,2003,109689289.3711760044
nor,2004,118059597.7728729993
nor,2005,132361509.9975439906
nor,2006,144362633.9427239895
nor,2007,161001278.3477759957
nor,2008,182597339.2602280080
nor,2009,155079538.7543810010
nor,2010,167736866.8918280005
nor,2011,202345932.5024580061
nor,2012,176659004.7936370075
nor,2013,177575882.3718969822
nor,2014,159499700.1118899882
nor,2015,115375504.9984769970
nor,2016,104448612.0529079884
nor,2017,111977264.9391929954
omn,1990,37656400.4735450000
omn,1991,33039301.9994197004
omn,1992,32102606.6398830004
omn,1993,28684236.5988437980
omn,1994,27174758.8710841015
omn,1995,25863039.3358473033
omn,1996,27265331.2923602983
omn,1997,26344343.5144092999
omn,1998,22436078.9410416000
omn,1999,24495853.8217268996
omn,2000,28297917.4747898020
omn,2001,27979881.4312390015
omn,2002,30762278.7376796007
omn,2003,33996810.4420545995
omn,2004,36064646.9153198004
omn,2005,41360729.7492583990
omn,2006,45615995.4458891004
omn,2007,48041971.7258193940
omn,2008,57915604.7743396014
omn,2009,41212036.1399141997
omn,2010,50078011.7093832046
omn,2011,67986196.7720541954
omn,2012,80006426.3948127031
omn,2013,84152861.8596909046
omn,2014,79802682.3569992036
omn,2015,66224630.9383334965
omn,2016,60369132.0784532949
omn,2017,64675872.8885701075
pak,1990,693707943.8152379990
pak,1991,744787342.2033840418
pak,1992,794454083.0955209732
pak,1993,868552682.1914740801
pak,1994,880121617.7048829794
pak,1995,1058071515.3085300922
pak,1996,1129880412.0714600086
pak,1997,1171126136.9535598755
pak,1998,1176521152.4867699146
pak,1999,1185908501.4662899971
pak,2000,1349704682.1791698933
pak,2001,1276276213.6945600510
pak,2002,1211721960.6084399223
pak,2003,1307019301.7468199730
pak,2004,1417115289.8421599865
pak,2005,1424238671.6136801243
pak,2006,1679697391.6324698925
pak,2007,1763844782.1439800262
pak,2008,2009824719.8678398132
pak,2009,1915205691.2751300335
pak,2010,1960808792.8791897297
pak,2011,2242712333.2040400505
pak,2012,2196729660.0439701080
pak,2013,2181109829.6760201454
pak,2014,2252424718.2122001648
pak,2015,2455402870.8437199593
pak,2016,2435516869.5914001465
pak,2017,2535698705.6257100105
pan,1990,9989100.6154666692
pan,1991,10115216.6667721979
pan,1992,11303002.5975005999
pan,1993,12368447.0245134011
pan,1994,12587925.7194615994
pan,1995,13607199.0007630996
pan,1996,13382886.6639278010
pan,1997,14216689.6058445014
pan,1998,14370200.2237889003
pan,1999,14381307.4091263004
pan,2000,14239114.4147381987
pan,2001,14990471.7599791996
pan,2002,15717378.0360706002
pan,2003,16306317.3038979005
pan,2004,17321090.3593644984
pan,2005,18117029.4556386992
pan,2006,19542602.1405108012
pan,2007,21504251.3540442996
pan,2008,26167593.9909593016
pan,2009,29490931.8204446062
pan,2010,31595963.9504815005
pan,2011,36138605.8718718961
pan,2012,40894595.7828928977
pan,2013,45310105.0455846041
pan,2014,47738535.7590428963
pan,2015,48037103.6799652055
pan,2016,50221837.1691297069
pan,2017,51164525.2150969952
png,1990,53004945.2555205971
png,1991,59299580.8285520002
png,1992,63259170.6120036021
png,1993,64431270.9727890044
png,1994,70314792.4376561940
png,1995,64945087.2080377936
png,1996,69199079.4063757062
png,1997,70055877.2328293025
png,1998,54727088.9654172957
png,1999,47877678.6604604945
png,2000,48090550.9235544950
png,2001,39496397.9843556061
png,2002,36247009.7217004001
png,2003,40044294.4630068019
png,2004,41557664.1737793982
png,2005,47656922.1966957003
png,2006,77843857.6384318024
png,2007,79885323.9305339158
png,2008,97090160.7360183001
png,2009,90681657.4950794131
png,2010,103536325.5934869945
png,2011,140683108.5647819936
png,2012,168693038.8694050014
png,2013,172199227.3637169898
png,2014,170835521.1114229858
png,2015,151073140.7214730084
png,2016,143363195.5179780126
png,2017,157521694.8800950050
pry,1990,24049283.4442973994
pry,1991,27624159.3960094005
pry,1992,28572087.2622325979
pry,1993,28482069.2334349006
pry,1994,29654569.1660229973
pry,1995,32534454.4726099968
pry,1996,35971597.8682481050
pry,1997,35980249.3587196991
pry,1998,34382091.5768307000
pry,1999,34335153.2998063937
pry,2000,35440107.3410359994
pry,2001,34032698.7608253956
pry,2002,28382940.2741326950
pry,2003,29103588.4376963004
pry,2004,35692053.7576741055
pry,2005,37826222.8721530065
pry,2006,42682411.1008307040
pry,2007,53855094.1443388984
pry,2008,70370054.0446585864
pry,2009,66784094.2256742939
pry,2010,71347673.8723004013
pry,2011,83948188.4529349953
pry,2012,85145999.6717375964
pry,2013,89536062.7830512077
pry,2014,88852070.1398645937
pry,2015,76050829.9511490017
pry,2016,74024524.4723870903
pry,2017,84541546.3029650003
per,1990,299864923.1924089789
per,1991,347216470.9982799888
per,1992,335576463.3058980107
per,1993,280057935.3522880077
per,1994,286914928.0820089579
per,1995,281275219.2716580033
per,1996,262245387.8533660173
per,1997,244519907.0211569965
per,1998,218337864.6251610219
per,1999,174312004.6819129884
per,2000,168422406.6285860240
per,2001,152587341.8063580096
per,2002,143590439.5967229903
per,2003,147872861.9785629809
per,2004,155989321.5229899883
per,2005,157434903.9210790098
per,2006,167547075.8618199825
per,2007,175284271.4691370130
per,2008,198184110.1542049944
per,2009,209236675.7665199935
per,2010,235319672.0084879994
per,2011,256919049.8303540051
per,2012,270320329.5475519896
per,2013,260026224.4702720344
per,2014,244792293.6282040179
per,2015,220215092.7383019924
per,2016,214008057.7634710073
per,2017,230260249.7219870090
phl,1990,574457248.7529540062
phl,1991,553456171.4411240816
phl,1992,616064312.7290639877
phl,1993,566353396.3386789560
phl,1994,598654975.4653420448
phl,1995,644434446.6272079945
phl,1996,654670265.9374250174
phl,1997,614703137.8308950663
phl,1998,540162084.3512699604
phl,1999,584184723.1340630054
phl,2000,539382893.4909620285
phl,2001,483002539.1872000098
phl,2002,492859623.0233620405
phl,2003,476812845.8316040039
phl,2004,501684799.7547789812
phl,2005,573679804.9349309206
phl,2006,686427820.0702220201
phl,2007,849095929.1622059345
phl,2008,1039651202.4491599798
phl,2009,1039699810.4472800493
phl,2010,1179475412.6364800930
phl,2011,1283023457.7371098995
phl,2012,1321422367.9923000336
phl,2013,1323369141.4800000191
phl,2014,1333547960.5476598740
phl,2015,1331429915.1313900948
phl,2016,1308761062.0517399311
phl,2017,1242980618.6474499702
pol,1990,355117183.4231690168
pol,1991,485729819.5652259588
pol,1992,477980748.3060030341
pol,1993,423475938.6360029578
pol,1994,431233731.1457220316
pol,1995,489269583.4221209884
pol,1996,494055648.2915909886
pol,1997,480530540.7216559649
pol,1998,496874186.0945259929
pol,1999,459342303.7017170191
pol,2000,413350423.1675429940
pol,2001,440030279.6571950316
pol,2002,419571277.8264269829
pol,2003,433705191.5856220126
pol,2004,494255657.9405670166
pol,2005,605397782.0953420401
pol,2006,646043306.4733489752
pol,2007,764722232.0766389370
pol,2008,926295827.5236470699
pol,2009,728419571.0243359804
pol,2010,763468589.7448459864
pol,2011,818337356.7718950510
pol,2012,753063184.2174659967
pol,2013,755974865.6915550232
pol,2014,743081890.5663950443
pol,2015,650739368.6278860569
pol,2016,618685424.2079060078
pol,2017,686574782.4832360744
prt,1990,133562985.7292210013
prt,1991,157470481.9755209982
prt,1992,171950854.5381489992
prt,1993,155272102.8418679833
prt,1994,152717135.5105519891
prt,1995,179413254.0168179870
prt,1996,192346772.4727039933
prt,1997,179336690.8939560056
prt,1998,190660935.3490450084
prt,1999,184537169.4190600216
prt,2000,166071286.6508190036
prt,2001,170741680.3658469915
prt,2002,185331573.9103409946
prt,2003,223219330.3511509895
prt,2004,232455206.4682600200
prt,2005,224590763.8099049926
prt,2006,228887982.2679730058
prt,2007,246050489.7955740094
prt,2008,255116672.8106229901
prt,2009,232145460.7290479839
prt,2010,213195689.9238399863
prt,2011,219396653.2868970037
prt,2012,181672896.2432810068
prt,2013,183798119.3123669922
prt,2014,163311300.2362659872
prt,2015,129650127.8777639866
prt,2016,122583225.1927219927
prt,2017,134003454.7022770047
pri,1990,36963193.4250451997
pri,1991,38507903.1203572005
pri,1992,40352028.0268282071
pri,1993,42206515.5181673989
pri,1994,41976655.3689109981
pri,1995,45512013.1547936052
pri,1996,48705272.6022101045
pri,1997,53083647.1199999973
pri,1998,62916262.0734337047
pri,1999,58787933.8933061063
pri,2000,64131730.7373853996
pri,2001,70361981.8488588035
pri,2002,70364167.0859213918
pri,2003,75539290.7082365900
pri,2004,77560263.6314985901
pri,2005,86921137.1665350050
pri,2006,90659699.6610390991
pri,2007,92081183.5449350029
pri,2008,92246416.2319330871
pri,2009,96884639.5130124092
pri,2010,91869241.7650954127
pri,2011,96319012.0838598013
pri,2012,86931765.1107423007
pri,2013,83268112.4977127016
pri,2014,73882537.9883710891
pri,2015,68161406.4332767874
pri,2016,68704267.2414581031
qat,1990,13409599.7364064995
qat,1991,13766447.8169855010
qat,1992,14527965.4227593988
qat,1993,15013252.7481389008
qat,1994,15779058.0059501976
qat,1995,16422011.5931045022
qat,1996,17242307.1812536977
qat,1997,17538677.7919033989
qat,2000,15402443.5000887997
qat,2001,17527160.5817519985
qat,2002,20457800.5951947980
qat,2003,24153432.8290180005
qat,2004,27286493.1633589007
qat,2005,36374043.9943305999
qat,2006,38544258.1720672026
qat,2007,42841309.5095987990
qat,2008,53843318.1356984973
qat,2010,49583677.6263693944
qat,2011,61737300.0290853977
qat,2012,73974612.1402589977
qat,2013,85302917.4876427054
qat,2014,87873154.4962777942
qat,2015,73097878.7954729050
qat,2016,68010635.9765237868
qat,2017,78360574.1114372909
rou,1990,231651693.8898580074
rou,1991,176951305.1445479989
rou,1992,166708387.9710070193
rou,1993,166771156.4869560003
rou,1994,179010610.3153519928
rou,1995,198867837.7767710090
rou,1996,185132673.8558329940
rou,1997,184602417.3528479934
rou,1998,207842493.1512570083
rou,1999,169954381.0855419934
rou,2000,160100184.3941270113
rou,2001,161467339.6180689931
rou,2002,140631596.2510360181
rou,2003,165260839.5027929842
rou,2004,181982749.9955759943
rou,2005,237485541.9363839924
rou,2006,289707355.8816080093
rou,2007,417191313.6169120073
rou,2008,511633596.0251169801
rou,2009,440225174.6680660248
rou,2010,408054980.1103349924
rou,2011,388773422.6236090064
rou,2012,337827200.4816390276
rou,2013,325316481.4702259898
rou,2014,322936819.6577410102
rou,2015,261154215.2718000114
rou,2016,260860528.0151160061
rou,2017,296067734.0419690013
rus,1990,1515572228.0247299671
rus,1991,1641134725.4576599598
rus,1992,1824172080.3158102036
rus,1993,2182552730.1839199066
rus,1994,2324293195.4825301170
rus,1995,2075218003.4887397289
rus,1996,1792828964.8329601288
rus,1997,1546720341.4572100639
rus,1998,1037899989.8228900433
rus,1999,801546060.3562999964
rus,2000,1024857442.1753199100
rus,2001,1211400788.9935600758
rus,2002,1398618361.0847599506
rus,2003,1726533042.4704699516
rus,2004,2277989407.0436201096
rus,2005,2922101355.7354698181
rus,2006,3326413562.9961400032
rus,2007,4055781374.8263397217
rus,2008,5138196027.7172298431
rus,2009,3960914463.1871900558
rus,2010,4764407316.8366603851
rus,2011,5738680611.6871004105
rus,2012,5760788175.7210206985
rus,2013,5669555242.1053600311
rus,2014,4871417423.8632898331
rus,2015,3246456588.0081701279
rus,2016,2879553955.7909302711
rus,2017,3400212458.0628600121
rwa,1990,85076499.5734380037
rwa,1991,67728147.4156693965
rwa,1992,71658603.0030471981
rwa,1993,74144349.4964402020
rwa,1994,6277447.1085157404
rwa,1995,52365697.5932518989
rwa,1996,52510880.8643821999
rwa,1997,64161864.2243964002
rwa,1998,64839987.6914894059
rwa,1999,61531319.5679167956
rwa,2000,51947734.1160541028
rwa,2001,44363869.0875453949
rwa,2002,37770881.3687036037
rwa,2003,39334474.2617861032
rwa,2004,42238645.2948637903
rwa,2005,47015529.2793227956
rwa,2006,51625329.2232364044
rwa,2007,57624917.5788125023
rwa,2008,65311470.6490027979
rwa,2009,64864568.5220469013
rwa,2010,64813290.6625759974
rwa,2011,69345160.2694192082
rwa,2012,73079952.2820139974
rwa,2013,73707721.6988995969
rwa,2014,76207241.9860680848
rwa,2015,74469907.7222055048
rwa,2016,72925749.0915430933
rwa,2017,75688988.3896012902
wsm,1990,833982.8403673150
wsm,1991,803345.0806877359
wsm,1992,811210.3748627150
wsm,1993,775434.6509452700
wsm,1994,1310690.4740848399
wsm,1995,1211193.6506653901
wsm,1996,1265866.3357196699
wsm,1997,1499773.7879206601
wsm,1998,1432776.8187799400
wsm,1999,1416271.4318822899
wsm,2000,1404569.3799321700
wsm,2001,1369235.0947199899
wsm,2002,1411948.3892273600
wsm,2003,1619304.3277777601
wsm,2004,1983972.8632068101
wsm,2005,2137737.6841405402
wsm,2006,2356299.8817432001
wsm,2007,2466845.7147164601
wsm,2008,2918270.3054188401
wsm,2009,2701691.1599209602
wsm,2010,3172184.1694706501
wsm,2011,3483736.1612322102
wsm,2012,3758011.3108983100
wsm,2013,3823475.1122045098
wsm,2014,3692500.7778591900
wsm,2015,3589197.6990124602
wsm,2016,3222439.0068619801
wsm,2017,3372483.6859276402
stp,2001,1940280.6630019301
stp,2002,2006801.4715818700
stp,2003,2209933.8599162698
stp,2004,2229000.9854026400
stp,2005,2350084.1871610698
stp,2006,2302823.5911558899
stp,2007,2398668.0817480600
stp,2008,2924946.5518511701
stp,2009,2838070.5740796099
stp,2010,2731010.3051211801
stp,2011,3094478.9284538100
stp,2012,3295865.9458048898
stp,2013,3829090.8518304001
stp,2014,4047113.0932817799
stp,2015,3466350.5325409300
stp,2016,3655074.7192584099
stp,2017,3888184.0839303001
sau,1990,310856058.8649660349
sau,1991,317311483.1843450069
sau,1992,321013124.9124569893
sau,1993,317780663.2528470159
sau,1994,318645015.8906640410
sau,1995,340830110.2774189711
sau,1996,366811754.0309410095
sau,1997,376225787.1867809892
sau,1998,324073853.9107980132
sau,1999,376281633.3383499980
sau,2000,476935184.5733200312
sau,2001,452078056.3987410069
sau,2002,457648630.3139039874
sau,2003,451406685.4232030511
sau,2004,487170531.6927219629
sau,2005,564233970.5457650423
sau,2006,606555212.8358429670
sau,2007,669127250.3035589457
sau,2008,728348873.5589179993
sau,2009,625937153.1325039864
sau,2010,785165079.5526410341
sau,2011,994943971.6960349083
sau,2012,1190142584.3561599255
sau,2013,1273029683.4867300987
sau,2014,1188800353.9259901047
sau,2015,1092455356.6848800182
sau,2016,1006354076.6079599857
sau,2017,1128942161.9229199886
sen,1990,123589162.0238450021
sen,1991,114984835.6276639849
sen,1992,119185115.6414979994
sen,1993,110511713.1440370083
sen,1994,74833081.6507145017
sen,1995,87465071.4787080884
sen,1996,88308901.8045824170
sen,1997,78972534.2815404981
sen,1998,80358801.3493030816
sen,1999,78425095.4954034984
sen,2000,70201548.3099892139
sen,2001,71520833.2400584072
sen,2002,76615145.8353795111
sen,2003,92724947.6749249995
sen,2004,106966251.6546209902
sen,2005,110684266.3246490061
sen,2006,114952888.9605740011
sen,2007,131435287.8130960017
sen,2008,147553467.9684320092
sen,2009,137528169.2904559970
sen,2010,131569365.8076110035
sen,2011,142957765.0178959966
sen,2012,134691835.9044939876
sen,2013,135574108.2052429914
sen,2014,134439516.9740889966
sen,2015,112954559.0271700025
sen,2016,113595393.6045169979
sen,2017,118953353.9784389883
srb,1995,116956558.2969080061
srb,1996,144672265.6087220013
srb,1997,158509768.4047919810
srb,1998,102798438.6404359937
srb,1999,112766423.8144029975
srb,2000,35257144.0423302948
srb,2001,57913897.0878296047
srb,2002,67092515.1615310088
srb,2003,85154745.4947424978
srb,2004,95779966.1935109943
srb,2005,101955738.5371310115
srb,2006,116363621.2115940005
srb,2007,146201083.6782720089
srb,2008,172081990.4139939845
srb,2009,147226641.5489470065
srb,2010,120553229.4286240041
srb,2011,129996975.8582530022
srb,2012,112894807.4364149868
srb,2013,131448700.3333249986
srb,2014,137072325.3397749960
srb,2015,111213656.5459439903
srb,2016,114758921.1767710000
srb,2017,119326391.0228060037
sle,1990,22379748.7400276959
sle,1991,25374840.7857823968
sle,1992,24960073.0667034015
sle,1993,25867005.9290326983
sle,1994,29468811.6374016963
sle,1995,28220641.1808572039
sle,1996,28850132.6974706985
sle,1997,26981264.1016384996
sle,1998,19274540.3096076995
sle,1999,19129262.5143318959
sle,2000,17811011.7557136007
sle,2001,32749601.7669094987
sle,2002,30325192.7509877011
sle,2003,31504038.5519656986
sle,2004,32773161.7073848024
sle,2005,36309971.9574492946
sle,2006,41172586.1701427028
sle,2007,44677246.1399928927
sle,2008,49806151.8824078962
sle,2009,48952995.1158407032
sle,2010,50669665.8657287061
sle,2011,55544427.4674026966
sle,2012,64379971.7934772000
sle,2013,72251160.9680590034
sle,2014,71582818.9049869031
sle,2015,77966564.2127040029
sle,2016,61128607.5508694947
sle,2017,60982244.0779979005
sgp,1990,43897350.4095515013
sgp,1991,53220335.2787664011
sgp,1992,58617755.3339010999
sgp,1993,63477662.7512041032
sgp,1994,74101149.7719945908
sgp,1995,89218735.1003063023
sgp,1996,96232274.6421269029
sgp,1997,95155497.8251062930
sgp,1998,87854743.7931594104
sgp,1999,85127251.9888305962
sgp,2000,91264086.1746854037
sgp,2001,89479280.3304220885
sgp,2002,91972216.8507124931
sgp,2003,91405661.0845057964
sgp,2004,99476292.3603590876
sgp,2005,113328027.1482850164
sgp,2006,126574587.9673070014
sgp,2007,152122851.8883700073
sgp,2008,168669636.0761510134
sgp,2009,173443576.3180769980
sgp,2010,186447294.9039550126
sgp,2011,216813452.1858839989
sgp,2012,235926292.6618829966
sgp,2013,232898794.8189339936
sgp,2014,226024232.8583620191
sgp,2015,238467098.5332660079
sgp,2016,229882910.6256079972
sgp,2017,242405775.2551470101
svk,1990,33310661.8593758978
svk,1991,34640795.0101718009
svk,1992,25629029.8529061973
svk,1993,25589317.4565327987
svk,1994,28779615.2407408990
svk,1995,37663655.5406695008
svk,1996,40195241.4255496040
svk,1997,38096235.7319022045
svk,1998,42230474.0210536048
svk,1999,43310682.0397912040
svk,2000,40336847.6363686025
svk,2001,42758614.5341000035
svk,2002,49590433.3758817017
svk,2003,65477818.3187922984
svk,2004,77689562.8493204117
svk,2005,87978484.5088034123
svk,2006,92419419.7841324955
svk,2007,107403743.0186319947
svk,2008,129203155.1318600029
svk,2009,119065492.4980649948
svk,2010,111156861.9441049993
svk,2011,120618208.9213820100
svk,2012,107860299.2918989956
svk,2013,107144004.0087080002
svk,2014,106009962.4080930054
svk,2015,94541891.7297239006
svk,2016,87997477.4478344917
svk,2017,94082774.5317630023
svn,1995,30693145.2305431031
svn,1996,28981373.6119650006
svn,1997,29348960.7681034990
svn,1998,34075614.2542446032
svn,1999,30246498.1840747967
svn,2000,23579317.0033956990
svn,2001,24890501.7263743989
svn,2002,26316709.4287603982
svn,2003,31039720.9756061994
svn,2004,37365833.3563551009
svn,2005,36446302.4977900982
svn,2006,38131335.6048317999
svn,2007,43297910.5113674998
svn,2008,41806914.9786507040
svn,2009,43381061.8110117018
svn,2010,39715441.3325925022
svn,2011,37397877.0258063972
svn,2012,31183648.8457236029
svn,2013,32259157.8993042000
svn,2014,31984159.9770007990
svn,2015,25175441.8381442986
svn,2016,22716196.5854273997
svn,2017,26764351.7220536023
slb,1990,6539375.2786548100
slb,1991,6749678.3809705898
slb,1992,7340818.0418526800
slb,1993,7810407.7609104896
slb,1994,8310709.7131163096
slb,1995,8945711.0541984793
slb,1996,9973138.7030453291
slb,1997,10332259.4964591004
slb,1998,8745970.1575585101
slb,1999,9010319.5633086991
slb,2000,9075570.7889074609
slb,2001,8571241.5662774593
slb,2002,7057059.1832219008
slb,2003,5969565.6367065404
slb,2004,5954119.2423645202
slb,2005,6169543.8672904205
slb,2006,6446973.2848539604
slb,2007,7004479.3658833299
slb,2008,7926662.2804711396
slb,2009,8313646.3637295803
slb,2010,9116562.6794207096
slb,2011,11406470.2324020006
slb,2012,12870556.1098228004
slb,2013,13725742.0278939009
slb,2014,14451571.7968291994
slb,2015,14512843.6561851986
slb,2016,15185606.6351228002
slb,2017,15733585.7653589994
zaf,1990,1446248883.7683699131
zaf,1991,1498689583.5975401402
zaf,1992,1633654180.8195500374
zaf,1993,1479794421.5336301327
zaf,1994,1470371067.6317801476
zaf,1995,1472467407.3764998913
zaf,1996,1323787533.9158198833
zaf,1997,1374101248.5582399368
zaf,1998,1260519365.4028098583
zaf,1999,1263183427.1221799850
zaf,2000,1292737714.7000198364
zaf,2001,1089392452.4960100651
zaf,2002,993863734.5520640612
zaf,2003,1432546272.9422199726
zaf,2004,1734509578.7237100601
zaf,2005,1842063273.8844101429
zaf,2006,1784155504.8583600521
zaf,2007,1724623513.4310698509
zaf,2008,1477991591.6907198429
zaf,2009,1357642744.1028099060
zaf,2010,1496495789.9618401527
zaf,2011,1406789109.4299299717
zaf,2012,1254950316.5341401100
zaf,2013,1137349344.3289499283
zaf,2014,1065483166.9507699013
zaf,2015,949186440.4902070761
zaf,2016,868603049.1957269907
zaf,2017,1039302823.7184000015
esp,1990,685068369.2382099628
esp,1991,722083198.0756639242
esp,1992,744571877.5065779686
esp,1993,601601750.4637070894
esp,1994,570013091.7001199722
esp,1995,637900163.1412160397
esp,1996,650914943.2728910446
esp,1997,560653777.8279340267
esp,1998,560709009.1582870483
esp,1999,552436138.9997999668
esp,2000,483319617.0881910324
esp,2001,488000214.6751790047
esp,2002,529257341.8969320059
esp,2003,674869531.1850630045
esp,2004,747007787.3435690403
esp,2005,794364664.0805809498
esp,2006,816781196.2602809668
esp,2007,911691397.2990189791
esp,2008,991996577.2372519970
esp,2009,891386226.5316920280
esp,2010,820242594.4754059315
esp,2011,880464286.3810230494
esp,2012,769406823.5725790262
esp,2013,739019424.8029919863
esp,2014,692197124.8692018986
esp,2015,609371215.6849399805
esp,2016,560684547.2099379301
esp,2017,584208631.9435210228
lka,1990,46116200.3629462048
lka,1991,43256631.0028212965
lka,1992,42266044.8084669039
lka,1993,44260986.8386757001
lka,1994,47561338.9626754969
lka,1995,56183618.4856561050
lka,1996,60263845.8164819926
lka,1997,66964375.4553492069
lka,1998,63091773.4572751001
lka,1999,66169644.6334423944
lka,2000,64301420.2898351103
lka,2001,60179324.2405145019
lka,2002,60840672.5157142952
lka,2003,71849348.3507772982
lka,2004,76587224.9712582082
lka,2005,98267760.8523962945
lka,2006,113222700.3585159928
lka,2007,129311379.6602990031
lka,2008,165258987.4707709849
lka,2009,170396542.9759239852
lka,2010,222616552.6085940003
lka,2011,257738426.7871960104
lka,2012,268710721.6550199986
lka,2013,292388000.5908899903
lka,2014,306301900.3239290118
lka,2015,308339089.4988139868
lka,2016,266410349.0807109773
lka,2017,263144839.2569680214
lca,1990,2188304.4042429901
lca,1991,2276687.4696613201
lca,1992,2294381.5736472700
lca,1993,2303841.7026620801
lca,1994,2342042.5698567997
lca,1995,2399903.2998390198
lca,1996,2352748.8492780500
lca,1997,2367338.2848247699
lca,1998,2368230.9011123399
lca,1999,2336940.5203164802
lca,2000,2233506.7439170801
lca,2001,2128860.5002044300
lca,2002,2108592.1546588801
lca,2003,2178951.6973412600
lca,2004,2162786.9557512999
lca,2005,2287173.9012313997
lca,2006,2355266.8458930301
lca,2007,2549956.5771419900
lca,2008,2354908.3673211802
lca,2009,2324794.2086518402
lca,2010,2554162.0215467601
lca,2011,2619607.8576356601
lca,2012,2635754.8804677799
lca,2013,2759741.5887519098
lca,2014,2794165.8185278298
lca,2015,3142836.4813659298
lca,2016,3065243.6578786299
lca,2017,3245416.0735872900
vct,1990,1243759.1970335101
vct,1991,1316068.9047434500
vct,1992,1338315.8626221400
vct,1993,1338937.4524354299
vct,1994,1379566.9082071600
vct,1995,1388874.2279468800
vct,1996,1446705.9800130699
vct,1997,1500007.5386602799
vct,1998,1558811.0638716600
vct,1999,1538888.0394101299
vct,2000,1462215.1873465299
vct,2001,1534872.4327034100
vct,2002,1522175.8080451200
vct,2003,1466140.8048180600
vct,2004,1512247.1125748700
vct,2005,1554395.5235409299
vct,2006,1609139.2193543799
vct,2007,1770241.0912332200
vct,2008,1793765.1849530400
vct,2009,1824268.5845750500
vct,2010,1943708.4613208999
vct,2011,1998989.6765496901
vct,2012,2014130.8443599700
vct,2013,2054853.8311545099
vct,2014,2001281.9331678101
vct,2015,2089747.8944941801
vct,2016,2109995.3925681100
vct,2017,2184882.2116418299
sdn,1990,652506034.7947280407
sdn,1991,571669796.9924089909
sdn,1992,336217660.4746890068
sdn,1993,417012888.4473069906
sdn,1994,593603137.8479000330
sdn,1995,601819825.5251749754
sdn,1996,372138623.4393259883
sdn,1997,444893227.3048299551
sdn,1998,409553262.4380689859
sdn,1999,379322161.8319779634
sdn,2000,406042938.3612220287
sdn,2001,403008485.9515529871
sdn,2002,408642522.9353010058
sdn,2003,438750923.6871179938
sdn,2004,509257806.3273990154
sdn,2005,616932699.9464570284
sdn,2006,764318328.3369790316
sdn,2007,876953063.8975930214
sdn,2008,978902821.1573679447
sdn,2009,929841914.5113868713
sdn,2010,1102533154.5361700058
sdn,2011,1142418432.1584000587
sdn,2012,1121861642.9164900780
sdn,2013,1078890470.1800999641
sdn,2014,1167027260.5731301308
sdn,2015,1299441431.2515799999
sdn,2016,1183254463.8441200256
sdn,2017,1381922172.8463099003
sur,1990,1248080.2668014499
sur,1991,1463544.3008509600
sur,1992,1351812.3099922400
sur,1993,1583636.1287187899
sur,1994,2086098.8216875801
sur,1995,2210599.4428992402
sur,1996,2631216.9694324099
sur,1997,2549781.4702356299
sur,1998,2893637.9279481005
sur,1999,2322362.8318606098
sur,2000,2476415.8120462699
sur,2001,2132502.1355820000
sur,2002,2713909.1653239699
sur,2003,3049710.3398035998
sur,2004,3291651.1580401300
sur,2005,3843606.5969827301
sur,2006,5441269.4568623696
sur,2007,6047268.6610529004
sur,2008,7048264.2749548499
sur,2009,7550640.0873188302
sur,2010,8152797.1382537503
sur,2011,7962768.7151813600
sur,2012,8527229.9981799293
sur,2013,8869950.5162510499
sur,2014,8747718.4251106400
sur,2015,8405987.7784140799
sur,2016,5719878.3119819500
sur,2017,5217851.4299323801
swe,1990,171387114.0181370080
swe,1991,189838001.1744320095
swe,1992,181937455.6493120193
swe,1993,132039873.1580110043
swe,1994,134463526.7865960002
swe,1995,145119940.8930969834
swe,1996,153060567.9936470091
swe,1997,132088436.8196990043
swe,1998,123546248.5572379827
swe,1999,118218344.0382189900
swe,2000,103566307.8520430028
swe,2001,94691526.3142575026
swe,2002,103460488.5152570009
swe,2003,124581750.5239489973
swe,2004,140363050.8148939908
swe,2005,134549210.5744629800
swe,2006,140520403.7230919898
swe,2007,164554281.1209779978
swe,2008,180815239.0569300056
swe,2009,158189014.3073849976
swe,2010,163909638.9128980041
swe,2011,185009663.6089699864
swe,2012,157513505.0948929787
swe,2013,160828729.8757719994
swe,2014,170378220.4372400045
swe,2015,125234519.6512040049
swe,2016,120744605.4588830024
swe,2017,129727960.9186540097
che,1990,370898714.3883990049
che,1991,378869390.0354319811
che,1992,357992391.9745000005
che,1993,334405788.3075810075
che,1994,359021174.0027700067
che,1995,378775863.0326439738
che,1996,338853713.1443979740
che,1997,287609557.2274060249
che,1998,271668279.6567810178
che,1999,256505207.5476029813
che,2000,231138660.7549189925
che,2001,230494341.3182990253
che,2002,238050684.5172910094
che,2003,293068236.1731910110
che,2004,297949879.5891509652
che,2005,284386264.3354750276
che,2006,285672560.1755329967
che,2007,310780196.3036559820
che,2008,344800253.1007519960
che,2009,358375571.4869680405
che,2010,349868614.9977830052
che,2011,416037053.3805410266
che,2012,382226913.0410760045
che,2013,384377258.3570370078
che,2014,372278755.0313299894
che,2015,342411678.9454209805
che,2016,313853131.6717700362
che,2017,311291852.9603529572
tjk,1990,91065174.4392095953
tjk,1991,85634207.9235908985
tjk,1992,80989761.1575822979
tjk,1993,70041716.2558788955
tjk,1994,81704778.0253387094
tjk,1995,61198653.9003907964
tjk,1996,47918265.0330457017
tjk,1997,32356268.6782075018
tjk,1998,36361355.2509130016
tjk,1999,26275608.0525283031
tjk,2000,17358338.3071542010
tjk,2001,19285692.7813916020
tjk,2002,19090701.8911897019
tjk,2003,20646770.4535849988
tjk,2004,23455270.5395506993
tjk,2005,23615529.3710836023
tjk,2006,26472692.8898871988
tjk,2007,31749501.8406603038
tjk,2008,41032977.0352578983
tjk,2009,39577638.8618112057
tjk,2010,43490527.5639937967
tjk,2011,49628944.1669733003
tjk,2012,55574777.8293367922
tjk,2013,61950253.0402064919
tjk,2014,66128546.9492843971
tjk,2015,55434875.6946014017
tjk,2016,46888313.4903477058
tjk,2017,46447360.9757573009
tza,1990,108046134.6518449932
tza,1991,118407637.6472850144
tza,1992,107211927.1006910056
tza,1993,96641903.0644242018
tza,1994,99210829.9675994068
tza,1995,107941549.8607550114
tza,1996,125949353.0298489928
tza,1997,141459160.1847710013
tza,1998,213107549.2656410038
tza,1999,202905373.6026079953
tza,2000,192390764.4568159878
tza,2001,175106322.1631889939
tza,2002,165663319.3325769901
tza,2003,166369961.4039939940
tza,2004,167154063.0452809930
tza,2005,167706004.9494229853
tza,2006,161260887.5575059950
tza,2007,179615601.2699210048
tza,2008,224699890.2711629868
tza,2009,231568139.0951839983
tza,2010,247410316.2138129771
tza,2011,259351188.6175180078
tza,2012,301685022.4005109668
tza,2013,328345764.0016520023
tza,2014,336364492.7794660330
tza,2015,313294554.8439689875
tza,2016,310478130.0048680305
tza,2017,315944679.7479450107
tha,1990,248670207.6945569813
tha,1991,273127828.7940390110
tha,1992,294464053.8638470173
tha,1993,326702291.9416170120
tha,1994,365134354.5947709680
tha,1995,428847768.6859869957
tha,1996,477337380.9465160370
tha,1997,390107485.4894509912
tha,1998,327159954.4466750026
tha,1999,366735316.4938949943
tha,2000,340532182.6656160355
tha,2001,298850505.2635669708
tha,2002,316635515.2219080329
tha,2003,330958749.4244859815
tha,2004,354533862.7416569591
tha,2005,375081337.6378229856
tha,2006,427716684.2036589980
tha,2007,490763719.5156540275
tha,2008,542038496.0325520039
tha,2009,527770581.9483299851
tha,2010,600655608.1878329515
tha,2011,663370568.8410290480
tha,2012,683109348.1731309891
tha,2013,687526279.4223070145
tha,2014,663198333.9605759382
tha,2015,637721568.4926490784
tha,2016,659084940.3290959597
tha,2017,723529978.3760859966
tls,2000,12196526.2480380014
tls,2001,12887185.9291493017
tls,2002,12601422.9097649995
tls,2003,12675262.6598554999
tls,2004,16218164.4340201989
tls,2005,22102125.5210932009
tls,2006,26019371.8940883987
tls,2007,30679594.6846993975
tls,2008,47435691.4809112027
tls,2009,38082760.9683891013
tls,2010,48346283.3584196046
tls,2011,61569696.5243548006
tls,2012,70329231.5806045979
tls,2013,64999283.1699734032
tls,2014,59503877.4186582044
tls,2015,36891934.3989587948
tls,2016,28378491.0131901987
tls,2017,32941236.1400280036
tgo,1990,37340805.8448652923
tgo,1991,36390532.2425613999
tgo,1992,38930068.6448979974
tgo,1993,31468339.7886091992
tgo,1994,21301733.6402668990
tgo,1995,25248700.6601723991
tgo,1996,25405715.2255295031
tgo,1997,23009144.5208508000
tgo,1998,27180937.7468726002
tgo,1999,27475992.6706221998
tgo,2000,26989835.7017643973
tgo,2001,27781431.0845333971
tgo,2002,32631008.9421781003
tgo,2003,37470232.5181502998
tgo,2004,37468422.0083702952
tgo,2005,36268504.4056327045
tgo,2006,35324615.6123512909
tgo,2007,38408575.6865946054
tgo,2008,46008720.8827885017
tgo,2009,45252990.5247806013
tgo,2010,44352327.8199808970
tgo,2011,48833126.1441927031
tgo,2012,47214450.7170792073
tgo,2013,50091830.8674487025
tgo,2014,49930244.5733962059
tgo,2015,43536688.3130332977
tgo,2016,43840126.1082294956
tgo,2017,44728275.8877797052
ton,1990,849746.6860565830
ton,1991,937906.5092056050
ton,1992,948526.0563419091
ton,1993,927271.4396371959
ton,1994,1240915.1494170700
ton,1995,1247642.0732910000
ton,1996,1364316.1124541599
ton,1997,1330840.4436486801
ton,1998,1166147.1783685400
ton,1999,1201919.1502380101
ton,2000,1187487.9474018801
ton,2001,1040035.5805414200
ton,2002,1034167.3214752900
ton,2003,1135317.1302348501
ton,2004,1280425.5848950900
ton,2005,1415000.9423926601
ton,2006,1577888.5107735700
ton,2007,1635389.0178096299
ton,2008,1777018.1660021299
ton,2009,1536622.9803843100
ton,2010,1731253.8961301399
ton,2011,1919501.9982018899
ton,2012,2106612.1484293900
ton,2013,2066967.8491299800
ton,2014,1975035.3377216300
ton,2015,1831726.0769378899
ton,2016,1607031.5607035300
ton,2017,1658146.6135386101
tto,1990,18877857.8228091002
tto,1991,19055882.3031588010
tto,1992,19910658.2487690002
tto,1993,17751304.2728702985
tto,1994,18403211.4794453979
tto,1995,18078365.9003608972
tto,1996,17595941.2485726997
tto,1997,15862534.2076811977
tto,1998,16591650.9226433989
tto,1999,18170405.4153641015
tto,2000,20335261.2396430001
tto,2001,21238735.3499011993
tto,2002,19647356.1909984984
tto,2003,22741733.8395957015
tto,2004,24544992.6283922009
tto,2005,27398088.9778844006
tto,2006,26153810.5320126973
tto,2007,29303212.5401385017
tto,2008,36708767.9047972038
tto,2009,26022676.2040713988
tto,2010,29485918.9948385991
tto,2011,33518338.7633793019
tto,2012,35123314.5096158013
tto,2013,38438720.8368976042
tto,2014,41782446.4453309998
tto,2015,36058850.3477244973
tto,2016,33586763.6848942041
tto,2017,34250643.2125857025
tun,1990,71514494.1116853952
tun,1991,72844656.9354548007
tun,1992,78804444.8216843009
tun,1993,72550574.3056954890
tun,1994,74106933.7446770072
tun,1995,82446921.9073767066
tun,1996,81206918.0112967044
tun,1997,80858205.9570852965
tun,1998,79726197.5317817926
tun,1999,78203246.9799464941
tun,2000,69091967.3691740036
tun,2001,67415278.2620747983
tun,2002,68226436.9579329938
tun,2003,75836887.6333647966
tun,2004,79774603.4708995968
tun,2005,78509058.4788077027
tun,2006,84770061.7349027991
tun,2007,88602377.7497185916
tun,2008,97550443.3888126016
tun,2009,93903298.0732537061
tun,2010,96850600.9075375944
tun,2011,100966323.5942469984
tun,2012,94482969.2235325873
tun,2013,95991768.6633407027
tun,2014,96863330.9455219954
tun,2015,90134724.7571154088
tun,2016,88770338.2277565897
tun,2017,83091121.3889620900
tur,1990,1389911751.1083300114
tur,1991,1318354960.8496198654
tur,1992,1303247993.3289599419
tur,1993,1333643982.8848800659
tur,1994,1016678266.6336699724
tur,1995,1256035404.0838000774
tur,1996,1240725870.2900800705
tur,1997,1202660891.7950000763
tur,1998,1703422666.7111198902
tur,1999,1615968429.3581399918
tur,2000,1540973420.9026801586
tur,2001,1104219137.0957698822
tur,2002,1079392284.2373700142
tur,2003,1209937647.6304399967
tur,2004,1281226280.5361499786
tur,2005,1343790271.0469698906
tur,2006,1298446582.7962899208
tur,2007,1457883673.0229098797
tur,2008,1655599077.0851600170
tur,2009,1506239280.0390598774
tur,2010,1674892696.2190098763
tur,2011,1621738662.6144800186
tur,2012,1626023918.4625999928
tur,2013,1681205236.3010098934
tur,2014,1639216749.7717599869
tur,2015,1533276338.9997498989
tur,2016,1550840635.4487400055
tur,2017,1494412231.1277000904
tkm,1990,37377659.8804187030
tkm,1991,36943820.0233645961
tkm,1992,39972611.8130722046
tkm,1993,37637869.0438897982
tkm,1994,33807880.2541425005
tkm,1995,30560434.7503747009
tkm,1996,24959652.6955408007
tkm,1997,27068690.1195285022
tkm,1998,24905690.3876339979
tkm,1999,18966983.4853828996
tkm,2000,20034114.9403686002
tkm,2001,23014967.7609573975
tkm,2002,28773998.6205083020
tkm,2003,36537934.1808644012
tkm,2004,38405414.8454122022
tkm,2005,39551083.2520103976
tkm,2006,46181723.9843870997
tkm,2007,52927854.9190592989
tkm,2008,72686592.4745582938
tkm,2009,72054126.6005127877
tkm,2010,74273001.1058064997
tkm,2011,89795659.5441709161
tkm,2012,101102842.4331189990
tkm,2013,112340995.1092310101
tkm,2014,118846879.9715209901
tkm,2015,102537473.5597009957
tkm,2016,101116973.5172979981
tkm,2017,106239187.9147319943
uga,1990,88057262.5893786997
uga,1991,65271349.3120533898
uga,1992,54710597.0164749995
uga,1993,58390738.8490043953
uga,1994,68847602.5894005001
uga,1995,93635130.0677902997
uga,1996,95496830.9352210015
uga,1997,100345287.8391849995
uga,1998,106274703.4204739928
uga,1999,94917901.6317949891
uga,2000,98833723.3794882894
uga,2001,96034961.8149234951
uga,2002,96982524.2118152976
uga,2003,93518303.5219728053
uga,2004,110444869.1208290011
uga,2005,115158942.3665300012
uga,2006,112302129.6001439989
uga,2007,124816997.5741399974
uga,2008,132158861.2616100162
uga,2009,160107782.5128659904
uga,2010,172487662.1718310118
uga,2011,167429234.9260680079
uga,2012,195456877.0983240008
uga,2013,209542885.8865570128
uga,2014,221926741.6549259722
uga,2015,204674412.5023620129
uga,2016,168198085.8058120012
uga,2017,170598708.6055569947
ukr,1990,241807550.0550180078
ukr,1991,268690715.9803770185
ukr,1992,278343669.1245029569
ukr,1993,269990426.0674110055
ukr,1994,275096165.0102170110
ukr,1995,267434629.2961850166
ukr,1996,217833830.0275070071
ukr,1999,109568870.0398250073
ukr,2000,105387933.5545610040
ukr,2001,119523047.0829550028
ukr,2002,133552555.7246580124
ukr,2003,148409119.8680409789
ukr,2004,187333722.8972159922
ukr,2005,257586970.1354439855
ukr,2007,396302547.6796140075
ukr,2008,508464592.6992599368
ukr,2009,324531120.4308620095
ukr,2010,334716153.5493919849
ukr,2011,365889582.9143769741
ukr,2012,383068319.0940669775
ukr,2013,399461020.3687240481
ukr,2014,294107097.9641749859
ukr,2015,296972301.3471069932
ukr,2016,281507327.8362579942
ukr,2017,297213110.7862539887
are,1990,33701975.4442628995
are,1991,40490183.4968591034
are,1992,47560104.0098438933
are,1993,50109249.1408573985
are,1994,52301771.6800585017
are,1995,57942158.7596281022
are,1996,61742222.7462180033
are,1997,59609732.2368826047
are,1998,61401738.7913739979
are,1999,70494451.6224038005
are,2000,79017005.0568804145
are,2001,79645427.7435507923
are,2002,86426917.2213372886
are,2003,89939410.1060601026
are,2004,98691223.7506545037
are,2005,115096892.5269830078
are,2006,127210660.7422749996
are,2007,152001863.5973289907
are,2008,186513206.1301860213
are,2009,173042066.1414009929
are,2010,198246998.9860219955
are,2011,235206637.1700519919
are,2012,255385029.5406920016
are,2013,279312938.9173169732
are,2014,307363655.8517810106
are,2015,304123132.4729329944
are,2016,334820621.7813430429
are,2017,399141519.8494319916
gbr,1990,1764406461.6875102520
gbr,1991,1771056252.3582100868
gbr,1992,1755176881.8748099804
gbr,1993,1451626200.9802000523
gbr,1994,1430627773.2396700382
gbr,1995,1644802751.1359901428
gbr,1996,1611647696.4807000160
gbr,1997,1638870061.9758400917
gbr,1998,1639723951.7611100674
gbr,1999,1613797392.1558699608
gbr,2000,1507708025.0391600132
gbr,2001,1426176654.0727598667
gbr,2002,1577222653.6399300098
gbr,2003,1866946179.3244602680
gbr,2004,2059987699.0743198395
gbr,2005,2094770941.4851500988
gbr,2006,2253040187.2521700859
gbr,2007,2500791914.0321002007
gbr,2008,2414247770.7711000443
gbr,2009,2007145512.4375398159
gbr,2010,2004139289.7545301914
gbr,2011,2071492934.3355600834
gbr,2012,1932906129.4804198742
gbr,2013,1977178016.1185300350
gbr,2014,2028454458.1695699692
gbr,2015,1969589099.4862897396
gbr,2016,1799663902.0810101032
gbr,2017,1748187689.1184401512
usa,1990,8816283032.0794200897
usa,1991,8906522055.6498908997
usa,1992,9210640352.8635902405
usa,1993,9545987525.2714710236
usa,1994,10003316241.6163997650
usa,1995,10322856488.0911006927
usa,1996,10693128530.2413005829
usa,1997,11112604115.8489990234
usa,1998,11319432829.2334003448
usa,1999,12106613771.5883998871
usa,2000,13103681075.6987991333
usa,2001,14150126107.2842006683
usa,2002,15079099999.2873992920
usa,2003,16011369212.3593997955
usa,2004,16616377504.9225997925
usa,2005,17810697686.9826011658
usa,2006,18803882897.7507019043
usa,2007,19288886531.4720001221
usa,2008,20201265854.1318016052
usa,2009,20409993767.5971984863
usa,2010,20255344279.3316001892
usa,2011,21709018638.3605995178
usa,2012,21554906448.9280014038
usa,2013,21692473676.5043983459
usa,2014,21595588146.8718986511
usa,2015,22203655259.2429008484
usa,2016,22013472920.6796989441
usa,2017,23052194720.3498001099
ury,1990,16968667.5220392011
ury,1991,17821626.8282863013
ury,1992,20321736.1834951006
ury,1993,24415512.6424672008
ury,1994,26734419.7675065994
ury,1995,30464202.0027898028
ury,1996,30811621.8040981032
ury,1997,33486280.4395185001
ury,1998,35347573.7008524016
ury,1999,34501491.9537696019
ury,2000,33379108.6671263985
ury,2001,31317000.6446631029
ury,2002,21271120.1703242995
ury,2003,17102410.5367950015
ury,2004,16661145.7699241005
ury,2005,17971045.0102448985
ury,2006,20437452.0541613996
ury,2007,25349556.7559680007
ury,2008,30848635.2074043043
ury,2009,32042609.6830164008
ury,2010,37874471.7835400030
ury,2011,46051209.7980962917
ury,2012,45094170.2735803947
ury,2013,49145604.4483412057
ury,2014,46593435.2482128963
ury,2015,43920798.2140950039
ury,2016,41396696.5868632048
ury,2017,43889990.2143521011
uzb,1990,175810165.9067350030
uzb,1991,179589223.5484440029
uzb,1992,183710846.8234759867
uzb,1993,185625546.3420999944
uzb,1994,187380233.8220340014
uzb,1995,181771415.3677980006
uzb,1996,174791038.5428909957
uzb,1997,167300734.2687509954
uzb,1998,158240223.9031740129
uzb,1999,165071139.5121529996
uzb,2000,122998669.3358090073
uzb,2001,96747570.4977434129
uzb,2002,79012442.8480996042
uzb,2003,78911466.1552999020
uzb,2004,87310045.6642834991
uzb,2005,98284805.4896845967
uzb,2006,111026805.1349560022
uzb,2007,132053445.1008939892
uzb,2008,163979394.3293220103
uzb,2009,178053394.4349260032
uzb,2010,199618070.3806139827
uzb,2011,232693628.9271200299
uzb,2012,251588338.5303299725
uzb,2013,272554780.5846529603
uzb,2014,282178261.0954909921
uzb,2015,294683796.8695049882
uzb,2016,278281812.0731899738
uzb,2017,205747637.9905979931
vut,1990,3119388.9362716302
vut,1991,3647693.2011667802
vut,1992,3721121.7140086801
vut,1993,3563803.0530301002
vut,1994,3876552.7956132996
vut,1995,4151755.1016026302
vut,1996,4346247.2265793998
vut,1997,4412679.1329331696
vut,1998,4576079.0808846904
vut,1999,4835636.9914332302
vut,2000,4812112.1722969804
vut,2001,4861799.7121904399
vut,2002,5267576.4221793404
vut,2003,6017742.5775732603
vut,2004,6573040.4797650995
vut,2005,6654785.3221640904
vut,2006,6934867.0638190601
vut,2007,8052424.7142355600
vut,2008,8799551.8437800203
vut,2009,8685931.9617056902
vut,2010,9970422.4328145199
vut,2011,11017737.6024853997
vut,2012,10667016.5405494012
vut,2013,10672047.6957469005
vut,2014,10577145.0080191977
vut,2015,9579681.4009622298
vut,2016,9860238.7018016800
vut,2017,10380589.1574951988
ven,1990,122862798.4294250011
ven,1991,121819128.0372560024
ven,1992,134458538.0782479942
ven,1993,135398292.3730639815
ven,1994,138740416.9461469948
ven,1995,176603787.0557979941
ven,1996,154355035.8568190038
ven,1997,170115315.9028500021
ven,1998,190368919.5597690046
ven,1999,209812295.4227360189
ven,2000,243813194.0420539975
ven,2001,257896380.3539950252
ven,2002,211857659.9084379971
ven,2003,204537074.4145870209
ven,2004,210054135.9269480109
ven,2005,236094588.1469950080
ven,2006,273015862.6075089574
ven,2007,336110949.4216650128
ven,2008,483247944.4124400616
ven,2009,562607324.1868349314
ven,2010,668461935.8817240000
ven,2011,529812156.5406719446
ven,2012,626205625.5816860199
ven,2013,611690820.1037219763
ven,2014,789879893.3550750017
vnm,1990,34124969.7436443940
vnm,1991,47798005.9144948944
vnm,1992,44400894.1769065037
vnm,1993,54201336.3206327036
vnm,1994,59907925.4263890982
vnm,1995,69772456.2409057021
vnm,1996,75835573.9075980932
vnm,1997,77021122.9739284962
vnm,1998,74369071.0455719978
vnm,1999,76606540.7251860052
vnm,2000,79017402.2149856985
vnm,2001,80006617.9061540067
vnm,2002,82584584.3713051975
vnm,2003,90842562.3274112046
vnm,2004,101574035.5519069880
vnm,2005,124847916.5985060036
vnm,2006,142454554.5527749956
vnm,2007,165154743.2917620242
vnm,2008,214530145.1461209953
vnm,2009,228794404.6793899834
vnm,2010,247814004.5597850084
vnm,2011,288541226.6713539958
vnm,2012,319597911.1686130166
vnm,2013,349761872.2658770084
vnm,2014,371557401.2445790172
vnm,2015,390662422.5650309920
vnm,2016,401356054.5657970309
vnm,2017,419642509.0027580261
vir,1990,2391315.9156595701
vir,1991,2472015.6975165498
vir,1992,2576435.7931565200
vir,1993,2759925.4284483199
vir,2002,6133505.9539649896
vir,2003,6454534.2579999696
vir,2004,6898305.4647845402
vir,2005,7799575.9891670896
vir,2006,7714232.7242245302
vir,2007,8078009.8585498296
vir,2008,7303646.0812587896
vir,2009,7957778.3513345597
vir,2010,8309488.6051485995
vir,2011,8739034.1120733507
vir,2012,9348658.3994142208
vir,2013,8689458.0089671407
vir,2014,7776743.4051829204
vir,2015,7632845.5873128902
yem,1990,330210100.1301249862
yem,1991,323951550.3440409899
yem,1992,325470216.2715390325
yem,1993,260099507.0731169879
yem,1994,184822828.5641659796
yem,1995,175182740.8800389767
yem,1996,221363362.6382450163
yem,1997,241512729.7297870219
yem,1998,203782618.7330070138
yem,1999,230716229.5523830056
yem,2000,269792180.4221450090
yem,2001,265702402.8076069951
yem,2002,280134916.5728139877
yem,2003,289518427.4002130032
yem,2004,318414493.4249709845
yem,2005,345860750.3216629624
yem,2006,361294895.5731549859
yem,2007,386222831.3684880137
yem,2008,451214048.1164919734
yem,2009,394908781.6700990200
yem,2010,438140330.4375479817
yem,2011,524462370.5916190147
yem,2012,537573488.7710969448
yem,2013,583926487.0633569956
yem,2014,594326009.7078120708
yem,2015,758347269.7970690727
yem,2016,667175840.9985259771
yem,2017,570654490.3943769932
zmb,1990,84954282.6024231017
zmb,1991,85830182.4576086998
zmb,1992,79790371.0402195901
zmb,1993,75496431.9158257991
zmb,1994,88459848.9655430019
zmb,1995,83863827.3271089941
zmb,1996,70149168.8010973036
zmb,1997,76346226.0043025911
zmb,1998,58726998.5668265969
zmb,1999,51589649.8040937036
zmb,2000,50649934.4731812030
zmb,2001,52264334.2396138981
zmb,2002,49744667.4080912024
zmb,2003,54830887.0597393960
zmb,2004,67595540.6361548901
zmb,2005,88626806.9039752930
zmb,2006,130827365.1798280030
zmb,2007,137355721.3808990121
zmb,2008,169885609.6113669872
zmb,2009,135642631.6010510027
zmb,2010,171456867.2889269888
zmb,2011,197429122.0413129926
zmb,2012,207692005.3592529893
zmb,2013,220487407.9443410039
zmb,2014,206663083.7820459902
zmb,2015,155647116.9837409854
zmb,2016,149124601.4916370213
zmb,2017,174211578.1295970082
zwe,1990,88869851.3073495030
zwe,1991,76920671.4632247984
zwe,1992,61069382.8224107027
zwe,1993,55016717.4403119981
zwe,1994,51151322.2261159942
zwe,1995,51712024.6761469990
zwe,1996,54502801.3558685035
zwe,1997,54112195.8051028997
zwe,1998,41855822.4582507014
zwe,1999,50693908.4692659974
zwe,2000,55553985.2256368995
zwe,2001,58278614.2534291968
zwe,2002,61424411.3705877960
zwe,2003,64638291.4698218033
zwe,2004,64145341.1681892127
zwe,2005,63114698.4607537016
zwe,2006,55597013.5630852059
zwe,2007,51737341.7500455976
zwe,2008,49062538.6080043986
zwe,2009,93394816.6209370047
zwe,2010,99205053.8273424059
zwe,2011,109734520.3767500073
zwe,2012,122354247.9644529969
zwe,2013,146574742.0840660036
zwe,2014,157021719.9382739961
zwe,2015,162797772.5445639789
zwe,2016,168035000.8737559915
zwe,2017,169743161.8078950047
