country,year,dt_ixf_dppg_cd
eap,1970,0.0000000000
eap,1971,0.0000000000
eap,1972,0.0000000000
eap,1973,0.0000000000
eap,1974,0.0000000000
eap,1975,0.0000000000
eap,1976,0.0000000000
eap,1977,0.0000000000
eap,1978,0.0000000000
eap,1979,0.0000000000
eap,1980,0.0000000000
eap,1981,0.0000000000
eap,1982,0.0000000000
eap,1983,0.0000000000
eap,1984,0.0000000000
eap,1985,0.0000000000
eap,1986,0.0000000000
eap,1987,0.0000000000
eap,1988,0.0000000000
eap,1989,0.0000000000
eap,1990,0.0000000000
eap,1991,4617310.7000000002
eap,1992,3733594.2000000002
eap,1993,19643659.6000000015
eap,1994,0.0000000000
eap,1995,7259882.2999999998
eap,1996,0.0000000000
eap,1997,0.0000000000
eap,1998,0.0000000000
eap,1999,0.0000000000
eap,2000,1631315000.0000000000
eap,2001,77471000.0000000000
eap,2002,0.0000000000
eap,2003,0.0000000000
eap,2004,314556.0000000000
eap,2005,6433928.0000000000
eap,2006,4043000.0000000000
eap,2007,942206.8000000000
eap,2008,7358.5000000000
eap,2009,349592.1000000000
eap,2010,0.0000000000
eap,2011,565526.6000000000
eap,2012,607871.5000000000
eap,2013,146000.0000000000
eap,2014,0.0000000000
eap,2015,10647.6000000000
eap,2016,0.0000000000
eap,2017,0.0000000000
eca,1970,0.0000000000
eca,1971,0.0000000000
eca,1972,0.0000000000
eca,1973,0.0000000000
eca,1974,0.0000000000
eca,1975,0.0000000000
eca,1976,0.0000000000
eca,1977,0.0000000000
eca,1978,0.0000000000
eca,1979,0.0000000000
eca,1980,0.0000000000
eca,1981,0.0000000000
eca,1982,0.0000000000
eca,1983,0.0000000000
eca,1984,0.0000000000
eca,1985,0.0000000000
eca,1986,0.0000000000
eca,1987,0.0000000000
eca,1988,0.0000000000
eca,1989,0.0000000000
eca,1990,0.0000000000
eca,1991,0.0000000000
eca,1992,0.0000000000
eca,1993,0.0000000000
eca,1994,0.0000000000
eca,1995,85028.7000000000
eca,1996,14491000.0000000000
eca,1997,2481000.0000000000
eca,1998,0.0000000000
eca,1999,0.0000000000
eca,2000,390000.0000000000
eca,2001,2559646.6000000001
eca,2002,508492181.8999999762
eca,2003,81159428.9000000060
eca,2004,570268600.7000000477
eca,2005,19529004.1999999993
eca,2006,16629807.6999999993
eca,2007,38000.0000000000
eca,2008,0.0000000000
eca,2009,1701998.3999999999
eca,2010,0.0000000000
eca,2011,0.0000000000
eca,2012,0.0000000000
eca,2013,2566807.2000000002
eca,2014,0.0000000000
eca,2015,83188.9000000000
eca,2016,0.0000000000
eca,2017,0.0000000000
idx,1970,0.0000000000
idx,1971,0.0000000000
idx,1972,0.0000000000
idx,1973,0.0000000000
idx,1974,0.0000000000
idx,1975,0.0000000000
idx,1976,0.0000000000
idx,1977,0.0000000000
idx,1978,0.0000000000
idx,1979,0.0000000000
idx,1980,0.0000000000
idx,1981,0.0000000000
idx,1982,0.0000000000
idx,1983,0.0000000000
idx,1984,0.0000000000
idx,1985,0.0000000000
idx,1986,0.0000000000
idx,1987,0.0000000000
idx,1988,0.0000000000
idx,1989,141291759.5000000000
idx,1990,85373385.2999999970
idx,1991,394565024.0000000000
idx,1992,112392500.2000000030
idx,1993,134690086.5999999940
idx,1994,410862955.8000000119
idx,1995,986122203.2999999523
idx,1996,1063620029.2999999523
idx,1997,494078802.8000000119
idx,1998,574604835.7999999523
idx,1999,1020796629.8999999762
idx,2000,274736878.8000000119
idx,2001,1068665676.7000000477
idx,2002,2073016365.5999999046
idx,2003,467438950.3999999762
idx,2004,759863149.7999999523
idx,2005,2675899603.3000001907
idx,2006,209864783.1999999881
idx,2007,216180039.0000000000
idx,2008,567868880.1000000238
idx,2009,1850115507.7000000477
idx,2010,705537756.0000000000
idx,2011,321240858.0000000000
idx,2012,34092586.1000000015
idx,2013,183388369.8000000119
idx,2014,25583936.5000000000
idx,2015,21032068.1999999993
idx,2016,16632274.3000000007
idx,2017,21534316.5000000000
lac,1970,0.0000000000
lac,1971,0.0000000000
lac,1972,0.0000000000
lac,1973,0.0000000000
lac,1974,0.0000000000
lac,1975,0.0000000000
lac,1976,0.0000000000
lac,1977,0.0000000000
lac,1978,0.0000000000
lac,1979,0.0000000000
lac,1980,0.0000000000
lac,1981,0.0000000000
lac,1982,0.0000000000
lac,1983,0.0000000000
lac,1984,0.0000000000
lac,1985,0.0000000000
lac,1986,0.0000000000
lac,1987,0.0000000000
lac,1988,0.0000000000
lac,1989,95192205.5999999940
lac,1990,259457606.3000000119
lac,1991,242836996.5999999940
lac,1992,38121477.2000000030
lac,1993,8329099.9000000004
lac,1994,185196198.3000000119
lac,1995,773109233.6000000238
lac,1996,1691819187.7999999523
lac,1997,15240406.4000000004
lac,1998,24825651.8000000007
lac,1999,32460375.1999999993
lac,2000,20127497.1000000015
lac,2001,388367635.8999999762
lac,2002,201858478.5999999940
lac,2003,199095835.5999999940
lac,2004,226486051.4000000060
lac,2005,142333272.1999999881
lac,2006,459703795.8000000119
lac,2007,60124575.8999999985
lac,2008,43554479.5000000000
lac,2009,20322061.3999999985
lac,2010,15917333.5999999996
lac,2011,23347170.6999999993
lac,2012,77916654.2999999970
lac,2013,65362302.1000000015
lac,2014,15351082.5999999996
lac,2015,13638743.0999999996
lac,2016,10830711.8000000007
lac,2017,12566373.5999999996
lmy,1970,0.0000000000
lmy,1971,0.0000000000
lmy,1972,0.0000000000
lmy,1973,0.0000000000
lmy,1974,0.0000000000
lmy,1975,0.0000000000
lmy,1976,0.0000000000
lmy,1977,0.0000000000
lmy,1978,0.0000000000
lmy,1979,0.0000000000
lmy,1980,0.0000000000
lmy,1981,0.0000000000
lmy,1982,0.0000000000
lmy,1983,0.0000000000
lmy,1984,0.0000000000
lmy,1985,0.0000000000
lmy,1986,0.0000000000
lmy,1987,0.0000000000
lmy,1988,0.0000000000
lmy,1989,233756826.9000000060
lmy,1990,2828190377.3000001907
lmy,1991,631020150.3999999762
lmy,1992,295822899.3000000119
lmy,1993,309206371.3999999762
lmy,1994,695392072.1000000238
lmy,1995,1000863625.0000000000
lmy,1996,1871602861.5999999046
lmy,1997,603830466.2000000477
lmy,1998,599087349.2000000477
lmy,1999,1047533820.0000000000
lmy,2000,1916646500.5000000000
lmy,2001,1374449677.9000000954
lmy,2002,2674015300.3000001907
lmy,2003,672331135.8999999762
lmy,2004,1856411270.2999999523
lmy,2005,2760836849.5999999046
lmy,2006,749373509.7000000477
lmy,2007,570701017.0000000000
lmy,2008,623703537.2000000477
lmy,2009,2013985533.7999999523
lmy,2010,780440454.0000000000
lmy,2011,327289489.1999999881
lmy,2012,118877305.4000000060
lmy,2013,243860703.5000000000
lmy,2014,37548584.8999999985
lmy,2015,34280746.3999999985
lmy,2016,27210642.1999999993
lmy,2017,32919346.8999999985
lic,1970,0.0000000000
lic,1971,0.0000000000
lic,1972,0.0000000000
lic,1973,0.0000000000
lic,1974,0.0000000000
lic,1975,0.0000000000
lic,1976,0.0000000000
lic,1977,0.0000000000
lic,1978,0.0000000000
lic,1979,0.0000000000
lic,1980,0.0000000000
lic,1981,0.0000000000
lic,1982,0.0000000000
lic,1983,0.0000000000
lic,1984,0.0000000000
lic,1985,0.0000000000
lic,1986,0.0000000000
lic,1987,0.0000000000
lic,1988,0.0000000000
lic,1989,129213584.5000000000
lic,1990,50569917.5000000000
lic,1991,170882838.0999999940
lic,1992,90557946.5000000000
lic,1993,92597562.2999999970
lic,1994,110546464.2999999970
lic,1995,184374871.0999999940
lic,1996,123158049.0999999940
lic,1997,487963132.0000000000
lic,1998,532131266.3999999762
lic,1999,952627377.2999999523
lic,2000,219467983.4000000060
lic,2001,657729028.3999999762
lic,2002,1685190288.5999999046
lic,2003,151423929.8000000119
lic,2004,461348404.6000000238
lic,2005,2522027570.5999999046
lic,2006,158747505.6999999881
lic,2007,162292947.3000000119
lic,2008,525317694.3999999762
lic,2009,1335590299.2999999523
lic,2010,486970925.8999999762
lic,2011,215340323.0999999940
lic,2012,32248275.1999999993
lic,2013,175496943.5000000000
lic,2014,24061125.6999999993
lic,2015,20202852.3999999985
lic,2016,15919936.9000000004
lic,2017,21138157.1000000015
lmc,1970,0.0000000000
lmc,1971,0.0000000000
lmc,1972,0.0000000000
lmc,1973,0.0000000000
lmc,1974,0.0000000000
lmc,1975,0.0000000000
lmc,1976,0.0000000000
lmc,1977,0.0000000000
lmc,1978,0.0000000000
lmc,1979,0.0000000000
lmc,1980,0.0000000000
lmc,1981,0.0000000000
lmc,1982,0.0000000000
lmc,1983,0.0000000000
lmc,1984,0.0000000000
lmc,1985,0.0000000000
lmc,1986,0.0000000000
lmc,1987,0.0000000000
lmc,1988,0.0000000000
lmc,1989,104130036.7999999970
lmc,1990,2588594957.9000000954
lmc,1991,446564680.5000000000
lmc,1992,175783038.1999999881
lmc,1993,210820930.8000000119
lmc,1994,399593230.0000000000
lmc,1995,816488753.8999999762
lmc,1996,966968235.8999999762
lmc,1997,112632238.5999999940
lmc,1998,65932734.7000000030
lmc,1999,88169453.0999999940
lmc,2000,1696376085.5000000000
lmc,2001,715584431.0000000000
lmc,2002,474467137.5000000000
lmc,2003,410516968.3999999762
lmc,2004,813999387.3999999762
lmc,2005,194003007.4000000060
lmc,2006,174312150.9000000060
lmc,2007,400301068.6000000238
lmc,2008,90551060.5999999940
lmc,2009,666269521.2000000477
lmc,2010,282515087.0000000000
lmc,2011,106303934.0999999940
lmc,2012,10238042.6999999993
lmc,2013,5198107.0000000000
lmc,2014,1522810.8000000000
lmc,2015,926196.1000000000
lmc,2016,719337.4000000000
lmc,2017,399159.4000000000
mna,1970,0.0000000000
mna,1971,0.0000000000
mna,1972,0.0000000000
mna,1973,0.0000000000
mna,1974,0.0000000000
mna,1975,0.0000000000
mna,1976,0.0000000000
mna,1977,0.0000000000
mna,1978,0.0000000000
mna,1979,0.0000000000
mna,1980,0.0000000000
mna,1981,0.0000000000
mna,1982,0.0000000000
mna,1983,0.0000000000
mna,1984,0.0000000000
mna,1985,0.0000000000
mna,1986,0.0000000000
mna,1987,0.0000000000
mna,1988,0.0000000000
mna,1989,560223.2000000000
mna,1990,2481426800.0000000000
mna,1991,215075320.3000000119
mna,1992,154580472.0000000000
mna,1993,150153455.3000000119
mna,1994,80856106.7999999970
mna,1995,6776030.2000000002
mna,1996,4499875.5000000000
mna,1997,340207557.8000000119
mna,1998,637121.0000000000
mna,1999,465707830.1000000238
mna,2000,175768.4000000000
mna,2001,165416.2000000000
mna,2002,37954482.8999999985
mna,2003,4625764.7000000002
mna,2004,261342765.5999999940
mna,2005,2258185268.9000000954
mna,2006,741538.7000000000
mna,2007,44486504.3999999985
mna,2008,582799.0000000000
mna,2009,0.0000000000
mna,2010,12207.5000000000
mna,2011,0.0000000000
mna,2012,0.0000000000
mna,2013,0.0000000000
mna,2014,0.0000000000
mna,2015,0.0000000000
mna,2016,254021.1000000000
mna,2017,6092235.2000000002
mic,1970,0.0000000000
mic,1971,0.0000000000
mic,1972,0.0000000000
mic,1973,0.0000000000
mic,1974,0.0000000000
mic,1975,0.0000000000
mic,1976,0.0000000000
mic,1977,0.0000000000
mic,1978,0.0000000000
mic,1979,0.0000000000
mic,1980,0.0000000000
mic,1981,0.0000000000
mic,1982,0.0000000000
mic,1983,0.0000000000
mic,1984,0.0000000000
mic,1985,0.0000000000
mic,1986,0.0000000000
mic,1987,0.0000000000
mic,1988,0.0000000000
mic,1989,104543242.4000000060
mic,1990,2777620459.8000001907
mic,1991,460137312.3000000119
mic,1992,205264952.8000000119
mic,1993,216608809.0999999940
mic,1994,584845607.7999999523
mic,1995,816488753.8999999762
mic,1996,1748444812.5000000000
mic,1997,115867334.2000000030
mic,1998,66956082.7999999970
mic,1999,94906442.7000000030
mic,2000,1697178517.0999999046
mic,2001,716720649.5000000000
mic,2002,988825011.7000000477
mic,2003,520907206.1000000238
mic,2004,1395062865.7000000477
mic,2005,238809279.0000000000
mic,2006,590626004.0000000000
mic,2007,408408069.6999999881
mic,2008,98385842.7999999970
mic,2009,678395234.5000000000
mic,2010,293469528.1000000238
mic,2011,111949166.0999999940
mic,2012,86629030.2000000030
mic,2013,68363760.0000000000
mic,2014,13487459.1999999993
mic,2015,14077894.0000000000
mic,2016,11290705.3000000007
mic,2017,11781189.8000000007
sas,1970,0.0000000000
sas,1971,0.0000000000
sas,1972,0.0000000000
sas,1973,0.0000000000
sas,1974,0.0000000000
sas,1975,0.0000000000
sas,1976,0.0000000000
sas,1977,0.0000000000
sas,1978,0.0000000000
sas,1979,0.0000000000
sas,1980,0.0000000000
sas,1981,0.0000000000
sas,1982,0.0000000000
sas,1983,0.0000000000
sas,1984,0.0000000000
sas,1985,0.0000000000
sas,1986,0.0000000000
sas,1987,0.0000000000
sas,1988,0.0000000000
sas,1989,0.0000000000
sas,1990,0.0000000000
sas,1991,350000.0000000000
sas,1992,0.0000000000
sas,1993,0.0000000000
sas,1994,0.0000000000
sas,1995,0.0000000000
sas,1996,0.0000000000
sas,1997,0.0000000000
sas,1998,0.0000000000
sas,1999,0.0000000000
sas,2000,0.0000000000
sas,2001,0.0000000000
sas,2002,0.0000000000
sas,2003,12339110.0000000000
sas,2004,16129093.0999999996
sas,2005,0.0000000000
sas,2006,0.0000000000
sas,2007,718000.0000000000
sas,2008,10503366.8000000007
sas,2009,1438000.0000000000
sas,2010,1325000.0000000000
sas,2011,1254000.0000000000
sas,2012,1254000.0000000000
sas,2013,935000.0000000000
sas,2014,263000.0000000000
sas,2015,263000.0000000000
sas,2016,185000.0000000000
sas,2017,186000.0000000000
ssa,1970,0.0000000000
ssa,1971,0.0000000000
ssa,1972,0.0000000000
ssa,1973,0.0000000000
ssa,1974,0.0000000000
ssa,1975,0.0000000000
ssa,1976,0.0000000000
ssa,1977,0.0000000000
ssa,1978,0.0000000000
ssa,1979,0.0000000000
ssa,1980,0.0000000000
ssa,1981,0.0000000000
ssa,1982,0.0000000000
ssa,1983,0.0000000000
ssa,1984,0.0000000000
ssa,1985,0.0000000000
ssa,1986,0.0000000000
ssa,1987,0.0000000000
ssa,1988,0.0000000000
ssa,1989,138004398.0999999940
ssa,1990,87305971.0000000000
ssa,1991,168140522.8000000119
ssa,1992,99387355.9000000060
ssa,1993,131080156.5999999940
ssa,1994,429339767.0000000000
ssa,1995,213633450.1999999881
ssa,1996,160792798.3000000119
ssa,1997,245901502.0000000000
ssa,1998,573624576.3999999762
ssa,1999,549365614.7000000477
ssa,2000,264638235.0000000000
ssa,2001,905885979.2000000477
ssa,2002,1925710156.9000000954
ssa,2003,375110996.6999999881
ssa,2004,781870203.5000000000
ssa,2005,334355376.3000000119
ssa,2006,268255367.5000000000
ssa,2007,464391729.8999999762
ssa,2008,569055533.3999999762
ssa,2009,1990173881.9000000954
ssa,2010,763185912.8999999762
ssa,2011,302122791.8999999762
ssa,2012,39098779.6000000015
ssa,2013,174850594.1999999881
ssa,2014,21934502.3000000007
ssa,2015,20285166.8000000007
ssa,2016,15940909.3000000007
ssa,2017,14074738.0999999996
umc,1970,0.0000000000
umc,1971,0.0000000000
umc,1972,0.0000000000
umc,1973,0.0000000000
umc,1974,0.0000000000
umc,1975,0.0000000000
umc,1976,0.0000000000
umc,1977,0.0000000000
umc,1978,0.0000000000
umc,1979,0.0000000000
umc,1980,0.0000000000
umc,1981,0.0000000000
umc,1982,0.0000000000
umc,1983,0.0000000000
umc,1984,0.0000000000
umc,1985,0.0000000000
umc,1986,0.0000000000
umc,1987,0.0000000000
umc,1988,0.0000000000
umc,1989,413205.6000000000
umc,1990,189025501.9000000060
umc,1991,13572631.8000000007
umc,1992,29481914.6000000015
umc,1993,5787878.2999999998
umc,1994,185252377.8000000119
umc,1995,0.0000000000
umc,1996,781476576.6000000238
umc,1997,3235095.6000000001
umc,1998,1023348.1000000000
umc,1999,6736989.5999999996
umc,2000,802431.6000000000
umc,2001,1136218.5000000000
umc,2002,514357874.1999999881
umc,2003,110390237.7000000030
umc,2004,581063478.2999999523
umc,2005,44806271.6000000015
umc,2006,416313853.1000000238
umc,2007,8107001.0999999996
umc,2008,7834782.2000000002
umc,2009,12125713.3000000007
umc,2010,10954441.0999999996
umc,2011,5645232.0000000000
umc,2012,76390987.5000000000
umc,2013,63165653.0000000000
umc,2014,11964648.4000000004
umc,2015,13151697.9000000004
umc,2016,10571367.9000000004
umc,2017,11382030.4000000004
afg,1970,0.0000000000
afg,1971,0.0000000000
afg,1972,0.0000000000
afg,1973,0.0000000000
afg,1974,0.0000000000
afg,1975,0.0000000000
afg,1976,0.0000000000
afg,1977,0.0000000000
afg,1978,0.0000000000
afg,1979,0.0000000000
afg,1980,0.0000000000
afg,1981,0.0000000000
afg,1982,0.0000000000
afg,1983,0.0000000000
afg,1984,0.0000000000
afg,1985,0.0000000000
afg,1986,0.0000000000
afg,1987,0.0000000000
afg,1988,0.0000000000
afg,1989,0.0000000000
afg,1990,0.0000000000
afg,1991,0.0000000000
afg,1992,0.0000000000
afg,1993,0.0000000000
afg,1994,0.0000000000
afg,1995,0.0000000000
afg,1996,0.0000000000
afg,1997,0.0000000000
afg,1998,0.0000000000
afg,1999,0.0000000000
afg,2000,0.0000000000
afg,2001,0.0000000000
afg,2002,0.0000000000
afg,2003,0.0000000000
afg,2004,0.0000000000
afg,2005,0.0000000000
afg,2006,0.0000000000
afg,2007,718000.0000000000
afg,2008,10503366.8000000007
afg,2009,1438000.0000000000
afg,2010,1325000.0000000000
afg,2011,1254000.0000000000
afg,2012,1254000.0000000000
afg,2013,935000.0000000000
afg,2014,263000.0000000000
afg,2015,263000.0000000000
afg,2016,185000.0000000000
afg,2017,186000.0000000000
alb,1970,0.0000000000
alb,1971,0.0000000000
alb,1972,0.0000000000
alb,1973,0.0000000000
alb,1974,0.0000000000
alb,1975,0.0000000000
alb,1976,0.0000000000
alb,1977,0.0000000000
alb,1978,0.0000000000
alb,1979,0.0000000000
alb,1980,0.0000000000
alb,1981,0.0000000000
alb,1982,0.0000000000
alb,1983,0.0000000000
alb,1984,0.0000000000
alb,1985,0.0000000000
alb,1986,0.0000000000
alb,1987,0.0000000000
alb,1988,0.0000000000
alb,1989,0.0000000000
alb,1990,0.0000000000
alb,1991,0.0000000000
alb,1992,0.0000000000
alb,1993,0.0000000000
alb,1994,0.0000000000
alb,1995,0.0000000000
alb,1996,0.0000000000
alb,1997,0.0000000000
alb,1998,0.0000000000
alb,1999,0.0000000000
alb,2000,0.0000000000
alb,2001,0.0000000000
alb,2002,0.0000000000
alb,2003,0.0000000000
alb,2004,0.0000000000
alb,2005,0.0000000000
alb,2006,0.0000000000
alb,2007,0.0000000000
alb,2008,0.0000000000
alb,2009,0.0000000000
alb,2010,0.0000000000
alb,2011,0.0000000000
alb,2012,0.0000000000
alb,2013,0.0000000000
alb,2014,0.0000000000
alb,2015,0.0000000000
alb,2016,0.0000000000
alb,2017,0.0000000000
dza,1970,0.0000000000
dza,1971,0.0000000000
dza,1972,0.0000000000
dza,1973,0.0000000000
dza,1974,0.0000000000
dza,1975,0.0000000000
dza,1976,0.0000000000
dza,1977,0.0000000000
dza,1978,0.0000000000
dza,1979,0.0000000000
dza,1980,0.0000000000
dza,1981,0.0000000000
dza,1982,0.0000000000
dza,1983,0.0000000000
dza,1984,0.0000000000
dza,1985,0.0000000000
dza,1986,0.0000000000
dza,1987,0.0000000000
dza,1988,0.0000000000
dza,1989,0.0000000000
dza,1990,0.0000000000
dza,1991,0.0000000000
dza,1992,0.0000000000
dza,1993,0.0000000000
dza,1994,0.0000000000
dza,1995,0.0000000000
dza,1996,0.0000000000
dza,1997,0.0000000000
dza,1998,0.0000000000
dza,1999,0.0000000000
dza,2000,0.0000000000
dza,2001,0.0000000000
dza,2002,0.0000000000
dza,2003,0.0000000000
dza,2004,0.0000000000
dza,2005,0.0000000000
dza,2006,0.0000000000
dza,2007,0.0000000000
dza,2008,0.0000000000
dza,2009,0.0000000000
dza,2010,0.0000000000
dza,2011,0.0000000000
dza,2012,0.0000000000
dza,2013,0.0000000000
dza,2014,0.0000000000
dza,2015,0.0000000000
dza,2016,0.0000000000
dza,2017,0.0000000000
ago,1970,0.0000000000
ago,1971,0.0000000000
ago,1972,0.0000000000
ago,1973,0.0000000000
ago,1974,0.0000000000
ago,1975,0.0000000000
ago,1976,0.0000000000
ago,1977,0.0000000000
ago,1978,0.0000000000
ago,1979,0.0000000000
ago,1980,0.0000000000
ago,1981,0.0000000000
ago,1982,0.0000000000
ago,1983,0.0000000000
ago,1984,0.0000000000
ago,1985,0.0000000000
ago,1986,0.0000000000
ago,1987,0.0000000000
ago,1988,0.0000000000
ago,1989,0.0000000000
ago,1990,0.0000000000
ago,1991,0.0000000000
ago,1992,0.0000000000
ago,1993,0.0000000000
ago,1994,0.0000000000
ago,1995,0.0000000000
ago,1996,2960000.0000000000
ago,1997,0.0000000000
ago,1998,0.0000000000
ago,1999,0.0000000000
ago,2000,0.0000000000
ago,2001,0.0000000000
ago,2002,0.0000000000
ago,2003,0.0000000000
ago,2004,40030000.0000000000
ago,2005,15673197.5999999996
ago,2006,4929000.0000000000
ago,2007,7631922.0999999996
ago,2008,13093000.0000000000
ago,2009,0.0000000000
ago,2010,5095000.0000000000
ago,2011,0.0000000000
ago,2012,0.0000000000
ago,2013,0.0000000000
ago,2014,0.0000000000
ago,2015,0.0000000000
ago,2016,0.0000000000
ago,2017,0.0000000000
arg,1970,0.0000000000
arg,1971,0.0000000000
arg,1972,0.0000000000
arg,1973,0.0000000000
arg,1974,0.0000000000
arg,1975,0.0000000000
arg,1976,0.0000000000
arg,1977,0.0000000000
arg,1978,0.0000000000
arg,1979,0.0000000000
arg,1980,0.0000000000
arg,1981,0.0000000000
arg,1982,0.0000000000
arg,1983,0.0000000000
arg,1984,0.0000000000
arg,1985,0.0000000000
arg,1986,0.0000000000
arg,1987,0.0000000000
arg,1988,0.0000000000
arg,1989,0.0000000000
arg,1990,0.0000000000
arg,1991,0.0000000000
arg,1992,0.0000000000
arg,1993,0.0000000000
arg,1994,0.0000000000
arg,1995,0.0000000000
arg,1996,0.0000000000
arg,1997,0.0000000000
arg,1998,0.0000000000
arg,1999,0.0000000000
arg,2000,0.0000000000
arg,2001,0.0000000000
arg,2002,0.0000000000
arg,2003,0.0000000000
arg,2004,0.0000000000
arg,2005,10938839000.0000000000
arg,2006,0.0000000000
arg,2007,0.0000000000
arg,2008,0.0000000000
arg,2009,9916000.0000000000
arg,2010,2708742000.0000000000
arg,2011,1000.0000000000
arg,2012,0.0000000000
arg,2013,0.0000000000
arg,2014,450000.0000000000
arg,2015,0.0000000000
arg,2016,0.0000000000
arm,1970,0.0000000000
arm,1971,0.0000000000
arm,1972,0.0000000000
arm,1973,0.0000000000
arm,1974,0.0000000000
arm,1975,0.0000000000
arm,1976,0.0000000000
arm,1977,0.0000000000
arm,1978,0.0000000000
arm,1979,0.0000000000
arm,1980,0.0000000000
arm,1981,0.0000000000
arm,1982,0.0000000000
arm,1983,0.0000000000
arm,1984,0.0000000000
arm,1985,0.0000000000
arm,1986,0.0000000000
arm,1987,0.0000000000
arm,1988,0.0000000000
arm,1989,0.0000000000
arm,1990,0.0000000000
arm,1991,0.0000000000
arm,1992,0.0000000000
arm,1993,0.0000000000
arm,1994,0.0000000000
arm,1995,0.0000000000
arm,1996,0.0000000000
arm,1997,0.0000000000
arm,1998,0.0000000000
arm,1999,0.0000000000
arm,2000,0.0000000000
arm,2001,0.0000000000
arm,2002,0.0000000000
arm,2003,0.0000000000
arm,2004,0.0000000000
arm,2005,0.0000000000
arm,2006,0.0000000000
arm,2007,0.0000000000
arm,2008,0.0000000000
arm,2009,0.0000000000
arm,2010,0.0000000000
arm,2011,0.0000000000
arm,2012,0.0000000000
arm,2013,0.0000000000
arm,2014,0.0000000000
arm,2015,0.0000000000
arm,2016,0.0000000000
arm,2017,0.0000000000
aze,1970,0.0000000000
aze,1971,0.0000000000
aze,1972,0.0000000000
aze,1973,0.0000000000
aze,1974,0.0000000000
aze,1975,0.0000000000
aze,1976,0.0000000000
aze,1977,0.0000000000
aze,1978,0.0000000000
aze,1979,0.0000000000
aze,1980,0.0000000000
aze,1981,0.0000000000
aze,1982,0.0000000000
aze,1983,0.0000000000
aze,1984,0.0000000000
aze,1985,0.0000000000
aze,1986,0.0000000000
aze,1987,0.0000000000
aze,1988,0.0000000000
aze,1989,0.0000000000
aze,1990,0.0000000000
aze,1991,0.0000000000
aze,1992,0.0000000000
aze,1993,0.0000000000
aze,1994,0.0000000000
aze,1995,0.0000000000
aze,1996,0.0000000000
aze,1997,2481000.0000000000
aze,1998,0.0000000000
aze,1999,0.0000000000
aze,2000,0.0000000000
aze,2001,0.0000000000
aze,2002,0.0000000000
aze,2003,0.0000000000
aze,2004,0.0000000000
aze,2005,0.0000000000
aze,2006,0.0000000000
aze,2007,0.0000000000
aze,2008,0.0000000000
aze,2009,0.0000000000
aze,2010,0.0000000000
aze,2011,0.0000000000
aze,2012,0.0000000000
aze,2013,0.0000000000
aze,2014,0.0000000000
aze,2015,0.0000000000
aze,2016,0.0000000000
aze,2017,0.0000000000
bgd,1970,0.0000000000
bgd,1971,0.0000000000
bgd,1972,0.0000000000
bgd,1973,0.0000000000
bgd,1974,0.0000000000
bgd,1975,0.0000000000
bgd,1976,0.0000000000
bgd,1977,0.0000000000
bgd,1978,0.0000000000
bgd,1979,0.0000000000
bgd,1980,0.0000000000
bgd,1981,0.0000000000
bgd,1982,0.0000000000
bgd,1983,0.0000000000
bgd,1984,0.0000000000
bgd,1985,0.0000000000
bgd,1986,0.0000000000
bgd,1987,0.0000000000
bgd,1988,0.0000000000
bgd,1989,0.0000000000
bgd,1990,0.0000000000
bgd,1991,350000.0000000000
bgd,1992,0.0000000000
bgd,1993,0.0000000000
bgd,1994,0.0000000000
bgd,1995,0.0000000000
bgd,1996,0.0000000000
bgd,1997,0.0000000000
bgd,1998,0.0000000000
bgd,1999,0.0000000000
bgd,2000,0.0000000000
bgd,2001,0.0000000000
bgd,2002,0.0000000000
bgd,2003,12339110.0000000000
bgd,2004,16129093.0999999996
bgd,2005,0.0000000000
bgd,2006,0.0000000000
bgd,2007,0.0000000000
bgd,2008,0.0000000000
bgd,2009,0.0000000000
bgd,2010,0.0000000000
bgd,2011,0.0000000000
bgd,2012,0.0000000000
bgd,2013,0.0000000000
bgd,2014,0.0000000000
bgd,2015,0.0000000000
bgd,2016,0.0000000000
bgd,2017,0.0000000000
blr,1970,0.0000000000
blr,1971,0.0000000000
blr,1972,0.0000000000
blr,1973,0.0000000000
blr,1974,0.0000000000
blr,1975,0.0000000000
blr,1976,0.0000000000
blr,1977,0.0000000000
blr,1978,0.0000000000
blr,1979,0.0000000000
blr,1980,0.0000000000
blr,1981,0.0000000000
blr,1982,0.0000000000
blr,1983,0.0000000000
blr,1984,0.0000000000
blr,1985,0.0000000000
blr,1986,0.0000000000
blr,1987,0.0000000000
blr,1988,0.0000000000
blr,1989,0.0000000000
blr,1990,0.0000000000
blr,1991,0.0000000000
blr,1992,0.0000000000
blr,1993,0.0000000000
blr,1994,0.0000000000
blr,1995,0.0000000000
blr,1996,14491000.0000000000
blr,1997,0.0000000000
blr,1998,0.0000000000
blr,1999,0.0000000000
blr,2000,0.0000000000
blr,2001,0.0000000000
blr,2002,0.0000000000
blr,2003,0.0000000000
blr,2004,0.0000000000
blr,2005,0.0000000000
blr,2006,0.0000000000
blr,2007,0.0000000000
blr,2008,0.0000000000
blr,2009,0.0000000000
blr,2010,0.0000000000
blr,2011,0.0000000000
blr,2012,0.0000000000
blr,2013,0.0000000000
blr,2014,0.0000000000
blr,2015,0.0000000000
blr,2016,0.0000000000
blr,2017,0.0000000000
blz,1970,0.0000000000
blz,1971,0.0000000000
blz,1972,0.0000000000
blz,1973,0.0000000000
blz,1974,0.0000000000
blz,1975,0.0000000000
blz,1976,0.0000000000
blz,1977,0.0000000000
blz,1978,0.0000000000
blz,1979,0.0000000000
blz,1980,0.0000000000
blz,1981,0.0000000000
blz,1982,0.0000000000
blz,1983,0.0000000000
blz,1984,0.0000000000
blz,1985,0.0000000000
blz,1986,0.0000000000
blz,1987,0.0000000000
blz,1988,0.0000000000
blz,1989,0.0000000000
blz,1990,0.0000000000
blz,1991,0.0000000000
blz,1992,0.0000000000
blz,1993,0.0000000000
blz,1994,0.0000000000
blz,1995,0.0000000000
blz,1996,0.0000000000
blz,1997,0.0000000000
blz,1998,0.0000000000
blz,1999,0.0000000000
blz,2000,0.0000000000
blz,2001,0.0000000000
blz,2002,0.0000000000
blz,2003,0.0000000000
blz,2004,0.0000000000
blz,2005,0.0000000000
blz,2006,15872.2000000000
blz,2007,0.0000000000
blz,2008,42000.0000000000
blz,2009,0.0000000000
blz,2010,0.0000000000
blz,2011,0.0000000000
blz,2012,0.0000000000
blz,2013,0.0000000000
blz,2014,0.0000000000
blz,2015,0.0000000000
blz,2016,0.0000000000
blz,2017,0.0000000000
ben,1970,0.0000000000
ben,1971,0.0000000000
ben,1972,0.0000000000
ben,1973,0.0000000000
ben,1974,0.0000000000
ben,1975,0.0000000000
ben,1976,0.0000000000
ben,1977,0.0000000000
ben,1978,0.0000000000
ben,1979,0.0000000000
ben,1980,0.0000000000
ben,1981,0.0000000000
ben,1982,0.0000000000
ben,1983,0.0000000000
ben,1984,0.0000000000
ben,1985,0.0000000000
ben,1986,0.0000000000
ben,1987,0.0000000000
ben,1988,0.0000000000
ben,1989,4650352.2000000002
ben,1990,3362386.7999999998
ben,1991,14838301.8000000007
ben,1992,1894947.7000000000
ben,1993,2670531.5000000000
ben,1994,1877499.3000000000
ben,1995,2117701.1000000001
ben,1996,4400024.2000000002
ben,1997,0.0000000000
ben,1998,0.0000000000
ben,1999,0.0000000000
ben,2000,583205.6000000000
ben,2001,910551.6000000000
ben,2002,465000.0000000000
ben,2003,728000.0000000000
ben,2004,712704.4000000000
ben,2005,707595.1000000000
ben,2006,60000.0000000000
ben,2007,0.0000000000
ben,2008,0.0000000000
ben,2009,0.0000000000
ben,2010,0.0000000000
ben,2011,0.0000000000
ben,2012,0.0000000000
ben,2013,0.0000000000
ben,2014,0.0000000000
ben,2015,0.0000000000
ben,2016,0.0000000000
ben,2017,0.0000000000
btn,1970,0.0000000000
btn,1971,0.0000000000
btn,1972,0.0000000000
btn,1973,0.0000000000
btn,1974,0.0000000000
btn,1975,0.0000000000
btn,1976,0.0000000000
btn,1977,0.0000000000
btn,1978,0.0000000000
btn,1979,0.0000000000
btn,1980,0.0000000000
btn,1981,0.0000000000
btn,1982,0.0000000000
btn,1983,0.0000000000
btn,1984,0.0000000000
btn,1985,0.0000000000
btn,1986,0.0000000000
btn,1987,0.0000000000
btn,1988,0.0000000000
btn,1989,0.0000000000
btn,1990,0.0000000000
btn,1991,0.0000000000
btn,1992,0.0000000000
btn,1993,0.0000000000
btn,1994,0.0000000000
btn,1995,0.0000000000
btn,1996,0.0000000000
btn,1997,0.0000000000
btn,1998,0.0000000000
btn,1999,0.0000000000
btn,2000,0.0000000000
btn,2001,0.0000000000
btn,2002,0.0000000000
btn,2003,0.0000000000
btn,2004,0.0000000000
btn,2005,0.0000000000
btn,2006,0.0000000000
btn,2007,0.0000000000
btn,2008,0.0000000000
btn,2009,0.0000000000
btn,2010,0.0000000000
btn,2011,0.0000000000
btn,2012,0.0000000000
btn,2013,0.0000000000
btn,2014,0.0000000000
btn,2015,0.0000000000
btn,2016,0.0000000000
btn,2017,0.0000000000
bol,1970,0.0000000000
bol,1971,0.0000000000
bol,1972,0.0000000000
bol,1973,0.0000000000
bol,1974,0.0000000000
bol,1975,0.0000000000
bol,1976,0.0000000000
bol,1977,0.0000000000
bol,1978,0.0000000000
bol,1979,0.0000000000
bol,1980,0.0000000000
bol,1981,0.0000000000
bol,1982,0.0000000000
bol,1983,0.0000000000
bol,1984,0.0000000000
bol,1985,0.0000000000
bol,1986,0.0000000000
bol,1987,0.0000000000
bol,1988,0.0000000000
bol,1989,88993000.0000000000
bol,1990,59908104.3999999985
bol,1991,8816012.0000000000
bol,1992,5611218.5999999996
bol,1993,1390402.1000000001
bol,1994,0.0000000000
bol,1995,7875550.4000000004
bol,1996,0.0000000000
bol,1997,12076000.0000000000
bol,1998,1287000.0000000000
bol,1999,7523000.0000000000
bol,2000,8026803.7999999998
bol,2001,18097108.1000000015
bol,2002,13172000.0000000000
bol,2003,11912391.8000000007
bol,2004,16637243.4000000004
bol,2005,12706656.5000000000
bol,2006,12599519.6999999993
bol,2007,7105615.7999999998
bol,2008,2540152.2999999998
bol,2009,2149638.2999999998
bol,2010,0.0000000000
bol,2011,0.0000000000
bol,2012,0.0000000000
bol,2013,0.0000000000
bol,2014,0.0000000000
bol,2015,0.0000000000
bol,2016,0.0000000000
bol,2017,0.0000000000
bih,1970,0.0000000000
bih,1971,0.0000000000
bih,1972,0.0000000000
bih,1973,0.0000000000
bih,1974,0.0000000000
bih,1975,0.0000000000
bih,1976,0.0000000000
bih,1977,0.0000000000
bih,1978,0.0000000000
bih,1979,0.0000000000
bih,1980,0.0000000000
bih,1981,0.0000000000
bih,1982,0.0000000000
bih,1983,0.0000000000
bih,1984,0.0000000000
bih,1985,0.0000000000
bih,1986,0.0000000000
bih,1987,0.0000000000
bih,1988,0.0000000000
bih,1989,0.0000000000
bih,1990,0.0000000000
bih,1991,0.0000000000
bih,1992,0.0000000000
bih,1993,0.0000000000
bih,1994,0.0000000000
bih,1995,0.0000000000
bih,1996,0.0000000000
bih,1997,0.0000000000
bih,1998,0.0000000000
bih,1999,0.0000000000
bih,2000,0.0000000000
bih,2001,0.0000000000
bih,2002,0.0000000000
bih,2003,0.0000000000
bih,2004,0.0000000000
bih,2005,0.0000000000
bih,2006,0.0000000000
bih,2007,0.0000000000
bih,2008,0.0000000000
bih,2009,0.0000000000
bih,2010,0.0000000000
bih,2011,0.0000000000
bih,2012,0.0000000000
bih,2013,0.0000000000
bih,2014,0.0000000000
bih,2015,0.0000000000
bih,2016,0.0000000000
bih,2017,0.0000000000
bwa,1970,0.0000000000
bwa,1971,0.0000000000
bwa,1972,0.0000000000
bwa,1973,0.0000000000
bwa,1974,0.0000000000
bwa,1975,0.0000000000
bwa,1976,0.0000000000
bwa,1977,0.0000000000
bwa,1978,0.0000000000
bwa,1979,0.0000000000
bwa,1980,0.0000000000
bwa,1981,0.0000000000
bwa,1982,0.0000000000
bwa,1983,0.0000000000
bwa,1984,0.0000000000
bwa,1985,0.0000000000
bwa,1986,0.0000000000
bwa,1987,0.0000000000
bwa,1988,0.0000000000
bwa,1989,0.0000000000
bwa,1990,0.0000000000
bwa,1991,0.0000000000
bwa,1992,0.0000000000
bwa,1993,0.0000000000
bwa,1994,0.0000000000
bwa,1995,0.0000000000
bwa,1996,0.0000000000
bwa,1997,0.0000000000
bwa,1998,0.0000000000
bwa,1999,0.0000000000
bwa,2000,0.0000000000
bwa,2001,0.0000000000
bwa,2002,0.0000000000
bwa,2003,0.0000000000
bwa,2004,0.0000000000
bwa,2005,0.0000000000
bwa,2006,0.0000000000
bwa,2007,0.0000000000
bwa,2008,0.0000000000
bwa,2009,0.0000000000
bwa,2010,0.0000000000
bwa,2011,0.0000000000
bwa,2012,0.0000000000
bwa,2013,0.0000000000
bwa,2014,0.0000000000
bwa,2015,0.0000000000
bwa,2016,0.0000000000
bwa,2017,0.0000000000
bra,1970,0.0000000000
bra,1971,0.0000000000
bra,1972,0.0000000000
bra,1973,0.0000000000
bra,1974,0.0000000000
bra,1975,0.0000000000
bra,1976,0.0000000000
bra,1977,0.0000000000
bra,1978,0.0000000000
bra,1979,0.0000000000
bra,1980,0.0000000000
bra,1981,0.0000000000
bra,1982,0.0000000000
bra,1983,0.0000000000
bra,1984,0.0000000000
bra,1985,0.0000000000
bra,1986,0.0000000000
bra,1987,0.0000000000
bra,1988,0.0000000000
bra,1989,0.0000000000
bra,1990,0.0000000000
bra,1991,0.0000000000
bra,1992,0.0000000000
bra,1993,0.0000000000
bra,1994,0.0000000000
bra,1995,0.0000000000
bra,1996,0.0000000000
bra,1997,0.0000000000
bra,1998,0.0000000000
bra,1999,0.0000000000
bra,2000,0.0000000000
bra,2001,0.0000000000
bra,2002,0.0000000000
bra,2003,0.0000000000
bra,2004,0.0000000000
bra,2005,0.0000000000
bra,2006,0.0000000000
bra,2007,0.0000000000
bra,2008,0.0000000000
bra,2009,0.0000000000
bra,2010,0.0000000000
bra,2011,0.0000000000
bra,2012,0.0000000000
bra,2013,0.0000000000
bra,2014,0.0000000000
bra,2015,0.0000000000
bra,2016,0.0000000000
bra,2017,0.0000000000
bgr,1970,0.0000000000
bgr,1971,0.0000000000
bgr,1972,0.0000000000
bgr,1973,0.0000000000
bgr,1974,0.0000000000
bgr,1975,0.0000000000
bgr,1976,0.0000000000
bgr,1977,0.0000000000
bgr,1978,0.0000000000
bgr,1979,0.0000000000
bgr,1980,0.0000000000
bgr,1981,0.0000000000
bgr,1982,0.0000000000
bgr,1983,0.0000000000
bgr,1984,0.0000000000
bgr,1985,0.0000000000
bgr,1986,0.0000000000
bgr,1987,0.0000000000
bgr,1988,0.0000000000
bgr,1989,0.0000000000
bgr,1990,0.0000000000
bgr,1991,0.0000000000
bgr,1992,0.0000000000
bgr,1993,0.0000000000
bgr,1994,0.0000000000
bgr,1995,0.0000000000
bgr,1996,0.0000000000
bgr,1997,0.0000000000
bgr,1998,0.0000000000
bgr,1999,0.0000000000
bgr,2000,0.0000000000
bgr,2001,0.0000000000
bgr,2002,0.0000000000
bgr,2003,0.0000000000
bgr,2004,0.0000000000
bgr,2005,0.0000000000
bgr,2006,0.0000000000
bgr,2007,0.0000000000
bgr,2008,0.0000000000
bgr,2009,0.0000000000
bgr,2010,0.0000000000
bgr,2011,0.0000000000
bgr,2012,0.0000000000
bgr,2013,0.0000000000
bgr,2014,0.0000000000
bgr,2015,0.0000000000
bgr,2016,0.0000000000
bgr,2017,0.0000000000
bfa,1970,0.0000000000
bfa,1971,0.0000000000
bfa,1972,0.0000000000
bfa,1973,0.0000000000
bfa,1974,0.0000000000
bfa,1975,0.0000000000
bfa,1976,0.0000000000
bfa,1977,0.0000000000
bfa,1978,0.0000000000
bfa,1979,0.0000000000
bfa,1980,0.0000000000
bfa,1981,0.0000000000
bfa,1982,0.0000000000
bfa,1983,0.0000000000
bfa,1984,0.0000000000
bfa,1985,0.0000000000
bfa,1986,0.0000000000
bfa,1987,0.0000000000
bfa,1988,0.0000000000
bfa,1989,0.0000000000
bfa,1990,0.0000000000
bfa,1991,1457113.8000000000
bfa,1992,133499.5000000000
bfa,1993,1808799.3999999999
bfa,1994,2707.2000000000
bfa,1995,0.0000000000
bfa,1996,255575.9000000000
bfa,1997,0.0000000000
bfa,1998,0.0000000000
bfa,1999,0.0000000000
bfa,2000,5012909.9000000004
bfa,2001,7241529.0000000000
bfa,2002,1627577.6000000001
bfa,2003,3423472.0000000000
bfa,2004,1836934.0000000000
bfa,2005,2514206.8999999999
bfa,2006,1643827.2000000000
bfa,2007,1165193.8999999999
bfa,2008,219810.0000000000
bfa,2009,478169.5000000000
bfa,2010,767161.8000000000
bfa,2011,0.0000000000
bfa,2012,123733.3000000000
bfa,2013,0.0000000000
bfa,2014,0.0000000000
bfa,2015,0.0000000000
bfa,2016,0.0000000000
bfa,2017,0.0000000000
bdi,1970,0.0000000000
bdi,1971,0.0000000000
bdi,1972,0.0000000000
bdi,1973,0.0000000000
bdi,1974,0.0000000000
bdi,1975,0.0000000000
bdi,1976,0.0000000000
bdi,1977,0.0000000000
bdi,1978,0.0000000000
bdi,1979,0.0000000000
bdi,1980,0.0000000000
bdi,1981,0.0000000000
bdi,1982,0.0000000000
bdi,1983,0.0000000000
bdi,1984,0.0000000000
bdi,1985,0.0000000000
bdi,1986,0.0000000000
bdi,1987,0.0000000000
bdi,1988,0.0000000000
bdi,1989,0.0000000000
bdi,1990,601940.7000000000
bdi,1991,0.0000000000
bdi,1992,0.0000000000
bdi,1993,0.0000000000
bdi,1994,0.0000000000
bdi,1995,906697.5000000000
bdi,1996,0.0000000000
bdi,1997,0.0000000000
bdi,1998,0.0000000000
bdi,1999,0.0000000000
bdi,2000,0.0000000000
bdi,2001,0.0000000000
bdi,2002,0.0000000000
bdi,2003,0.0000000000
bdi,2004,249705.0000000000
bdi,2005,2487048.2999999998
bdi,2006,4330000.0000000000
bdi,2007,3542000.0000000000
bdi,2008,2986000.0000000000
bdi,2009,1546805.1000000001
bdi,2010,283000.0000000000
bdi,2011,349832.8000000000
bdi,2012,180000.0000000000
bdi,2013,153000.0000000000
bdi,2014,120000.0000000000
bdi,2015,158000.0000000000
bdi,2016,149000.0000000000
bdi,2017,148000.0000000000
cpv,1970,0.0000000000
cpv,1971,0.0000000000
cpv,1972,0.0000000000
cpv,1973,0.0000000000
cpv,1974,0.0000000000
cpv,1975,0.0000000000
cpv,1976,0.0000000000
cpv,1977,0.0000000000
cpv,1978,0.0000000000
cpv,1979,0.0000000000
cpv,1980,0.0000000000
cpv,1981,0.0000000000
cpv,1982,0.0000000000
cpv,1983,0.0000000000
cpv,1984,0.0000000000
cpv,1985,0.0000000000
cpv,1986,0.0000000000
cpv,1987,0.0000000000
cpv,1988,0.0000000000
cpv,1989,0.0000000000
cpv,1990,832663.0000000000
cpv,1991,0.0000000000
cpv,1992,0.0000000000
cpv,1993,0.0000000000
cpv,1994,0.0000000000
cpv,1995,0.0000000000
cpv,1996,0.0000000000
cpv,1997,0.0000000000
cpv,1998,0.0000000000
cpv,1999,0.0000000000
cpv,2000,0.0000000000
cpv,2001,0.0000000000
cpv,2002,0.0000000000
cpv,2003,0.0000000000
cpv,2004,0.0000000000
cpv,2005,0.0000000000
cpv,2006,0.0000000000
cpv,2007,0.0000000000
cpv,2008,0.0000000000
cpv,2009,0.0000000000
cpv,2010,0.0000000000
cpv,2011,0.0000000000
cpv,2012,0.0000000000
cpv,2013,0.0000000000
cpv,2014,0.0000000000
cpv,2015,0.0000000000
cpv,2016,0.0000000000
cpv,2017,0.0000000000
khm,1970,0.0000000000
khm,1971,0.0000000000
khm,1972,0.0000000000
khm,1973,0.0000000000
khm,1974,0.0000000000
khm,1975,0.0000000000
khm,1976,0.0000000000
khm,1977,0.0000000000
khm,1978,0.0000000000
khm,1979,0.0000000000
khm,1980,0.0000000000
khm,1981,0.0000000000
khm,1982,0.0000000000
khm,1983,0.0000000000
khm,1984,0.0000000000
khm,1985,0.0000000000
khm,1986,0.0000000000
khm,1987,0.0000000000
khm,1988,0.0000000000
khm,1989,0.0000000000
khm,1990,0.0000000000
khm,1991,0.0000000000
khm,1992,3733594.2000000002
khm,1993,0.0000000000
khm,1994,0.0000000000
khm,1995,7259882.2999999998
khm,1996,0.0000000000
khm,1997,0.0000000000
khm,1998,0.0000000000
khm,1999,0.0000000000
khm,2000,0.0000000000
khm,2001,0.0000000000
khm,2002,0.0000000000
khm,2003,0.0000000000
khm,2004,0.0000000000
khm,2005,0.0000000000
khm,2006,0.0000000000
khm,2007,0.0000000000
khm,2008,0.0000000000
khm,2009,0.0000000000
khm,2010,0.0000000000
khm,2011,0.0000000000
khm,2012,0.0000000000
khm,2013,0.0000000000
khm,2014,0.0000000000
khm,2015,0.0000000000
khm,2016,0.0000000000
khm,2017,0.0000000000
cmr,1970,0.0000000000
cmr,1971,0.0000000000
cmr,1972,0.0000000000
cmr,1973,0.0000000000
cmr,1974,0.0000000000
cmr,1975,0.0000000000
cmr,1976,0.0000000000
cmr,1977,0.0000000000
cmr,1978,0.0000000000
cmr,1979,0.0000000000
cmr,1980,0.0000000000
cmr,1981,0.0000000000
cmr,1982,0.0000000000
cmr,1983,0.0000000000
cmr,1984,0.0000000000
cmr,1985,0.0000000000
cmr,1986,0.0000000000
cmr,1987,0.0000000000
cmr,1988,0.0000000000
cmr,1989,0.0000000000
cmr,1990,0.0000000000
cmr,1991,0.0000000000
cmr,1992,0.0000000000
cmr,1993,0.0000000000
cmr,1994,12821660.5000000000
cmr,1995,4812.4000000000
cmr,1996,63546.8000000000
cmr,1997,88418761.5999999940
cmr,1998,18005303.8000000007
cmr,1999,15703658.5000000000
cmr,2000,1861386.3000000000
cmr,2001,209594782.1999999881
cmr,2002,78390113.7000000030
cmr,2003,87718686.2000000030
cmr,2004,22553159.6000000015
cmr,2005,39888.2000000000
cmr,2006,50891788.7000000030
cmr,2007,0.0000000000
cmr,2008,0.0000000000
cmr,2009,1295156.7000000000
cmr,2010,0.0000000000
cmr,2011,0.0000000000
cmr,2012,73323.4000000000
cmr,2013,0.0000000000
cmr,2014,0.0000000000
cmr,2015,0.0000000000
cmr,2016,0.0000000000
cmr,2017,0.0000000000
caf,1970,0.0000000000
caf,1971,0.0000000000
caf,1972,0.0000000000
caf,1973,0.0000000000
caf,1974,0.0000000000
caf,1975,0.0000000000
caf,1976,0.0000000000
caf,1977,0.0000000000
caf,1978,0.0000000000
caf,1979,0.0000000000
caf,1980,0.0000000000
caf,1981,0.0000000000
caf,1982,0.0000000000
caf,1983,0.0000000000
caf,1984,0.0000000000
caf,1985,0.0000000000
caf,1986,0.0000000000
caf,1987,0.0000000000
caf,1988,0.0000000000
caf,1989,654803.4000000000
caf,1990,4398824.2000000002
caf,1991,0.0000000000
caf,1992,0.0000000000
caf,1993,0.0000000000
caf,1994,4480206.2000000002
caf,1995,169636.3000000000
caf,1996,3463022.7999999998
caf,1997,0.0000000000
caf,1998,2196159.7000000002
caf,1999,160107.1000000000
caf,2000,305147.1000000000
caf,2001,144943.4000000000
caf,2002,0.0000000000
caf,2003,0.0000000000
caf,2004,0.0000000000
caf,2005,0.0000000000
caf,2006,0.0000000000
caf,2007,609844.2000000000
caf,2008,10228302.9000000004
caf,2009,51000.0000000000
caf,2010,0.0000000000
caf,2011,9658.0000000000
caf,2012,0.0000000000
caf,2013,0.0000000000
caf,2014,0.0000000000
caf,2015,0.0000000000
caf,2016,0.0000000000
caf,2017,0.0000000000
tcd,1970,0.0000000000
tcd,1971,0.0000000000
tcd,1972,0.0000000000
tcd,1973,0.0000000000
tcd,1974,0.0000000000
tcd,1975,0.0000000000
tcd,1976,0.0000000000
tcd,1977,0.0000000000
tcd,1978,0.0000000000
tcd,1979,0.0000000000
tcd,1980,0.0000000000
tcd,1981,0.0000000000
tcd,1982,0.0000000000
tcd,1983,0.0000000000
tcd,1984,0.0000000000
tcd,1985,0.0000000000
tcd,1986,0.0000000000
tcd,1987,0.0000000000
tcd,1988,0.0000000000
tcd,1989,13671963.6999999993
tcd,1990,0.0000000000
tcd,1991,0.0000000000
tcd,1992,0.0000000000
tcd,1993,0.0000000000
tcd,1994,0.0000000000
tcd,1995,7172958.4000000004
tcd,1996,997770.4000000000
tcd,1997,970075.9000000000
tcd,1998,871653.7000000000
tcd,1999,0.0000000000
tcd,2000,0.0000000000
tcd,2001,5793887.4000000004
tcd,2002,3987612.1000000001
tcd,2003,2501707.7000000002
tcd,2004,946021.1000000000
tcd,2005,5989610.9000000004
tcd,2006,305000.0000000000
tcd,2007,115000.0000000000
tcd,2008,2710951.8999999999
tcd,2009,2444359.5000000000
tcd,2010,2180086.8999999999
tcd,2011,1735687.7000000000
tcd,2012,0.0000000000
tcd,2013,0.0000000000
tcd,2014,0.0000000000
tcd,2015,228000.0000000000
tcd,2016,0.0000000000
tcd,2017,0.0000000000
chn,1970,0.0000000000
chn,1971,0.0000000000
chn,1972,0.0000000000
chn,1973,0.0000000000
chn,1974,0.0000000000
chn,1975,0.0000000000
chn,1976,0.0000000000
chn,1977,0.0000000000
chn,1978,0.0000000000
chn,1979,0.0000000000
chn,1980,0.0000000000
chn,1981,0.0000000000
chn,1982,0.0000000000
chn,1983,0.0000000000
chn,1984,0.0000000000
chn,1985,0.0000000000
chn,1986,0.0000000000
chn,1987,0.0000000000
chn,1988,0.0000000000
chn,1989,0.0000000000
chn,1990,0.0000000000
chn,1991,0.0000000000
chn,1992,0.0000000000
chn,1993,0.0000000000
chn,1994,0.0000000000
chn,1995,0.0000000000
chn,1996,0.0000000000
chn,1997,0.0000000000
chn,1998,0.0000000000
chn,1999,0.0000000000
chn,2000,0.0000000000
chn,2001,0.0000000000
chn,2002,0.0000000000
chn,2003,0.0000000000
chn,2004,0.0000000000
chn,2005,0.0000000000
chn,2006,0.0000000000
chn,2007,0.0000000000
chn,2008,0.0000000000
chn,2009,0.0000000000
chn,2010,0.0000000000
chn,2011,0.0000000000
chn,2012,0.0000000000
chn,2013,0.0000000000
chn,2014,0.0000000000
chn,2015,0.0000000000
chn,2016,0.0000000000
chn,2017,0.0000000000
col,1970,0.0000000000
col,1971,0.0000000000
col,1972,0.0000000000
col,1973,0.0000000000
col,1974,0.0000000000
col,1975,0.0000000000
col,1976,0.0000000000
col,1977,0.0000000000
col,1978,0.0000000000
col,1979,0.0000000000
col,1980,0.0000000000
col,1981,0.0000000000
col,1982,0.0000000000
col,1983,0.0000000000
col,1984,0.0000000000
col,1985,0.0000000000
col,1986,0.0000000000
col,1987,0.0000000000
col,1988,0.0000000000
col,1989,0.0000000000
col,1990,0.0000000000
col,1991,0.0000000000
col,1992,0.0000000000
col,1993,0.0000000000
col,1994,0.0000000000
col,1995,0.0000000000
col,1996,0.0000000000
col,1997,0.0000000000
col,1998,0.0000000000
col,1999,0.0000000000
col,2000,0.0000000000
col,2001,0.0000000000
col,2002,0.0000000000
col,2003,0.0000000000
col,2004,0.0000000000
col,2005,0.0000000000
col,2006,0.0000000000
col,2007,0.0000000000
col,2008,0.0000000000
col,2009,0.0000000000
col,2010,0.0000000000
col,2011,0.0000000000
col,2012,0.0000000000
col,2013,0.0000000000
col,2014,0.0000000000
col,2015,0.0000000000
col,2016,0.0000000000
col,2017,0.0000000000
com,1970,0.0000000000
com,1971,0.0000000000
com,1972,0.0000000000
com,1973,0.0000000000
com,1974,0.0000000000
com,1975,0.0000000000
com,1976,0.0000000000
com,1977,0.0000000000
com,1978,0.0000000000
com,1979,0.0000000000
com,1980,0.0000000000
com,1981,0.0000000000
com,1982,0.0000000000
com,1983,0.0000000000
com,1984,0.0000000000
com,1985,0.0000000000
com,1986,0.0000000000
com,1987,0.0000000000
com,1988,0.0000000000
com,1989,76422.6000000000
com,1990,13073.7000000000
com,1991,209346.0000000000
com,1992,0.0000000000
com,1993,0.0000000000
com,1994,666391.6000000000
com,1995,0.0000000000
com,1996,0.0000000000
com,1997,0.0000000000
com,1998,0.0000000000
com,1999,0.0000000000
com,2000,0.0000000000
com,2001,0.0000000000
com,2002,0.0000000000
com,2003,0.0000000000
com,2004,0.0000000000
com,2005,0.0000000000
com,2006,0.0000000000
com,2007,0.0000000000
com,2008,0.0000000000
com,2009,0.0000000000
com,2010,238170.8000000000
com,2011,108000.0000000000
com,2012,82000.0000000000
com,2013,751806.4000000000
com,2014,52000.0000000000
com,2015,3000.0000000000
com,2016,3000.0000000000
com,2017,6000.0000000000
cod,1970,0.0000000000
cod,1971,0.0000000000
cod,1972,0.0000000000
cod,1973,0.0000000000
cod,1974,0.0000000000
cod,1975,0.0000000000
cod,1976,0.0000000000
cod,1977,0.0000000000
cod,1978,0.0000000000
cod,1979,0.0000000000
cod,1980,0.0000000000
cod,1981,0.0000000000
cod,1982,0.0000000000
cod,1983,0.0000000000
cod,1984,0.0000000000
cod,1985,0.0000000000
cod,1986,0.0000000000
cod,1987,0.0000000000
cod,1988,0.0000000000
cod,1989,41386524.3999999985
cod,1990,14745235.0000000000
cod,1991,0.0000000000
cod,1992,0.0000000000
cod,1993,0.0000000000
cod,1994,0.0000000000
cod,1995,0.0000000000
cod,1996,0.0000000000
cod,1997,0.0000000000
cod,1998,0.0000000000
cod,1999,337644.0000000000
cod,2000,0.0000000000
cod,2001,0.0000000000
cod,2002,1466767310.5000000000
cod,2003,28100135.5000000000
cod,2004,34429068.3999999985
cod,2005,30129344.8999999985
cod,2006,5475000.0000000000
cod,2007,3774000.0000000000
cod,2008,3780000.0000000000
cod,2009,2068000.0000000000
cod,2010,252871030.5000000000
cod,2011,50772528.6000000015
cod,2012,0.0000000000
cod,2013,21122000.0000000000
cod,2014,19470000.0000000000
cod,2015,17504000.0000000000
cod,2016,13439000.0000000000
cod,2017,13403000.0000000000
cog,1970,0.0000000000
cog,1971,0.0000000000
cog,1972,0.0000000000
cog,1973,0.0000000000
cog,1974,0.0000000000
cog,1975,0.0000000000
cog,1976,0.0000000000
cog,1977,0.0000000000
cog,1978,0.0000000000
cog,1979,0.0000000000
cog,1980,0.0000000000
cog,1981,0.0000000000
cog,1982,0.0000000000
cog,1983,0.0000000000
cog,1984,0.0000000000
cog,1985,0.0000000000
cog,1986,0.0000000000
cog,1987,0.0000000000
cog,1988,0.0000000000
cog,1989,0.0000000000
cog,1990,89468.1000000000
cog,1991,0.0000000000
cog,1992,224000.0000000000
cog,1993,0.0000000000
cog,1994,8331137.2999999998
cog,1995,0.0000000000
cog,1996,24266413.6999999993
cog,1997,4044754.3999999999
cog,1998,3530105.2000000002
cog,1999,1538560.2000000000
cog,2000,0.0000000000
cog,2001,0.0000000000
cog,2002,0.0000000000
cog,2003,0.0000000000
cog,2004,439279307.8999999762
cog,2005,31644196.0000000000
cog,2006,30215965.3999999985
cog,2007,333686439.0000000000
cog,2008,32337081.1000000015
cog,2009,148288971.0999999940
cog,2010,58853256.8999999985
cog,2011,104000.0000000000
cog,2012,59000.0000000000
cog,2013,14000.0000000000
cog,2014,0.0000000000
cog,2015,22000.0000000000
cog,2016,7000.0000000000
cog,2017,3000.0000000000
cri,1970,0.0000000000
cri,1971,0.0000000000
cri,1972,0.0000000000
cri,1973,0.0000000000
cri,1974,0.0000000000
cri,1975,0.0000000000
cri,1976,0.0000000000
cri,1977,0.0000000000
cri,1978,0.0000000000
cri,1979,0.0000000000
cri,1980,0.0000000000
cri,1981,0.0000000000
cri,1982,0.0000000000
cri,1983,0.0000000000
cri,1984,0.0000000000
cri,1985,0.0000000000
cri,1986,0.0000000000
cri,1987,0.0000000000
cri,1988,0.0000000000
cri,1989,0.0000000000
cri,1990,187403000.0000000000
cri,1991,1113378.3999999999
cri,1992,1343000.0000000000
cri,1993,0.0000000000
cri,1994,0.0000000000
cri,1995,0.0000000000
cri,1996,0.0000000000
cri,1997,0.0000000000
cri,1998,0.0000000000
cri,1999,0.0000000000
cri,2000,0.0000000000
cri,2001,0.0000000000
cri,2002,0.0000000000
cri,2003,0.0000000000
cri,2004,0.0000000000
cri,2005,0.0000000000
cri,2006,0.0000000000
cri,2007,0.0000000000
cri,2008,0.0000000000
cri,2009,0.0000000000
cri,2010,0.0000000000
cri,2011,0.0000000000
cri,2012,0.0000000000
cri,2013,0.0000000000
cri,2014,0.0000000000
cri,2015,0.0000000000
cri,2016,0.0000000000
cri,2017,0.0000000000
civ,1970,0.0000000000
civ,1971,0.0000000000
civ,1972,0.0000000000
civ,1973,0.0000000000
civ,1974,0.0000000000
civ,1975,0.0000000000
civ,1976,0.0000000000
civ,1977,0.0000000000
civ,1978,0.0000000000
civ,1979,0.0000000000
civ,1980,0.0000000000
civ,1981,0.0000000000
civ,1982,0.0000000000
civ,1983,0.0000000000
civ,1984,0.0000000000
civ,1985,0.0000000000
civ,1986,0.0000000000
civ,1987,0.0000000000
civ,1988,0.0000000000
civ,1989,4000.0000000000
civ,1990,26000.0000000000
civ,1991,0.0000000000
civ,1992,0.0000000000
civ,1993,0.0000000000
civ,1994,227683387.5999999940
civ,1995,29607285.8999999985
civ,1996,2277007.7999999998
civ,1997,171.6000000000
civ,1998,19958265.6999999993
civ,1999,7938584.5000000000
civ,2000,6907033.7999999998
civ,2001,2487933.5000000000
civ,2002,140335367.5999999940
civ,2003,78684459.0999999940
civ,2004,0.0000000000
civ,2005,15000.0000000000
civ,2006,0.0000000000
civ,2007,0.0000000000
civ,2008,0.0000000000
civ,2009,502485373.5000000000
civ,2010,156049242.9000000060
civ,2011,82505688.7000000030
civ,2012,123000.0000000000
civ,2013,147973.3000000000
civ,2014,118834.2000000000
civ,2015,313324.8000000000
civ,2016,7000.0000000000
civ,2017,0.0000000000
dji,1970,0.0000000000
dji,1971,0.0000000000
dji,1972,0.0000000000
dji,1973,0.0000000000
dji,1974,0.0000000000
dji,1975,0.0000000000
dji,1976,0.0000000000
dji,1977,0.0000000000
dji,1978,0.0000000000
dji,1979,0.0000000000
dji,1980,0.0000000000
dji,1981,0.0000000000
dji,1982,0.0000000000
dji,1983,0.0000000000
dji,1984,0.0000000000
dji,1985,0.0000000000
dji,1986,0.0000000000
dji,1987,0.0000000000
dji,1988,0.0000000000
dji,1989,560223.2000000000
dji,1990,0.0000000000
dji,1991,0.0000000000
dji,1992,0.0000000000
dji,1993,0.0000000000
dji,1994,0.0000000000
dji,1995,0.0000000000
dji,1996,0.0000000000
dji,1997,0.0000000000
dji,1998,0.0000000000
dji,1999,0.0000000000
dji,2000,0.0000000000
dji,2001,0.0000000000
dji,2002,0.0000000000
dji,2003,0.0000000000
dji,2004,0.0000000000
dji,2005,0.0000000000
dji,2006,0.0000000000
dji,2007,0.0000000000
dji,2008,0.0000000000
dji,2009,0.0000000000
dji,2010,0.0000000000
dji,2011,0.0000000000
dji,2012,0.0000000000
dji,2013,0.0000000000
dji,2014,0.0000000000
dji,2015,0.0000000000
dji,2016,0.0000000000
dji,2017,0.0000000000
dma,1970,0.0000000000
dma,1971,0.0000000000
dma,1972,0.0000000000
dma,1973,0.0000000000
dma,1974,0.0000000000
dma,1975,0.0000000000
dma,1976,0.0000000000
dma,1977,0.0000000000
dma,1978,0.0000000000
dma,1979,0.0000000000
dma,1980,0.0000000000
dma,1981,0.0000000000
dma,1982,0.0000000000
dma,1983,0.0000000000
dma,1984,0.0000000000
dma,1985,0.0000000000
dma,1986,0.0000000000
dma,1987,0.0000000000
dma,1988,0.0000000000
dma,1989,0.0000000000
dma,1990,0.0000000000
dma,1991,0.0000000000
dma,1992,0.0000000000
dma,1993,0.0000000000
dma,1994,0.0000000000
dma,1995,0.0000000000
dma,1996,0.0000000000
dma,1997,0.0000000000
dma,1998,0.0000000000
dma,1999,0.0000000000
dma,2000,0.0000000000
dma,2001,0.0000000000
dma,2002,0.0000000000
dma,2003,0.0000000000
dma,2004,6000.0000000000
dma,2005,14000.0000000000
dma,2006,0.0000000000
dma,2007,0.0000000000
dma,2008,0.0000000000
dma,2009,0.0000000000
dma,2010,0.0000000000
dma,2011,0.0000000000
dma,2012,0.0000000000
dma,2013,0.0000000000
dma,2014,0.0000000000
dma,2015,0.0000000000
dma,2016,0.0000000000
dma,2017,0.0000000000
dom,1970,0.0000000000
dom,1971,0.0000000000
dom,1972,0.0000000000
dom,1973,0.0000000000
dom,1974,0.0000000000
dom,1975,0.0000000000
dom,1976,0.0000000000
dom,1977,0.0000000000
dom,1978,0.0000000000
dom,1979,0.0000000000
dom,1980,0.0000000000
dom,1981,0.0000000000
dom,1982,0.0000000000
dom,1983,0.0000000000
dom,1984,0.0000000000
dom,1985,0.0000000000
dom,1986,0.0000000000
dom,1987,0.0000000000
dom,1988,0.0000000000
dom,1989,0.0000000000
dom,1990,0.0000000000
dom,1991,0.0000000000
dom,1992,0.0000000000
dom,1993,0.0000000000
dom,1994,179575000.0000000000
dom,1995,0.0000000000
dom,1996,3996000.0000000000
dom,1997,0.0000000000
dom,1998,13749.5000000000
dom,1999,323043.6000000000
dom,2000,316431.6000000000
dom,2001,296000.0000000000
dom,2002,42000.0000000000
dom,2003,0.0000000000
dom,2004,0.0000000000
dom,2005,0.0000000000
dom,2006,0.0000000000
dom,2007,0.0000000000
dom,2008,0.0000000000
dom,2009,0.0000000000
dom,2010,92882.6000000000
dom,2011,93821.0000000000
dom,2012,77461.8000000000
dom,2013,68485.2000000000
dom,2014,55802.8000000000
dom,2015,605332.7000000000
dom,2016,26236.0000000000
dom,2017,0.0000000000
ecu,1970,0.0000000000
ecu,1971,0.0000000000
ecu,1972,0.0000000000
ecu,1973,0.0000000000
ecu,1974,0.0000000000
ecu,1975,0.0000000000
ecu,1976,0.0000000000
ecu,1977,0.0000000000
ecu,1978,0.0000000000
ecu,1979,0.0000000000
ecu,1980,0.0000000000
ecu,1981,0.0000000000
ecu,1982,0.0000000000
ecu,1983,0.0000000000
ecu,1984,0.0000000000
ecu,1985,0.0000000000
ecu,1986,0.0000000000
ecu,1987,0.0000000000
ecu,1988,0.0000000000
ecu,1989,0.0000000000
ecu,1990,0.0000000000
ecu,1991,0.0000000000
ecu,1992,0.0000000000
ecu,1993,0.0000000000
ecu,1994,0.0000000000
ecu,1995,0.0000000000
ecu,1996,0.0000000000
ecu,1997,0.0000000000
ecu,1998,0.0000000000
ecu,1999,0.0000000000
ecu,2000,0.0000000000
ecu,2001,0.0000000000
ecu,2002,0.0000000000
ecu,2003,0.0000000000
ecu,2004,0.0000000000
ecu,2005,805000.0000000000
ecu,2006,542000.0000000000
ecu,2007,914000.0000000000
ecu,2008,1504000.0000000000
ecu,2009,5341000.0000000000
ecu,2010,5862000.0000000000
ecu,2011,0.0000000000
ecu,2012,8843000.0000000000
ecu,2013,9917000.0000000000
ecu,2014,10954000.0000000000
ecu,2015,11901000.0000000000
ecu,2016,10238000.0000000000
ecu,2017,11338000.0000000000
egy,1970,0.0000000000
egy,1971,0.0000000000
egy,1972,0.0000000000
egy,1973,0.0000000000
egy,1974,0.0000000000
egy,1975,0.0000000000
egy,1976,0.0000000000
egy,1977,0.0000000000
egy,1978,0.0000000000
egy,1979,0.0000000000
egy,1980,0.0000000000
egy,1981,0.0000000000
egy,1982,0.0000000000
egy,1983,0.0000000000
egy,1984,0.0000000000
egy,1985,0.0000000000
egy,1986,0.0000000000
egy,1987,0.0000000000
egy,1988,0.0000000000
egy,1989,0.0000000000
egy,1990,2481426800.0000000000
egy,1991,118174879.0999999940
egy,1992,148553762.8000000119
egy,1993,149906294.8000000119
egy,1994,80856106.7999999970
egy,1995,6776030.2000000002
egy,1996,4121722.8999999999
egy,1997,2037051.8000000000
egy,1998,636756.3000000000
egy,1999,39354.8000000000
egy,2000,0.0000000000
egy,2001,915.8000000000
egy,2002,482.9000000000
egy,2003,0.0000000000
egy,2004,0.0000000000
egy,2005,0.0000000000
egy,2006,0.0000000000
egy,2007,0.0000000000
egy,2008,0.0000000000
egy,2009,0.0000000000
egy,2010,0.0000000000
egy,2011,0.0000000000
egy,2012,0.0000000000
egy,2013,0.0000000000
egy,2014,0.0000000000
egy,2015,0.0000000000
egy,2016,0.0000000000
egy,2017,0.0000000000
slv,1970,0.0000000000
slv,1971,0.0000000000
slv,1972,0.0000000000
slv,1973,0.0000000000
slv,1974,0.0000000000
slv,1975,0.0000000000
slv,1976,0.0000000000
slv,1977,0.0000000000
slv,1978,0.0000000000
slv,1979,0.0000000000
slv,1980,0.0000000000
slv,1981,0.0000000000
slv,1982,0.0000000000
slv,1983,0.0000000000
slv,1984,0.0000000000
slv,1985,0.0000000000
slv,1986,0.0000000000
slv,1987,0.0000000000
slv,1988,0.0000000000
slv,1989,0.0000000000
slv,1990,0.0000000000
slv,1991,0.0000000000
slv,1992,0.0000000000
slv,1993,0.0000000000
slv,1994,0.0000000000
slv,1995,0.0000000000
slv,1996,0.0000000000
slv,1997,0.0000000000
slv,1998,0.0000000000
slv,1999,359154.1000000000
slv,2000,0.0000000000
slv,2001,0.0000000000
slv,2002,0.0000000000
slv,2003,0.0000000000
slv,2004,0.0000000000
slv,2005,0.0000000000
slv,2006,0.0000000000
slv,2007,0.0000000000
slv,2008,37000.0000000000
slv,2009,0.0000000000
slv,2010,0.0000000000
slv,2011,0.0000000000
slv,2012,0.0000000000
slv,2013,0.0000000000
slv,2014,0.0000000000
slv,2015,0.0000000000
slv,2016,0.0000000000
slv,2017,0.0000000000
eri,1970,0.0000000000
eri,1971,0.0000000000
eri,1972,0.0000000000
eri,1973,0.0000000000
eri,1974,0.0000000000
eri,1975,0.0000000000
eri,1976,0.0000000000
eri,1977,0.0000000000
eri,1978,0.0000000000
eri,1979,0.0000000000
eri,1980,0.0000000000
eri,1981,0.0000000000
eri,1982,0.0000000000
eri,1983,0.0000000000
eri,1984,0.0000000000
eri,1985,0.0000000000
eri,1986,0.0000000000
eri,1987,0.0000000000
eri,1988,0.0000000000
eri,1989,0.0000000000
eri,1990,0.0000000000
eri,1991,0.0000000000
eri,1992,0.0000000000
eri,1993,0.0000000000
eri,1994,0.0000000000
eri,1995,0.0000000000
eri,1996,0.0000000000
eri,1997,0.0000000000
eri,1998,0.0000000000
eri,1999,0.0000000000
eri,2000,0.0000000000
eri,2001,0.0000000000
eri,2002,0.0000000000
eri,2003,0.0000000000
eri,2004,0.0000000000
eri,2005,0.0000000000
eri,2006,0.0000000000
eri,2007,2656000.0000000000
eri,2008,0.0000000000
eri,2009,0.0000000000
eri,2010,0.0000000000
eri,2011,0.0000000000
eri,2012,0.0000000000
eri,2013,0.0000000000
eri,2014,0.0000000000
eri,2015,0.0000000000
eri,2016,0.0000000000
eri,2017,0.0000000000
swz,1970,0.0000000000
swz,1971,0.0000000000
swz,1972,0.0000000000
swz,1973,0.0000000000
swz,1974,0.0000000000
swz,1975,0.0000000000
swz,1976,0.0000000000
swz,1977,0.0000000000
swz,1978,0.0000000000
swz,1979,0.0000000000
swz,1980,0.0000000000
swz,1981,0.0000000000
swz,1982,0.0000000000
swz,1983,0.0000000000
swz,1984,0.0000000000
swz,1985,0.0000000000
swz,1986,0.0000000000
swz,1987,0.0000000000
swz,1988,0.0000000000
swz,1989,0.0000000000
swz,1990,0.0000000000
swz,1991,0.0000000000
swz,1992,0.0000000000
swz,1993,0.0000000000
swz,1994,0.0000000000
swz,1995,0.0000000000
swz,1996,0.0000000000
swz,1997,0.0000000000
swz,1998,0.0000000000
swz,1999,0.0000000000
swz,2000,0.0000000000
swz,2001,0.0000000000
swz,2002,0.0000000000
swz,2003,0.0000000000
swz,2004,0.0000000000
swz,2005,0.0000000000
swz,2006,0.0000000000
swz,2007,0.0000000000
swz,2008,0.0000000000
swz,2009,0.0000000000
swz,2010,0.0000000000
swz,2011,0.0000000000
swz,2012,0.0000000000
swz,2013,0.0000000000
swz,2014,0.0000000000
swz,2015,0.0000000000
swz,2016,0.0000000000
swz,2017,0.0000000000
eth,1970,0.0000000000
eth,1971,0.0000000000
eth,1972,0.0000000000
eth,1973,0.0000000000
eth,1974,0.0000000000
eth,1975,0.0000000000
eth,1976,0.0000000000
eth,1977,0.0000000000
eth,1978,0.0000000000
eth,1979,0.0000000000
eth,1980,0.0000000000
eth,1981,0.0000000000
eth,1982,0.0000000000
eth,1983,0.0000000000
eth,1984,0.0000000000
eth,1985,0.0000000000
eth,1986,0.0000000000
eth,1987,0.0000000000
eth,1988,0.0000000000
eth,1989,0.0000000000
eth,1990,0.0000000000
eth,1991,0.0000000000
eth,1992,6549914.5000000000
eth,1993,2010183.0000000000
eth,1994,2542111.5000000000
eth,1995,649415.5000000000
eth,1996,18623460.1999999993
eth,1997,2869907.2000000002
eth,1998,739241.8000000000
eth,1999,426187904.6000000238
eth,2000,0.0000000000
eth,2001,11364763.6999999993
eth,2002,23025598.8000000007
eth,2003,16381285.5999999996
eth,2004,7721647.0000000000
eth,2005,16326712.8000000007
eth,2006,11048000.0000000000
eth,2007,0.0000000000
eth,2008,74223.5000000000
eth,2009,0.0000000000
eth,2010,1941000.0000000000
eth,2011,0.0000000000
eth,2012,2178000.0000000000
eth,2013,0.0000000000
eth,2014,0.0000000000
eth,2015,0.0000000000
eth,2016,0.0000000000
eth,2017,0.0000000000
fji,1970,0.0000000000
fji,1971,0.0000000000
fji,1972,0.0000000000
fji,1973,0.0000000000
fji,1974,0.0000000000
fji,1975,0.0000000000
fji,1976,0.0000000000
fji,1977,0.0000000000
fji,1978,0.0000000000
fji,1979,0.0000000000
fji,1980,0.0000000000
fji,1981,0.0000000000
fji,1982,0.0000000000
fji,1983,0.0000000000
fji,1984,0.0000000000
fji,1985,0.0000000000
fji,1986,0.0000000000
fji,1987,0.0000000000
fji,1988,0.0000000000
fji,1989,0.0000000000
fji,1990,0.0000000000
fji,1991,0.0000000000
fji,1992,0.0000000000
fji,1993,0.0000000000
fji,1994,0.0000000000
fji,1995,0.0000000000
fji,1996,0.0000000000
fji,1997,0.0000000000
fji,1998,0.0000000000
fji,1999,0.0000000000
fji,2000,0.0000000000
fji,2001,0.0000000000
fji,2002,0.0000000000
fji,2003,0.0000000000
fji,2004,0.0000000000
fji,2005,0.0000000000
fji,2006,0.0000000000
fji,2007,877206.8000000000
fji,2008,0.0000000000
fji,2009,349592.1000000000
fji,2010,0.0000000000
fji,2011,0.0000000000
fji,2012,0.0000000000
fji,2013,0.0000000000
fji,2014,0.0000000000
fji,2015,0.0000000000
fji,2016,0.0000000000
fji,2017,0.0000000000
gab,1970,0.0000000000
gab,1971,0.0000000000
gab,1972,0.0000000000
gab,1973,0.0000000000
gab,1974,0.0000000000
gab,1975,0.0000000000
gab,1976,0.0000000000
gab,1977,0.0000000000
gab,1978,0.0000000000
gab,1979,0.0000000000
gab,1980,0.0000000000
gab,1981,0.0000000000
gab,1982,0.0000000000
gab,1983,0.0000000000
gab,1984,0.0000000000
gab,1985,0.0000000000
gab,1986,0.0000000000
gab,1987,0.0000000000
gab,1988,0.0000000000
gab,1989,0.0000000000
gab,1990,0.0000000000
gab,1991,0.0000000000
gab,1992,0.0000000000
gab,1993,0.0000000000
gab,1994,289850.9000000000
gab,1995,0.0000000000
gab,1996,0.0000000000
gab,1997,0.0000000000
gab,1998,0.0000000000
gab,1999,0.0000000000
gab,2000,0.0000000000
gab,2001,0.0000000000
gab,2002,0.0000000000
gab,2003,14266519.9000000004
gab,2004,0.0000000000
gab,2005,0.0000000000
gab,2006,0.0000000000
gab,2007,0.0000000000
gab,2008,0.0000000000
gab,2009,0.0000000000
gab,2010,0.0000000000
gab,2011,0.0000000000
gab,2012,10194.9000000000
gab,2013,10742.8000000000
gab,2014,0.0000000000
gab,2015,0.0000000000
gab,2016,0.0000000000
gab,2017,0.0000000000
gmb,1970,0.0000000000
gmb,1971,0.0000000000
gmb,1972,0.0000000000
gmb,1973,0.0000000000
gmb,1974,0.0000000000
gmb,1975,0.0000000000
gmb,1976,0.0000000000
gmb,1977,0.0000000000
gmb,1978,0.0000000000
gmb,1979,0.0000000000
gmb,1980,0.0000000000
gmb,1981,0.0000000000
gmb,1982,0.0000000000
gmb,1983,0.0000000000
gmb,1984,0.0000000000
gmb,1985,0.0000000000
gmb,1986,0.0000000000
gmb,1987,0.0000000000
gmb,1988,0.0000000000
gmb,1989,0.0000000000
gmb,1990,0.0000000000
gmb,1991,0.0000000000
gmb,1992,0.0000000000
gmb,1993,0.0000000000
gmb,1994,0.0000000000
gmb,1995,0.0000000000
gmb,1996,0.0000000000
gmb,1997,0.0000000000
gmb,1998,0.0000000000
gmb,1999,0.0000000000
gmb,2000,0.0000000000
gmb,2001,266114.5000000000
gmb,2002,291390.0000000000
gmb,2003,262553.2000000000
gmb,2004,53000.0000000000
gmb,2005,16000.0000000000
gmb,2006,6278.2000000000
gmb,2007,0.0000000000
gmb,2008,0.0000000000
gmb,2009,0.0000000000
gmb,2010,0.0000000000
gmb,2011,0.0000000000
gmb,2012,0.0000000000
gmb,2013,0.0000000000
gmb,2014,0.0000000000
gmb,2015,0.0000000000
gmb,2016,0.0000000000
gmb,2017,0.0000000000
geo,1970,0.0000000000
geo,1971,0.0000000000
geo,1972,0.0000000000
geo,1973,0.0000000000
geo,1974,0.0000000000
geo,1975,0.0000000000
geo,1976,0.0000000000
geo,1977,0.0000000000
geo,1978,0.0000000000
geo,1979,0.0000000000
geo,1980,0.0000000000
geo,1981,0.0000000000
geo,1982,0.0000000000
geo,1983,0.0000000000
geo,1984,0.0000000000
geo,1985,0.0000000000
geo,1986,0.0000000000
geo,1987,0.0000000000
geo,1988,0.0000000000
geo,1989,0.0000000000
geo,1990,0.0000000000
geo,1991,0.0000000000
geo,1992,0.0000000000
geo,1993,0.0000000000
geo,1994,0.0000000000
geo,1995,85028.7000000000
geo,1996,0.0000000000
geo,1997,0.0000000000
geo,1998,0.0000000000
geo,1999,0.0000000000
geo,2000,0.0000000000
geo,2001,0.0000000000
geo,2002,0.0000000000
geo,2003,0.0000000000
geo,2004,0.0000000000
geo,2005,0.0000000000
geo,2006,16629807.6999999993
geo,2007,0.0000000000
geo,2008,0.0000000000
geo,2009,0.0000000000
geo,2010,0.0000000000
geo,2011,0.0000000000
geo,2012,0.0000000000
geo,2013,0.0000000000
geo,2014,0.0000000000
geo,2015,0.0000000000
geo,2016,0.0000000000
geo,2017,0.0000000000
gha,1970,0.0000000000
gha,1971,0.0000000000
gha,1972,0.0000000000
gha,1973,0.0000000000
gha,1974,0.0000000000
gha,1975,0.0000000000
gha,1976,0.0000000000
gha,1977,0.0000000000
gha,1978,0.0000000000
gha,1979,0.0000000000
gha,1980,0.0000000000
gha,1981,0.0000000000
gha,1982,0.0000000000
gha,1983,0.0000000000
gha,1984,0.0000000000
gha,1985,0.0000000000
gha,1986,0.0000000000
gha,1987,0.0000000000
gha,1988,0.0000000000
gha,1989,1057000.0000000000
gha,1990,0.0000000000
gha,1991,535000.0000000000
gha,1992,0.0000000000
gha,1993,0.0000000000
gha,1994,1249000.0000000000
gha,1995,0.0000000000
gha,1996,0.0000000000
gha,1997,0.0000000000
gha,1998,0.0000000000
gha,1999,0.0000000000
gha,2000,0.0000000000
gha,2001,0.0000000000
gha,2002,26443427.8999999985
gha,2003,9224000.0000000000
gha,2004,47672375.2999999970
gha,2005,5244854.7000000002
gha,2006,1508000.0000000000
gha,2007,0.0000000000
gha,2008,0.0000000000
gha,2009,0.0000000000
gha,2010,0.0000000000
gha,2011,0.0000000000
gha,2012,90761.7000000000
gha,2013,0.0000000000
gha,2014,0.0000000000
gha,2015,0.0000000000
gha,2016,0.0000000000
gha,2017,0.0000000000
grd,1970,0.0000000000
grd,1971,0.0000000000
grd,1972,0.0000000000
grd,1973,0.0000000000
grd,1974,0.0000000000
grd,1975,0.0000000000
grd,1976,0.0000000000
grd,1977,0.0000000000
grd,1978,0.0000000000
grd,1979,0.0000000000
grd,1980,0.0000000000
grd,1981,0.0000000000
grd,1982,0.0000000000
grd,1983,0.0000000000
grd,1984,0.0000000000
grd,1985,0.0000000000
grd,1986,0.0000000000
grd,1987,0.0000000000
grd,1988,0.0000000000
grd,1989,0.0000000000
grd,1990,0.0000000000
grd,1991,0.0000000000
grd,1992,0.0000000000
grd,1993,0.0000000000
grd,1994,0.0000000000
grd,1995,0.0000000000
grd,1996,0.0000000000
grd,1997,0.0000000000
grd,1998,0.0000000000
grd,1999,0.0000000000
grd,2000,0.0000000000
grd,2001,0.0000000000
grd,2002,0.0000000000
grd,2003,0.0000000000
grd,2004,0.0000000000
grd,2005,0.0000000000
grd,2006,0.0000000000
grd,2007,0.0000000000
grd,2008,0.0000000000
grd,2009,0.0000000000
grd,2010,0.0000000000
grd,2011,0.0000000000
grd,2012,0.0000000000
grd,2013,0.0000000000
grd,2014,0.0000000000
grd,2015,0.0000000000
grd,2016,0.0000000000
grd,2017,0.0000000000
gtm,1970,0.0000000000
gtm,1971,0.0000000000
gtm,1972,0.0000000000
gtm,1973,0.0000000000
gtm,1974,0.0000000000
gtm,1975,0.0000000000
gtm,1976,0.0000000000
gtm,1977,0.0000000000
gtm,1978,0.0000000000
gtm,1979,0.0000000000
gtm,1980,0.0000000000
gtm,1981,0.0000000000
gtm,1982,0.0000000000
gtm,1983,0.0000000000
gtm,1984,0.0000000000
gtm,1985,0.0000000000
gtm,1986,0.0000000000
gtm,1987,0.0000000000
gtm,1988,0.0000000000
gtm,1989,0.0000000000
gtm,1990,0.0000000000
gtm,1991,0.0000000000
gtm,1992,0.0000000000
gtm,1993,0.0000000000
gtm,1994,0.0000000000
gtm,1995,0.0000000000
gtm,1996,0.0000000000
gtm,1997,0.0000000000
gtm,1998,0.0000000000
gtm,1999,0.0000000000
gtm,2000,0.0000000000
gtm,2001,0.0000000000
gtm,2002,0.0000000000
gtm,2003,0.0000000000
gtm,2004,3858000.0000000000
gtm,2005,0.0000000000
gtm,2006,409400000.0000000000
gtm,2007,0.0000000000
gtm,2008,0.0000000000
gtm,2009,0.0000000000
gtm,2010,0.0000000000
gtm,2011,0.0000000000
gtm,2012,0.0000000000
gtm,2013,0.0000000000
gtm,2014,0.0000000000
gtm,2015,0.0000000000
gtm,2016,0.0000000000
gtm,2017,0.0000000000
gin,1970,0.0000000000
gin,1971,0.0000000000
gin,1972,0.0000000000
gin,1973,0.0000000000
gin,1974,0.0000000000
gin,1975,0.0000000000
gin,1976,0.0000000000
gin,1977,0.0000000000
gin,1978,0.0000000000
gin,1979,0.0000000000
gin,1980,0.0000000000
gin,1981,0.0000000000
gin,1982,0.0000000000
gin,1983,0.0000000000
gin,1984,0.0000000000
gin,1985,0.0000000000
gin,1986,0.0000000000
gin,1987,0.0000000000
gin,1988,0.0000000000
gin,1989,19455461.6000000015
gin,1990,0.0000000000
gin,1991,2718805.3999999999
gin,1992,12702020.8000000007
gin,1993,0.0000000000
gin,1994,158822.4000000000
gin,1995,7890705.7999999998
gin,1996,0.0000000000
gin,1997,2786589.5000000000
gin,1998,2209271.1000000001
gin,1999,48998295.5000000000
gin,2000,0.0000000000
gin,2001,15053711.5999999996
gin,2002,13917393.5000000000
gin,2003,14420265.8000000007
gin,2004,5585496.2999999998
gin,2005,796477.3000000000
gin,2006,608000.0000000000
gin,2007,547000.0000000000
gin,2008,47521134.3999999985
gin,2009,12246819.1999999993
gin,2010,11149418.6999999993
gin,2011,578229.5000000000
gin,2012,25431108.1999999993
gin,2013,0.0000000000
gin,2014,0.0000000000
gin,2015,0.0000000000
gin,2016,0.0000000000
gin,2017,0.0000000000
gnb,1970,0.0000000000
gnb,1971,0.0000000000
gnb,1972,0.0000000000
gnb,1973,0.0000000000
gnb,1974,0.0000000000
gnb,1975,0.0000000000
gnb,1976,0.0000000000
gnb,1977,0.0000000000
gnb,1978,0.0000000000
gnb,1979,0.0000000000
gnb,1980,0.0000000000
gnb,1981,0.0000000000
gnb,1982,0.0000000000
gnb,1983,0.0000000000
gnb,1984,0.0000000000
gnb,1985,0.0000000000
gnb,1986,0.0000000000
gnb,1987,0.0000000000
gnb,1988,0.0000000000
gnb,1989,280896.4000000000
gnb,1990,565850.0000000000
gnb,1991,0.0000000000
gnb,1992,0.0000000000
gnb,1993,0.0000000000
gnb,1994,8631452.8000000007
gnb,1995,3738463.7000000002
gnb,1996,2545282.2999999998
gnb,1997,15782.8000000000
gnb,1998,0.0000000000
gnb,1999,0.0000000000
gnb,2000,234000.0000000000
gnb,2001,3041263.1000000001
gnb,2002,2765310.0000000000
gnb,2003,1596000.0000000000
gnb,2004,41571515.2999999970
gnb,2005,1156000.0000000000
gnb,2006,424000.0000000000
gnb,2007,214000.0000000000
gnb,2008,401000.0000000000
gnb,2009,212000.0000000000
gnb,2010,14740066.5000000000
gnb,2011,82758371.5999999940
gnb,2012,363000.0000000000
gnb,2013,347000.0000000000
gnb,2014,335000.0000000000
gnb,2015,363000.0000000000
gnb,2016,349000.0000000000
gnb,2017,344000.0000000000
guy,1970,0.0000000000
guy,1971,0.0000000000
guy,1972,0.0000000000
guy,1973,0.0000000000
guy,1974,0.0000000000
guy,1975,0.0000000000
guy,1976,0.0000000000
guy,1977,0.0000000000
guy,1978,0.0000000000
guy,1979,0.0000000000
guy,1980,0.0000000000
guy,1981,0.0000000000
guy,1982,0.0000000000
guy,1983,0.0000000000
guy,1984,0.0000000000
guy,1985,0.0000000000
guy,1986,0.0000000000
guy,1987,0.0000000000
guy,1988,0.0000000000
guy,1989,413205.6000000000
guy,1990,1136501.8999999999
guy,1991,907396.5000000000
guy,1992,440496.9000000000
guy,1993,2211950.0000000000
guy,1994,2732166.1000000001
guy,1995,0.0000000000
guy,1996,4905427.7000000002
guy,1997,60000.0000000000
guy,1998,0.0000000000
guy,1999,5163527.0999999996
guy,2000,96000.0000000000
guy,2001,637152.3000000000
guy,2002,4921536.0999999996
guy,2003,5129130.2000000002
guy,2004,6629348.4000000004
guy,2005,21770263.1999999993
guy,2006,3605000.0000000000
guy,2007,2010000.0000000000
guy,2008,0.0000000000
guy,2009,0.0000000000
guy,2010,0.0000000000
guy,2011,0.0000000000
guy,2012,0.0000000000
guy,2013,2853319.2999999998
guy,2014,0.0000000000
guy,2015,0.0000000000
guy,2016,0.0000000000
guy,2017,0.0000000000
hti,1970,0.0000000000
hti,1971,0.0000000000
hti,1972,0.0000000000
hti,1973,0.0000000000
hti,1974,0.0000000000
hti,1975,0.0000000000
hti,1976,0.0000000000
hti,1977,0.0000000000
hti,1978,0.0000000000
hti,1979,0.0000000000
hti,1980,0.0000000000
hti,1981,0.0000000000
hti,1982,0.0000000000
hti,1983,0.0000000000
hti,1984,0.0000000000
hti,1985,0.0000000000
hti,1986,0.0000000000
hti,1987,0.0000000000
hti,1988,0.0000000000
hti,1989,0.0000000000
hti,1990,0.0000000000
hti,1991,16632845.3000000007
hti,1992,0.0000000000
hti,1993,0.0000000000
hti,1994,0.0000000000
hti,1995,2988365.7999999998
hti,1996,117992.5000000000
hti,1997,0.0000000000
hti,1998,0.0000000000
hti,1999,0.0000000000
hti,2000,0.0000000000
hti,2001,0.0000000000
hti,2002,0.0000000000
hti,2003,0.0000000000
hti,2004,0.0000000000
hti,2005,0.0000000000
hti,2006,55000.0000000000
hti,2007,9416180.4000000004
hti,2008,3598721.0000000000
hti,2009,7083000.0000000000
hti,2010,3646202.7999999998
hti,2011,2311938.7000000002
hti,2012,564861.8000000000
hti,2013,567080.7000000000
hti,2014,2495645.3999999999
hti,2015,505901.4000000000
hti,2016,376930.5000000000
hti,2017,810183.8000000000
hnd,1970,0.0000000000
hnd,1971,0.0000000000
hnd,1972,0.0000000000
hnd,1973,0.0000000000
hnd,1974,0.0000000000
hnd,1975,0.0000000000
hnd,1976,0.0000000000
hnd,1977,0.0000000000
hnd,1978,0.0000000000
hnd,1979,0.0000000000
hnd,1980,0.0000000000
hnd,1981,0.0000000000
hnd,1982,0.0000000000
hnd,1983,0.0000000000
hnd,1984,0.0000000000
hnd,1985,0.0000000000
hnd,1986,0.0000000000
hnd,1987,0.0000000000
hnd,1988,0.0000000000
hnd,1989,5786000.0000000000
hnd,1990,10524000.0000000000
hnd,1991,0.0000000000
hnd,1992,1508692.0000000000
hnd,1993,1282988.3999999999
hnd,1994,233671.4000000000
hnd,1995,289593.1000000000
hnd,1996,1856000.0000000000
hnd,1997,138099.4000000000
hnd,1998,12576000.0000000000
hnd,1999,9404587.0000000000
hnd,2000,4591208.0999999996
hnd,2001,22978904.3000000007
hnd,2002,10902142.0999999996
hnd,2003,2848441.2999999998
hnd,2004,19125508.6999999993
hnd,2005,85241141.5999999940
hnd,2006,19055514.0000000000
hnd,2007,6508854.7999999998
hnd,2008,6335537.0000000000
hnd,2009,439000.0000000000
hnd,2010,415000.0000000000
hnd,2011,15390000.0000000000
hnd,2012,366000.0000000000
hnd,2013,1640311.2000000000
hnd,2014,890788.8000000000
hnd,2015,0.0000000000
hnd,2016,136434.5000000000
hnd,2017,374159.4000000000
ind,1970,0.0000000000
ind,1971,0.0000000000
ind,1972,0.0000000000
ind,1973,0.0000000000
ind,1974,0.0000000000
ind,1975,0.0000000000
ind,1976,0.0000000000
ind,1977,0.0000000000
ind,1978,0.0000000000
ind,1979,0.0000000000
ind,1980,0.0000000000
ind,1981,0.0000000000
ind,1982,0.0000000000
ind,1983,0.0000000000
ind,1984,0.0000000000
ind,1985,0.0000000000
ind,1986,0.0000000000
ind,1987,0.0000000000
ind,1988,0.0000000000
ind,1989,0.0000000000
ind,1990,0.0000000000
ind,1991,0.0000000000
ind,1992,0.0000000000
ind,1993,0.0000000000
ind,1994,0.0000000000
ind,1995,0.0000000000
ind,1996,0.0000000000
ind,1997,0.0000000000
ind,1998,0.0000000000
ind,1999,0.0000000000
ind,2000,0.0000000000
ind,2001,0.0000000000
ind,2002,0.0000000000
ind,2003,0.0000000000
ind,2004,0.0000000000
ind,2005,0.0000000000
ind,2006,0.0000000000
ind,2007,0.0000000000
ind,2008,0.0000000000
ind,2009,0.0000000000
ind,2010,0.0000000000
ind,2011,0.0000000000
ind,2012,0.0000000000
ind,2013,0.0000000000
ind,2014,0.0000000000
ind,2015,0.0000000000
ind,2016,0.0000000000
ind,2017,0.0000000000
idn,1970,0.0000000000
idn,1971,0.0000000000
idn,1972,0.0000000000
idn,1973,0.0000000000
idn,1974,0.0000000000
idn,1975,0.0000000000
idn,1976,0.0000000000
idn,1977,0.0000000000
idn,1978,0.0000000000
idn,1979,0.0000000000
idn,1980,0.0000000000
idn,1981,0.0000000000
idn,1982,0.0000000000
idn,1983,0.0000000000
idn,1984,0.0000000000
idn,1985,0.0000000000
idn,1986,0.0000000000
idn,1987,0.0000000000
idn,1988,0.0000000000
idn,1989,0.0000000000
idn,1990,0.0000000000
idn,1991,0.0000000000
idn,1992,0.0000000000
idn,1993,0.0000000000
idn,1994,0.0000000000
idn,1995,0.0000000000
idn,1996,0.0000000000
idn,1997,0.0000000000
idn,1998,0.0000000000
idn,1999,0.0000000000
idn,2000,0.0000000000
idn,2001,0.0000000000
idn,2002,0.0000000000
idn,2003,0.0000000000
idn,2004,0.0000000000
idn,2005,0.0000000000
idn,2006,0.0000000000
idn,2007,0.0000000000
idn,2008,0.0000000000
idn,2009,0.0000000000
idn,2010,0.0000000000
idn,2011,0.0000000000
idn,2012,0.0000000000
idn,2013,0.0000000000
idn,2014,0.0000000000
idn,2015,0.0000000000
idn,2016,0.0000000000
idn,2017,0.0000000000
irn,1970,0.0000000000
irn,1971,0.0000000000
irn,1972,0.0000000000
irn,1973,0.0000000000
irn,1974,0.0000000000
irn,1975,0.0000000000
irn,1976,0.0000000000
irn,1977,0.0000000000
irn,1978,0.0000000000
irn,1979,0.0000000000
irn,1980,0.0000000000
irn,1981,0.0000000000
irn,1982,0.0000000000
irn,1983,0.0000000000
irn,1984,0.0000000000
irn,1985,0.0000000000
irn,1986,0.0000000000
irn,1987,0.0000000000
irn,1988,0.0000000000
irn,1989,0.0000000000
irn,1990,0.0000000000
irn,1991,0.0000000000
irn,1992,0.0000000000
irn,1993,0.0000000000
irn,1994,0.0000000000
irn,1995,0.0000000000
irn,1996,0.0000000000
irn,1997,0.0000000000
irn,1998,0.0000000000
irn,1999,0.0000000000
irn,2000,0.0000000000
irn,2001,0.0000000000
irn,2002,0.0000000000
irn,2003,0.0000000000
irn,2004,0.0000000000
irn,2005,0.0000000000
irn,2006,0.0000000000
irn,2007,0.0000000000
irn,2008,0.0000000000
irn,2009,0.0000000000
irn,2010,0.0000000000
irn,2011,0.0000000000
irn,2012,0.0000000000
irn,2013,0.0000000000
irn,2014,0.0000000000
irn,2015,0.0000000000
irn,2016,0.0000000000
irn,2017,0.0000000000
jam,1970,0.0000000000
jam,1971,0.0000000000
jam,1972,0.0000000000
jam,1973,0.0000000000
jam,1974,0.0000000000
jam,1975,0.0000000000
jam,1976,0.0000000000
jam,1977,0.0000000000
jam,1978,0.0000000000
jam,1979,0.0000000000
jam,1980,0.0000000000
jam,1981,0.0000000000
jam,1982,0.0000000000
jam,1983,0.0000000000
jam,1984,0.0000000000
jam,1985,0.0000000000
jam,1986,0.0000000000
jam,1987,0.0000000000
jam,1988,0.0000000000
jam,1989,0.0000000000
jam,1990,486000.0000000000
jam,1991,10516666.4000000004
jam,1992,3752061.1000000001
jam,1993,3328767.7999999998
jam,1994,2655360.7999999998
jam,1995,0.0000000000
jam,1996,0.0000000000
jam,1997,0.0000000000
jam,1998,0.0000000000
jam,1999,0.0000000000
jam,2000,0.0000000000
jam,2001,0.0000000000
jam,2002,0.0000000000
jam,2003,0.0000000000
jam,2004,0.0000000000
jam,2005,375160.4000000000
jam,2006,604912.8000000000
jam,2007,0.0000000000
jam,2008,1422700.3999999999
jam,2009,100265.8000000000
jam,2010,1520010.0000000000
jam,2011,126038.9000000000
jam,2012,64531144.1000000015
jam,2013,48984818.1000000015
jam,2014,117638.7000000000
jam,2015,62114.4000000000
jam,2016,53110.8000000000
jam,2017,44030.4000000000
jor,1970,0.0000000000
jor,1971,0.0000000000
jor,1972,0.0000000000
jor,1973,0.0000000000
jor,1974,0.0000000000
jor,1975,0.0000000000
jor,1976,0.0000000000
jor,1977,0.0000000000
jor,1978,0.0000000000
jor,1979,0.0000000000
jor,1980,0.0000000000
jor,1981,0.0000000000
jor,1982,0.0000000000
jor,1983,0.0000000000
jor,1984,0.0000000000
jor,1985,0.0000000000
jor,1986,0.0000000000
jor,1987,0.0000000000
jor,1988,0.0000000000
jor,1989,0.0000000000
jor,1990,0.0000000000
jor,1991,0.0000000000
jor,1992,0.0000000000
jor,1993,247160.5000000000
jor,1994,0.0000000000
jor,1995,0.0000000000
jor,1996,0.0000000000
jor,1997,0.0000000000
jor,1998,0.0000000000
jor,1999,0.0000000000
jor,2000,0.0000000000
jor,2001,0.0000000000
jor,2002,0.0000000000
jor,2003,3917216.2999999998
jor,2004,0.0000000000
jor,2005,0.0000000000
jor,2006,0.0000000000
jor,2007,0.0000000000
jor,2008,0.0000000000
jor,2009,0.0000000000
jor,2010,12207.5000000000
jor,2011,0.0000000000
jor,2012,0.0000000000
jor,2013,0.0000000000
jor,2014,0.0000000000
jor,2015,0.0000000000
jor,2016,254021.1000000000
jor,2017,0.0000000000
kaz,1970,0.0000000000
kaz,1971,0.0000000000
kaz,1972,0.0000000000
kaz,1973,0.0000000000
kaz,1974,0.0000000000
kaz,1975,0.0000000000
kaz,1976,0.0000000000
kaz,1977,0.0000000000
kaz,1978,0.0000000000
kaz,1979,0.0000000000
kaz,1980,0.0000000000
kaz,1981,0.0000000000
kaz,1982,0.0000000000
kaz,1983,0.0000000000
kaz,1984,0.0000000000
kaz,1985,0.0000000000
kaz,1986,0.0000000000
kaz,1987,0.0000000000
kaz,1988,0.0000000000
kaz,1989,0.0000000000
kaz,1990,0.0000000000
kaz,1991,0.0000000000
kaz,1992,0.0000000000
kaz,1993,0.0000000000
kaz,1994,0.0000000000
kaz,1995,0.0000000000
kaz,1996,0.0000000000
kaz,1997,0.0000000000
kaz,1998,0.0000000000
kaz,1999,0.0000000000
kaz,2000,0.0000000000
kaz,2001,0.0000000000
kaz,2002,0.0000000000
kaz,2003,0.0000000000
kaz,2004,0.0000000000
kaz,2005,0.0000000000
kaz,2006,0.0000000000
kaz,2007,0.0000000000
kaz,2008,0.0000000000
kaz,2009,0.0000000000
kaz,2010,0.0000000000
kaz,2011,0.0000000000
kaz,2012,0.0000000000
kaz,2013,0.0000000000
kaz,2014,0.0000000000
kaz,2015,0.0000000000
kaz,2016,0.0000000000
kaz,2017,0.0000000000
ken,1970,0.0000000000
ken,1971,0.0000000000
ken,1972,0.0000000000
ken,1973,0.0000000000
ken,1974,0.0000000000
ken,1975,0.0000000000
ken,1976,0.0000000000
ken,1977,0.0000000000
ken,1978,0.0000000000
ken,1979,0.0000000000
ken,1980,0.0000000000
ken,1981,0.0000000000
ken,1982,0.0000000000
ken,1983,0.0000000000
ken,1984,0.0000000000
ken,1985,0.0000000000
ken,1986,0.0000000000
ken,1987,0.0000000000
ken,1988,0.0000000000
ken,1989,2695067.3999999999
ken,1990,12660670.1999999993
ken,1991,19000.0000000000
ken,1992,0.0000000000
ken,1993,0.0000000000
ken,1994,0.0000000000
ken,1995,0.0000000000
ken,1996,0.0000000000
ken,1997,0.0000000000
ken,1998,0.0000000000
ken,1999,0.0000000000
ken,2000,0.0000000000
ken,2001,0.0000000000
ken,2002,0.0000000000
ken,2003,0.0000000000
ken,2004,3034723.7000000002
ken,2005,1837299.6000000001
ken,2006,3185037.0000000000
ken,2007,0.0000000000
ken,2008,0.0000000000
ken,2009,10546.7000000000
ken,2010,0.0000000000
ken,2011,0.0000000000
ken,2012,7653536.9000000004
ken,2013,0.0000000000
ken,2014,0.0000000000
ken,2015,0.0000000000
ken,2016,0.0000000000
ken,2017,0.0000000000
xkx,1970,0.0000000000
xkx,1971,0.0000000000
xkx,1972,0.0000000000
xkx,1973,0.0000000000
xkx,1974,0.0000000000
xkx,1975,0.0000000000
xkx,1976,0.0000000000
xkx,1977,0.0000000000
xkx,1978,0.0000000000
xkx,1979,0.0000000000
xkx,1980,0.0000000000
xkx,1981,0.0000000000
xkx,1982,0.0000000000
xkx,1983,0.0000000000
xkx,1984,0.0000000000
xkx,1985,0.0000000000
xkx,1986,0.0000000000
xkx,1987,0.0000000000
xkx,1988,0.0000000000
xkx,1989,0.0000000000
xkx,1990,0.0000000000
xkx,1991,0.0000000000
xkx,1992,0.0000000000
xkx,1993,0.0000000000
xkx,1994,0.0000000000
xkx,1995,0.0000000000
xkx,1996,0.0000000000
xkx,1997,0.0000000000
xkx,1998,0.0000000000
xkx,1999,0.0000000000
xkx,2000,0.0000000000
xkx,2001,0.0000000000
xkx,2002,0.0000000000
xkx,2003,0.0000000000
xkx,2004,0.0000000000
xkx,2005,0.0000000000
xkx,2006,0.0000000000
xkx,2007,0.0000000000
xkx,2008,0.0000000000
xkx,2009,0.0000000000
xkx,2010,0.0000000000
xkx,2011,0.0000000000
xkx,2012,0.0000000000
xkx,2013,0.0000000000
xkx,2014,0.0000000000
xkx,2015,0.0000000000
xkx,2016,0.0000000000
xkx,2017,0.0000000000
kgz,1970,0.0000000000
kgz,1971,0.0000000000
kgz,1972,0.0000000000
kgz,1973,0.0000000000
kgz,1974,0.0000000000
kgz,1975,0.0000000000
kgz,1976,0.0000000000
kgz,1977,0.0000000000
kgz,1978,0.0000000000
kgz,1979,0.0000000000
kgz,1980,0.0000000000
kgz,1981,0.0000000000
kgz,1982,0.0000000000
kgz,1983,0.0000000000
kgz,1984,0.0000000000
kgz,1985,0.0000000000
kgz,1986,0.0000000000
kgz,1987,0.0000000000
kgz,1988,0.0000000000
kgz,1989,0.0000000000
kgz,1990,0.0000000000
kgz,1991,0.0000000000
kgz,1992,0.0000000000
kgz,1993,0.0000000000
kgz,1994,0.0000000000
kgz,1995,0.0000000000
kgz,1996,0.0000000000
kgz,1997,0.0000000000
kgz,1998,0.0000000000
kgz,1999,0.0000000000
kgz,2000,0.0000000000
kgz,2001,0.0000000000
kgz,2002,0.0000000000
kgz,2003,0.0000000000
kgz,2004,0.0000000000
kgz,2005,325004.2000000000
kgz,2006,0.0000000000
kgz,2007,38000.0000000000
kgz,2008,0.0000000000
kgz,2009,0.0000000000
kgz,2010,0.0000000000
kgz,2011,0.0000000000
kgz,2012,0.0000000000
kgz,2013,2566807.2000000002
kgz,2014,0.0000000000
kgz,2015,0.0000000000
kgz,2016,0.0000000000
kgz,2017,0.0000000000
lao,1970,0.0000000000
lao,1971,0.0000000000
lao,1972,0.0000000000
lao,1973,0.0000000000
lao,1974,0.0000000000
lao,1975,0.0000000000
lao,1976,0.0000000000
lao,1977,0.0000000000
lao,1978,0.0000000000
lao,1979,0.0000000000
lao,1980,0.0000000000
lao,1981,0.0000000000
lao,1982,0.0000000000
lao,1983,0.0000000000
lao,1984,0.0000000000
lao,1985,0.0000000000
lao,1986,0.0000000000
lao,1987,0.0000000000
lao,1988,0.0000000000
lao,1989,0.0000000000
lao,1990,0.0000000000
lao,1991,143366.8000000000
lao,1992,0.0000000000
lao,1993,0.0000000000
lao,1994,0.0000000000
lao,1995,0.0000000000
lao,1996,0.0000000000
lao,1997,0.0000000000
lao,1998,0.0000000000
lao,1999,0.0000000000
lao,2000,0.0000000000
lao,2001,0.0000000000
lao,2002,0.0000000000
lao,2003,0.0000000000
lao,2004,0.0000000000
lao,2005,0.0000000000
lao,2006,0.0000000000
lao,2007,0.0000000000
lao,2008,0.0000000000
lao,2009,0.0000000000
lao,2010,0.0000000000
lao,2011,0.0000000000
lao,2012,0.0000000000
lao,2013,0.0000000000
lao,2014,0.0000000000
lao,2015,0.0000000000
lao,2016,0.0000000000
lao,2017,0.0000000000
lbn,1970,0.0000000000
lbn,1971,0.0000000000
lbn,1972,0.0000000000
lbn,1973,0.0000000000
lbn,1974,0.0000000000
lbn,1975,0.0000000000
lbn,1976,0.0000000000
lbn,1977,0.0000000000
lbn,1978,0.0000000000
lbn,1979,0.0000000000
lbn,1980,0.0000000000
lbn,1981,0.0000000000
lbn,1982,0.0000000000
lbn,1983,0.0000000000
lbn,1984,0.0000000000
lbn,1985,0.0000000000
lbn,1986,0.0000000000
lbn,1987,0.0000000000
lbn,1988,0.0000000000
lbn,1989,0.0000000000
lbn,1990,0.0000000000
lbn,1991,0.0000000000
lbn,1992,0.0000000000
lbn,1993,0.0000000000
lbn,1994,0.0000000000
lbn,1995,0.0000000000
lbn,1996,0.0000000000
lbn,1997,0.0000000000
lbn,1998,0.0000000000
lbn,1999,0.0000000000
lbn,2000,0.0000000000
lbn,2001,0.0000000000
lbn,2002,0.0000000000
lbn,2003,0.0000000000
lbn,2004,0.0000000000
lbn,2005,0.0000000000
lbn,2006,0.0000000000
lbn,2007,0.0000000000
lbn,2008,0.0000000000
lbn,2009,0.0000000000
lbn,2010,0.0000000000
lbn,2011,0.0000000000
lbn,2012,0.0000000000
lbn,2013,0.0000000000
lbn,2014,0.0000000000
lbn,2015,0.0000000000
lbn,2016,0.0000000000
lbn,2017,0.0000000000
lso,1970,0.0000000000
lso,1971,0.0000000000
lso,1972,0.0000000000
lso,1973,0.0000000000
lso,1974,0.0000000000
lso,1975,0.0000000000
lso,1976,0.0000000000
lso,1977,0.0000000000
lso,1978,0.0000000000
lso,1979,0.0000000000
lso,1980,0.0000000000
lso,1981,0.0000000000
lso,1982,0.0000000000
lso,1983,0.0000000000
lso,1984,0.0000000000
lso,1985,0.0000000000
lso,1986,0.0000000000
lso,1987,0.0000000000
lso,1988,0.0000000000
lso,1989,0.0000000000
lso,1990,0.0000000000
lso,1991,0.0000000000
lso,1992,0.0000000000
lso,1993,0.0000000000
lso,1994,0.0000000000
lso,1995,0.0000000000
lso,1996,0.0000000000
lso,1997,0.0000000000
lso,1998,0.0000000000
lso,1999,0.0000000000
lso,2000,0.0000000000
lso,2001,0.0000000000
lso,2002,0.0000000000
lso,2003,0.0000000000
lso,2004,0.0000000000
lso,2005,0.0000000000
lso,2006,0.0000000000
lso,2007,0.0000000000
lso,2008,0.0000000000
lso,2009,0.0000000000
lso,2010,0.0000000000
lso,2011,0.0000000000
lso,2012,0.0000000000
lso,2013,0.0000000000
lso,2014,0.0000000000
lso,2015,0.0000000000
lso,2016,0.0000000000
lso,2017,0.0000000000
lbr,1970,0.0000000000
lbr,1971,0.0000000000
lbr,1972,0.0000000000
lbr,1973,0.0000000000
lbr,1974,0.0000000000
lbr,1975,0.0000000000
lbr,1976,0.0000000000
lbr,1977,0.0000000000
lbr,1978,0.0000000000
lbr,1979,0.0000000000
lbr,1980,0.0000000000
lbr,1981,0.0000000000
lbr,1982,0.0000000000
lbr,1983,0.0000000000
lbr,1984,0.0000000000
lbr,1985,0.0000000000
lbr,1986,0.0000000000
lbr,1987,0.0000000000
lbr,1988,0.0000000000
lbr,1989,0.0000000000
lbr,1990,0.0000000000
lbr,1991,0.0000000000
lbr,1992,0.0000000000
lbr,1993,0.0000000000
lbr,1994,0.0000000000
lbr,1995,0.0000000000
lbr,1996,0.0000000000
lbr,1997,0.0000000000
lbr,1998,0.0000000000
lbr,1999,0.0000000000
lbr,2000,0.0000000000
lbr,2001,0.0000000000
lbr,2002,0.0000000000
lbr,2003,0.0000000000
lbr,2004,0.0000000000
lbr,2005,0.0000000000
lbr,2006,0.0000000000
lbr,2007,0.0000000000
lbr,2008,324128905.8000000119
lbr,2009,1295345316.5999999046
lbr,2010,64772528.2000000030
lbr,2011,0.0000000000
lbr,2012,0.0000000000
lbr,2013,0.0000000000
lbr,2014,0.0000000000
lbr,2015,0.0000000000
lbr,2016,0.0000000000
lbr,2017,0.0000000000
mkd,1970,0.0000000000
mkd,1971,0.0000000000
mkd,1972,0.0000000000
mkd,1973,0.0000000000
mkd,1974,0.0000000000
mkd,1975,0.0000000000
mkd,1976,0.0000000000
mkd,1977,0.0000000000
mkd,1978,0.0000000000
mkd,1979,0.0000000000
mkd,1980,0.0000000000
mkd,1981,0.0000000000
mkd,1982,0.0000000000
mkd,1983,0.0000000000
mkd,1984,0.0000000000
mkd,1985,0.0000000000
mkd,1986,0.0000000000
mkd,1987,0.0000000000
mkd,1988,0.0000000000
mkd,1989,0.0000000000
mkd,1990,0.0000000000
mkd,1991,0.0000000000
mkd,1992,0.0000000000
mkd,1993,0.0000000000
mkd,1994,0.0000000000
mkd,1995,0.0000000000
mkd,1996,0.0000000000
mkd,1997,0.0000000000
mkd,1998,0.0000000000
mkd,1999,0.0000000000
mkd,2000,0.0000000000
mkd,2001,0.0000000000
mkd,2002,0.0000000000
mkd,2003,32000.0000000000
mkd,2004,677600.7000000000
mkd,2005,0.0000000000
mkd,2006,0.0000000000
mkd,2007,0.0000000000
mkd,2008,0.0000000000
mkd,2009,0.0000000000
mkd,2010,0.0000000000
mkd,2011,0.0000000000
mkd,2012,0.0000000000
mkd,2013,0.0000000000
mkd,2014,0.0000000000
mkd,2015,0.0000000000
mkd,2016,0.0000000000
mkd,2017,0.0000000000
mdg,1970,0.0000000000
mdg,1971,0.0000000000
mdg,1972,0.0000000000
mdg,1973,0.0000000000
mdg,1974,0.0000000000
mdg,1975,0.0000000000
mdg,1976,0.0000000000
mdg,1977,0.0000000000
mdg,1978,0.0000000000
mdg,1979,0.0000000000
mdg,1980,0.0000000000
mdg,1981,0.0000000000
mdg,1982,0.0000000000
mdg,1983,0.0000000000
mdg,1984,0.0000000000
mdg,1985,0.0000000000
mdg,1986,0.0000000000
mdg,1987,0.0000000000
mdg,1988,0.0000000000
mdg,1989,2704449.7999999998
mdg,1990,90042.6000000000
mdg,1991,43942.4000000000
mdg,1992,0.0000000000
mdg,1993,18103502.1000000015
mdg,1994,0.0000000000
mdg,1995,0.0000000000
mdg,1996,0.0000000000
mdg,1997,16688869.8000000007
mdg,1998,745382.8000000000
mdg,1999,580999.8000000000
mdg,2000,0.0000000000
mdg,2001,68636192.2000000030
mdg,2002,38030187.0000000000
mdg,2003,34827781.3999999985
mdg,2004,59472626.3999999985
mdg,2005,2320742.3999999999
mdg,2006,1963992.3999999999
mdg,2007,4679166.2999999998
mdg,2008,0.0000000000
mdg,2009,0.0000000000
mdg,2010,0.0000000000
mdg,2011,29958.6000000000
mdg,2012,0.0000000000
mdg,2013,149931304.5000000000
mdg,2014,0.0000000000
mdg,2015,0.0000000000
mdg,2016,451653.1000000000
mdg,2017,0.0000000000
mwi,1970,0.0000000000
mwi,1971,0.0000000000
mwi,1972,0.0000000000
mwi,1973,0.0000000000
mwi,1974,0.0000000000
mwi,1975,0.0000000000
mwi,1976,0.0000000000
mwi,1977,0.0000000000
mwi,1978,0.0000000000
mwi,1979,0.0000000000
mwi,1980,0.0000000000
mwi,1981,0.0000000000
mwi,1982,0.0000000000
mwi,1983,0.0000000000
mwi,1984,0.0000000000
mwi,1985,0.0000000000
mwi,1986,0.0000000000
mwi,1987,0.0000000000
mwi,1988,0.0000000000
mwi,1989,544382.1000000000
mwi,1990,0.0000000000
mwi,1991,0.0000000000
mwi,1992,0.0000000000
mwi,1993,0.0000000000
mwi,1994,0.0000000000
mwi,1995,0.0000000000
mwi,1996,0.0000000000
mwi,1997,0.0000000000
mwi,1998,0.0000000000
mwi,1999,0.0000000000
mwi,2000,0.0000000000
mwi,2001,23093578.8999999985
mwi,2002,6551747.2999999998
mwi,2003,7086086.5999999996
mwi,2004,7956084.2999999998
mwi,2005,6420883.2000000002
mwi,2006,7923031.7000000002
mwi,2007,1048113.6000000000
mwi,2008,598000.0000000000
mwi,2009,525000.0000000000
mwi,2010,450000.0000000000
mwi,2011,429000.0000000000
mwi,2012,388000.0000000000
mwi,2013,275000.0000000000
mwi,2014,131000.0000000000
mwi,2015,99000.0000000000
mwi,2016,89000.0000000000
mwi,2017,91000.0000000000
mys,1970,0.0000000000
mys,1971,0.0000000000
mys,1972,0.0000000000
mys,1973,0.0000000000
mys,1974,0.0000000000
mys,1975,0.0000000000
mys,1976,0.0000000000
mys,1977,0.0000000000
mys,1978,0.0000000000
mys,1979,0.0000000000
mys,1980,0.0000000000
mys,1981,0.0000000000
mys,1982,0.0000000000
mys,1983,0.0000000000
mys,1984,0.0000000000
mys,1985,0.0000000000
mys,1986,0.0000000000
mys,1987,0.0000000000
mys,1988,0.0000000000
mys,1989,0.0000000000
mys,1990,0.0000000000
mys,1991,0.0000000000
mys,1992,0.0000000000
mys,1993,0.0000000000
mys,1994,0.0000000000
mys,1995,0.0000000000
mys,1996,0.0000000000
mys,1997,0.0000000000
mys,1998,0.0000000000
mys,1999,0.0000000000
mys,2000,0.0000000000
mys,2001,0.0000000000
mys,2002,0.0000000000
mys,2003,0.0000000000
mys,2004,0.0000000000
mys,2005,0.0000000000
mys,2006,0.0000000000
mys,2007,0.0000000000
mys,2008,0.0000000000
mys,2009,0.0000000000
mys,2010,0.0000000000
mys,2011,0.0000000000
mys,2012,0.0000000000
mys,2013,0.0000000000
mys,2014,0.0000000000
mys,2015,0.0000000000
mys,2016,0.0000000000
mdv,1970,0.0000000000
mdv,1971,0.0000000000
mdv,1972,0.0000000000
mdv,1973,0.0000000000
mdv,1974,0.0000000000
mdv,1975,0.0000000000
mdv,1976,0.0000000000
mdv,1977,0.0000000000
mdv,1978,0.0000000000
mdv,1979,0.0000000000
mdv,1980,0.0000000000
mdv,1981,0.0000000000
mdv,1982,0.0000000000
mdv,1983,0.0000000000
mdv,1984,0.0000000000
mdv,1985,0.0000000000
mdv,1986,0.0000000000
mdv,1987,0.0000000000
mdv,1988,0.0000000000
mdv,1989,0.0000000000
mdv,1990,0.0000000000
mdv,1991,0.0000000000
mdv,1992,0.0000000000
mdv,1993,0.0000000000
mdv,1994,0.0000000000
mdv,1995,0.0000000000
mdv,1996,0.0000000000
mdv,1997,0.0000000000
mdv,1998,0.0000000000
mdv,1999,0.0000000000
mdv,2000,0.0000000000
mdv,2001,0.0000000000
mdv,2002,0.0000000000
mdv,2003,0.0000000000
mdv,2004,0.0000000000
mdv,2005,0.0000000000
mdv,2006,0.0000000000
mdv,2007,0.0000000000
mdv,2008,0.0000000000
mdv,2009,0.0000000000
mdv,2010,0.0000000000
mdv,2011,0.0000000000
mdv,2012,0.0000000000
mdv,2013,0.0000000000
mdv,2014,0.0000000000
mdv,2015,0.0000000000
mdv,2016,0.0000000000
mdv,2017,0.0000000000
mli,1970,0.0000000000
mli,1971,0.0000000000
mli,1972,0.0000000000
mli,1973,0.0000000000
mli,1974,0.0000000000
mli,1975,0.0000000000
mli,1976,0.0000000000
mli,1977,0.0000000000
mli,1978,0.0000000000
mli,1979,0.0000000000
mli,1980,0.0000000000
mli,1981,0.0000000000
mli,1982,0.0000000000
mli,1983,0.0000000000
mli,1984,0.0000000000
mli,1985,0.0000000000
mli,1986,0.0000000000
mli,1987,0.0000000000
mli,1988,0.0000000000
mli,1989,1433355.6000000001
mli,1990,1725538.2000000000
mli,1991,845045.0000000000
mli,1992,5894155.5000000000
mli,1993,1372317.5000000000
mli,1994,8811770.3000000007
mli,1995,0.0000000000
mli,1996,1793200.5000000000
mli,1997,0.0000000000
mli,1998,0.0000000000
mli,1999,0.0000000000
mli,2000,1444304.8999999999
mli,2001,2161553.1000000001
mli,2002,43546660.0000000000
mli,2003,4560694.2999999998
mli,2004,1516696.8000000000
mli,2005,1718930.1000000001
mli,2006,203000.0000000000
mli,2007,0.0000000000
mli,2008,0.0000000000
mli,2009,6336000.0000000000
mli,2010,0.0000000000
mli,2011,0.0000000000
mli,2012,0.0000000000
mli,2013,0.0000000000
mli,2014,0.0000000000
mli,2015,0.0000000000
mli,2016,179000.0000000000
mli,2017,0.0000000000
mrt,1970,0.0000000000
mrt,1971,0.0000000000
mrt,1972,0.0000000000
mrt,1973,0.0000000000
mrt,1974,0.0000000000
mrt,1975,0.0000000000
mrt,1976,0.0000000000
mrt,1977,0.0000000000
mrt,1978,0.0000000000
mrt,1979,0.0000000000
mrt,1980,0.0000000000
mrt,1981,0.0000000000
mrt,1982,0.0000000000
mrt,1983,0.0000000000
mrt,1984,0.0000000000
mrt,1985,0.0000000000
mrt,1986,0.0000000000
mrt,1987,0.0000000000
mrt,1988,0.0000000000
mrt,1989,3559995.0000000000
mrt,1990,1020816.6000000000
mrt,1991,37893.6000000000
mrt,1992,222577.4000000000
mrt,1993,7950426.2999999998
mrt,1994,1048582.8000000000
mrt,1995,1814043.8999999999
mrt,1996,1482641.0000000000
mrt,1997,2257675.7999999998
mrt,1998,0.0000000000
mrt,1999,0.0000000000
mrt,2000,17265212.0000000000
mrt,2001,6538776.5999999996
mrt,2002,5381286.4000000004
mrt,2003,5460587.7000000002
mrt,2004,2930220.0000000000
mrt,2005,2049905.3999999999
mrt,2006,605893.7000000000
mrt,2007,503051.4000000000
mrt,2008,399359.4000000000
mrt,2009,389686.4000000000
mrt,2010,60326788.7000000030
mrt,2011,368953.8000000000
mrt,2012,0.0000000000
mrt,2013,0.0000000000
mrt,2014,0.0000000000
mrt,2015,0.0000000000
mrt,2016,0.0000000000
mrt,2017,0.0000000000
mus,1970,0.0000000000
mus,1971,0.0000000000
mus,1972,0.0000000000
mus,1973,0.0000000000
mus,1974,0.0000000000
mus,1975,0.0000000000
mus,1976,0.0000000000
mus,1977,0.0000000000
mus,1978,0.0000000000
mus,1979,0.0000000000
mus,1980,0.0000000000
mus,1981,0.0000000000
mus,1982,0.0000000000
mus,1983,0.0000000000
mus,1984,0.0000000000
mus,1985,0.0000000000
mus,1986,0.0000000000
mus,1987,0.0000000000
mus,1988,0.0000000000
mus,1989,0.0000000000
mus,1990,0.0000000000
mus,1991,0.0000000000
mus,1992,0.0000000000
mus,1993,0.0000000000
mus,1994,0.0000000000
mus,1995,0.0000000000
mus,1996,0.0000000000
mus,1997,0.0000000000
mus,1998,0.0000000000
mus,1999,0.0000000000
mus,2000,0.0000000000
mus,2001,0.0000000000
mus,2002,0.0000000000
mus,2003,0.0000000000
mus,2004,0.0000000000
mus,2005,0.0000000000
mus,2006,0.0000000000
mus,2007,0.0000000000
mus,2008,0.0000000000
mus,2009,0.0000000000
mus,2010,0.0000000000
mus,2011,0.0000000000
mus,2012,0.0000000000
mus,2013,0.0000000000
mus,2014,0.0000000000
mus,2015,0.0000000000
mus,2016,0.0000000000
mus,2017,0.0000000000
mex,1970,0.0000000000
mex,1971,0.0000000000
mex,1972,0.0000000000
mex,1973,0.0000000000
mex,1974,0.0000000000
mex,1975,0.0000000000
mex,1976,0.0000000000
mex,1977,0.0000000000
mex,1978,0.0000000000
mex,1979,0.0000000000
mex,1980,0.0000000000
mex,1981,0.0000000000
mex,1982,0.0000000000
mex,1983,0.0000000000
mex,1984,0.0000000000
mex,1985,0.0000000000
mex,1986,0.0000000000
mex,1987,0.0000000000
mex,1988,0.0000000000
mex,1989,0.0000000000
mex,1990,0.0000000000
mex,1991,0.0000000000
mex,1992,0.0000000000
mex,1993,0.0000000000
mex,1994,0.0000000000
mex,1995,0.0000000000
mex,1996,0.0000000000
mex,1997,0.0000000000
mex,1998,0.0000000000
mex,1999,0.0000000000
mex,2000,0.0000000000
mex,2001,0.0000000000
mex,2002,0.0000000000
mex,2003,0.0000000000
mex,2004,0.0000000000
mex,2005,0.0000000000
mex,2006,0.0000000000
mex,2007,0.0000000000
mex,2008,0.0000000000
mex,2009,0.0000000000
mex,2010,0.0000000000
mex,2011,0.0000000000
mex,2012,0.0000000000
mex,2013,0.0000000000
mex,2014,0.0000000000
mex,2015,0.0000000000
mex,2016,0.0000000000
mex,2017,0.0000000000
mda,1970,0.0000000000
mda,1971,0.0000000000
mda,1972,0.0000000000
mda,1973,0.0000000000
mda,1974,0.0000000000
mda,1975,0.0000000000
mda,1976,0.0000000000
mda,1977,0.0000000000
mda,1978,0.0000000000
mda,1979,0.0000000000
mda,1980,0.0000000000
mda,1981,0.0000000000
mda,1982,0.0000000000
mda,1983,0.0000000000
mda,1984,0.0000000000
mda,1985,0.0000000000
mda,1986,0.0000000000
mda,1987,0.0000000000
mda,1988,0.0000000000
mda,1989,0.0000000000
mda,1990,0.0000000000
mda,1991,0.0000000000
mda,1992,0.0000000000
mda,1993,0.0000000000
mda,1994,0.0000000000
mda,1995,0.0000000000
mda,1996,0.0000000000
mda,1997,0.0000000000
mda,1998,0.0000000000
mda,1999,0.0000000000
mda,2000,0.0000000000
mda,2001,89646.6000000000
mda,2002,0.0000000000
mda,2003,0.0000000000
mda,2004,265000.0000000000
mda,2005,0.0000000000
mda,2006,0.0000000000
mda,2007,0.0000000000
mda,2008,0.0000000000
mda,2009,0.0000000000
mda,2010,0.0000000000
mda,2011,0.0000000000
mda,2012,0.0000000000
mda,2013,0.0000000000
mda,2014,0.0000000000
mda,2015,64332.7000000000
mda,2016,0.0000000000
mda,2017,0.0000000000
mng,1970,0.0000000000
mng,1971,0.0000000000
mng,1972,0.0000000000
mng,1973,0.0000000000
mng,1974,0.0000000000
mng,1975,0.0000000000
mng,1976,0.0000000000
mng,1977,0.0000000000
mng,1978,0.0000000000
mng,1979,0.0000000000
mng,1980,0.0000000000
mng,1981,0.0000000000
mng,1982,0.0000000000
mng,1983,0.0000000000
mng,1984,0.0000000000
mng,1985,0.0000000000
mng,1986,0.0000000000
mng,1987,0.0000000000
mng,1988,0.0000000000
mng,1989,0.0000000000
mng,1990,0.0000000000
mng,1991,0.0000000000
mng,1992,0.0000000000
mng,1993,0.0000000000
mng,1994,0.0000000000
mng,1995,0.0000000000
mng,1996,0.0000000000
mng,1997,0.0000000000
mng,1998,0.0000000000
mng,1999,0.0000000000
mng,2000,0.0000000000
mng,2001,0.0000000000
mng,2002,0.0000000000
mng,2003,0.0000000000
mng,2004,0.0000000000
mng,2005,0.0000000000
mng,2006,4043000.0000000000
mng,2007,0.0000000000
mng,2008,0.0000000000
mng,2009,0.0000000000
mng,2010,0.0000000000
mng,2011,0.0000000000
mng,2012,0.0000000000
mng,2013,0.0000000000
mng,2014,0.0000000000
mng,2015,0.0000000000
mng,2016,0.0000000000
mng,2017,0.0000000000
mne,1970,0.0000000000
mne,1971,0.0000000000
mne,1972,0.0000000000
mne,1973,0.0000000000
mne,1974,0.0000000000
mne,1975,0.0000000000
mne,1976,0.0000000000
mne,1977,0.0000000000
mne,1978,0.0000000000
mne,1979,0.0000000000
mne,1980,0.0000000000
mne,1981,0.0000000000
mne,1982,0.0000000000
mne,1983,0.0000000000
mne,1984,0.0000000000
mne,1985,0.0000000000
mne,1986,0.0000000000
mne,1987,0.0000000000
mne,1988,0.0000000000
mne,1989,0.0000000000
mne,1990,0.0000000000
mne,1991,0.0000000000
mne,1992,0.0000000000
mne,1993,0.0000000000
mne,1994,0.0000000000
mne,1995,0.0000000000
mne,1996,0.0000000000
mne,1997,0.0000000000
mne,1998,0.0000000000
mne,1999,0.0000000000
mne,2000,0.0000000000
mne,2001,0.0000000000
mne,2002,0.0000000000
mne,2003,0.0000000000
mne,2004,0.0000000000
mne,2005,0.0000000000
mne,2006,0.0000000000
mne,2007,0.0000000000
mne,2008,0.0000000000
mne,2009,0.0000000000
mne,2010,0.0000000000
mne,2011,0.0000000000
mne,2012,0.0000000000
mne,2013,0.0000000000
mne,2014,0.0000000000
mne,2015,0.0000000000
mne,2016,0.0000000000
mne,2017,0.0000000000
mar,1970,0.0000000000
mar,1971,0.0000000000
mar,1972,0.0000000000
mar,1973,0.0000000000
mar,1974,0.0000000000
mar,1975,0.0000000000
mar,1976,0.0000000000
mar,1977,0.0000000000
mar,1978,0.0000000000
mar,1979,0.0000000000
mar,1980,0.0000000000
mar,1981,0.0000000000
mar,1982,0.0000000000
mar,1983,0.0000000000
mar,1984,0.0000000000
mar,1985,0.0000000000
mar,1986,0.0000000000
mar,1987,0.0000000000
mar,1988,0.0000000000
mar,1989,0.0000000000
mar,1990,0.0000000000
mar,1991,96780000.0000000000
mar,1992,0.0000000000
mar,1993,0.0000000000
mar,1994,0.0000000000
mar,1995,0.0000000000
mar,1996,0.0000000000
mar,1997,0.0000000000
mar,1998,0.0000000000
mar,1999,0.0000000000
mar,2000,0.0000000000
mar,2001,0.0000000000
mar,2002,0.0000000000
mar,2003,0.0000000000
mar,2004,0.0000000000
mar,2005,0.0000000000
mar,2006,0.0000000000
mar,2007,0.0000000000
mar,2008,0.0000000000
mar,2009,0.0000000000
mar,2010,0.0000000000
mar,2011,0.0000000000
mar,2012,0.0000000000
mar,2013,0.0000000000
mar,2014,0.0000000000
mar,2015,0.0000000000
mar,2016,0.0000000000
mar,2017,0.0000000000
moz,1970,0.0000000000
moz,1971,0.0000000000
moz,1972,0.0000000000
moz,1973,0.0000000000
moz,1974,0.0000000000
moz,1975,0.0000000000
moz,1976,0.0000000000
moz,1977,0.0000000000
moz,1978,0.0000000000
moz,1979,0.0000000000
moz,1980,0.0000000000
moz,1981,0.0000000000
moz,1982,0.0000000000
moz,1983,0.0000000000
moz,1984,0.0000000000
moz,1985,0.0000000000
moz,1986,0.0000000000
moz,1987,0.0000000000
moz,1988,0.0000000000
moz,1989,0.0000000000
moz,1990,13915318.5000000000
moz,1991,71717027.7999999970
moz,1992,4322279.2000000002
moz,1993,5848362.9000000004
moz,1994,6789195.7000000002
moz,1995,11989318.9000000004
moz,1996,66641415.6000000015
moz,1997,7981393.5000000000
moz,1998,83346.0000000000
moz,1999,531635.8000000000
moz,2000,2595410.8999999999
moz,2001,251775383.4000000060
moz,2002,4899200.0000000000
moz,2003,4818364.0000000000
moz,2004,2159365.3999999999
moz,2005,1871008.3999999999
moz,2006,278000.0000000000
moz,2007,76532000.0000000000
moz,2008,189745.5000000000
moz,2009,0.0000000000
moz,2010,87159000.0000000000
moz,2011,43954215.7000000030
moz,2012,0.0000000000
moz,2013,0.0000000000
moz,2014,7971.8000000000
moz,2015,0.0000000000
moz,2016,0.0000000000
moz,2017,0.0000000000
mmr,1970,0.0000000000
mmr,1971,0.0000000000
mmr,1972,0.0000000000
mmr,1973,0.0000000000
mmr,1974,0.0000000000
mmr,1975,0.0000000000
mmr,1976,0.0000000000
mmr,1977,0.0000000000
mmr,1978,0.0000000000
mmr,1979,0.0000000000
mmr,1980,0.0000000000
mmr,1981,0.0000000000
mmr,1982,0.0000000000
mmr,1983,0.0000000000
mmr,1984,0.0000000000
mmr,1985,0.0000000000
mmr,1986,0.0000000000
mmr,1987,0.0000000000
mmr,1988,0.0000000000
mmr,1989,0.0000000000
mmr,1990,0.0000000000
mmr,1991,4473943.9000000004
mmr,1992,0.0000000000
mmr,1993,0.0000000000
mmr,1994,0.0000000000
mmr,1995,0.0000000000
mmr,1996,0.0000000000
mmr,1997,0.0000000000
mmr,1998,0.0000000000
mmr,1999,0.0000000000
mmr,2000,0.0000000000
mmr,2001,0.0000000000
mmr,2002,0.0000000000
mmr,2003,0.0000000000
mmr,2004,0.0000000000
mmr,2005,0.0000000000
mmr,2006,0.0000000000
mmr,2007,0.0000000000
mmr,2008,0.0000000000
mmr,2009,0.0000000000
mmr,2010,0.0000000000
mmr,2011,0.0000000000
mmr,2012,0.0000000000
mmr,2013,0.0000000000
mmr,2014,0.0000000000
mmr,2015,0.0000000000
mmr,2016,0.0000000000
mmr,2017,0.0000000000
npl,1970,0.0000000000
npl,1971,0.0000000000
npl,1972,0.0000000000
npl,1973,0.0000000000
npl,1974,0.0000000000
npl,1975,0.0000000000
npl,1976,0.0000000000
npl,1977,0.0000000000
npl,1978,0.0000000000
npl,1979,0.0000000000
npl,1980,0.0000000000
npl,1981,0.0000000000
npl,1982,0.0000000000
npl,1983,0.0000000000
npl,1984,0.0000000000
npl,1985,0.0000000000
npl,1986,0.0000000000
npl,1987,0.0000000000
npl,1988,0.0000000000
npl,1989,0.0000000000
npl,1990,0.0000000000
npl,1991,0.0000000000
npl,1992,0.0000000000
npl,1993,0.0000000000
npl,1994,0.0000000000
npl,1995,0.0000000000
npl,1996,0.0000000000
npl,1997,0.0000000000
npl,1998,0.0000000000
npl,1999,0.0000000000
npl,2000,0.0000000000
npl,2001,0.0000000000
npl,2002,0.0000000000
npl,2003,0.0000000000
npl,2004,0.0000000000
npl,2005,0.0000000000
npl,2006,0.0000000000
npl,2007,0.0000000000
npl,2008,0.0000000000
npl,2009,0.0000000000
npl,2010,0.0000000000
npl,2011,0.0000000000
npl,2012,0.0000000000
npl,2013,0.0000000000
npl,2014,0.0000000000
npl,2015,0.0000000000
npl,2016,0.0000000000
npl,2017,0.0000000000
nic,1970,0.0000000000
nic,1971,0.0000000000
nic,1972,0.0000000000
nic,1973,0.0000000000
nic,1974,0.0000000000
nic,1975,0.0000000000
nic,1976,0.0000000000
nic,1977,0.0000000000
nic,1978,0.0000000000
nic,1979,0.0000000000
nic,1980,0.0000000000
nic,1981,0.0000000000
nic,1982,0.0000000000
nic,1983,0.0000000000
nic,1984,0.0000000000
nic,1985,0.0000000000
nic,1986,0.0000000000
nic,1987,0.0000000000
nic,1988,0.0000000000
nic,1989,0.0000000000
nic,1990,0.0000000000
nic,1991,203815507.5000000000
nic,1992,1519652.0000000000
nic,1993,114991.6000000000
nic,1994,0.0000000000
nic,1995,761955724.2999999523
nic,1996,922859618.7000000477
nic,1997,2272211.3999999999
nic,1998,9939303.6999999993
nic,1999,8436644.5000000000
nic,2000,7097053.5999999996
nic,2001,346155405.0000000000
nic,2002,171918644.1999999881
nic,2003,173287929.9000000060
nic,2004,179663421.6999999881
nic,2005,18783202.5000000000
nic,2006,11679909.0000000000
nic,2007,29864130.6000000015
nic,2008,23215645.5000000000
nic,2009,576300.3000000000
nic,2010,913897.2000000000
nic,2011,0.0000000000
nic,2012,604999.9000000000
nic,2013,0.0000000000
nic,2014,0.0000000000
nic,2015,0.0000000000
nic,2016,0.0000000000
nic,2017,0.0000000000
ner,1970,0.0000000000
ner,1971,0.0000000000
ner,1972,0.0000000000
ner,1973,0.0000000000
ner,1974,0.0000000000
ner,1975,0.0000000000
ner,1976,0.0000000000
ner,1977,0.0000000000
ner,1978,0.0000000000
ner,1979,0.0000000000
ner,1980,0.0000000000
ner,1981,0.0000000000
ner,1982,0.0000000000
ner,1983,0.0000000000
ner,1984,0.0000000000
ner,1985,0.0000000000
ner,1986,0.0000000000
ner,1987,0.0000000000
ner,1988,0.0000000000
ner,1989,0.0000000000
ner,1990,0.0000000000
ner,1991,16130913.3000000007
ner,1992,0.0000000000
ner,1993,1149042.3999999999
ner,1994,30429095.6000000015
ner,1995,0.0000000000
ner,1996,14697535.9000000004
ner,1997,5333969.2999999998
ner,1998,0.0000000000
ner,1999,5983399.5999999996
ner,2000,0.0000000000
ner,2001,42530932.7999999970
ner,2002,4987074.2000000002
ner,2003,11980506.0000000000
ner,2004,1624711.8999999999
ner,2005,2865894.1000000001
ner,2006,1060000.0000000000
ner,2007,0.0000000000
ner,2008,0.0000000000
ner,2009,0.0000000000
ner,2010,0.0000000000
ner,2011,434035.6000000000
ner,2012,0.0000000000
ner,2013,0.0000000000
ner,2014,0.0000000000
ner,2015,0.0000000000
ner,2016,0.0000000000
ner,2017,0.0000000000
nga,1970,0.0000000000
nga,1971,0.0000000000
nga,1972,0.0000000000
nga,1973,0.0000000000
nga,1974,0.0000000000
nga,1975,0.0000000000
nga,1976,0.0000000000
nga,1977,0.0000000000
nga,1978,0.0000000000
nga,1979,0.0000000000
nga,1980,0.0000000000
nga,1981,0.0000000000
nga,1982,0.0000000000
nga,1983,0.0000000000
nga,1984,0.0000000000
nga,1985,0.0000000000
nga,1986,0.0000000000
nga,1987,0.0000000000
nga,1988,0.0000000000
nga,1989,777000.0000000000
nga,1990,10286.3000000000
nga,1991,0.0000000000
nga,1992,0.0000000000
nga,1993,0.0000000000
nga,1994,0.0000000000
nga,1995,0.0000000000
nga,1996,0.0000000000
nga,1997,0.0000000000
nga,1998,0.0000000000
nga,1999,0.0000000000
nga,2000,0.0000000000
nga,2001,0.0000000000
nga,2002,0.0000000000
nga,2003,0.0000000000
nga,2004,0.0000000000
nga,2005,0.0000000000
nga,2006,4305754.9000000004
nga,2007,0.0000000000
nga,2008,0.0000000000
nga,2009,0.0000000000
nga,2010,0.0000000000
nga,2011,0.0000000000
nga,2012,0.0000000000
nga,2013,0.0000000000
nga,2014,0.0000000000
nga,2015,0.0000000000
nga,2016,0.0000000000
nga,2017,0.0000000000
pak,1970,0.0000000000
pak,1971,0.0000000000
pak,1972,0.0000000000
pak,1973,0.0000000000
pak,1974,0.0000000000
pak,1975,0.0000000000
pak,1976,0.0000000000
pak,1977,0.0000000000
pak,1978,0.0000000000
pak,1979,0.0000000000
pak,1980,0.0000000000
pak,1981,0.0000000000
pak,1982,0.0000000000
pak,1983,0.0000000000
pak,1984,0.0000000000
pak,1985,0.0000000000
pak,1986,0.0000000000
pak,1987,0.0000000000
pak,1988,0.0000000000
pak,1989,0.0000000000
pak,1990,0.0000000000
pak,1991,0.0000000000
pak,1992,0.0000000000
pak,1993,0.0000000000
pak,1994,0.0000000000
pak,1995,0.0000000000
pak,1996,0.0000000000
pak,1997,0.0000000000
pak,1998,0.0000000000
pak,1999,0.0000000000
pak,2000,0.0000000000
pak,2001,0.0000000000
pak,2002,0.0000000000
pak,2003,0.0000000000
pak,2004,0.0000000000
pak,2005,0.0000000000
pak,2006,0.0000000000
pak,2007,0.0000000000
pak,2008,0.0000000000
pak,2009,0.0000000000
pak,2010,0.0000000000
pak,2011,0.0000000000
pak,2012,0.0000000000
pak,2013,0.0000000000
pak,2014,0.0000000000
pak,2015,0.0000000000
pak,2016,0.0000000000
pak,2017,0.0000000000
pan,1970,0.0000000000
pan,1971,0.0000000000
pan,1972,0.0000000000
pan,1973,0.0000000000
pan,1974,0.0000000000
pan,1975,0.0000000000
pan,1976,0.0000000000
pan,1977,0.0000000000
pan,1978,0.0000000000
pan,1979,0.0000000000
pan,1980,0.0000000000
pan,1981,0.0000000000
pan,1982,0.0000000000
pan,1983,0.0000000000
pan,1984,0.0000000000
pan,1985,0.0000000000
pan,1986,0.0000000000
pan,1987,0.0000000000
pan,1988,0.0000000000
pan,1989,0.0000000000
pan,1990,0.0000000000
pan,1991,0.0000000000
pan,1992,0.0000000000
pan,1993,0.0000000000
pan,1994,0.0000000000
pan,1995,0.0000000000
pan,1996,0.0000000000
pan,1997,0.0000000000
pan,1998,0.0000000000
pan,1999,0.0000000000
pan,2000,0.0000000000
pan,2001,0.0000000000
pan,2002,0.0000000000
pan,2003,0.0000000000
pan,2004,0.0000000000
pan,2005,0.0000000000
pan,2006,0.0000000000
pan,2007,5000.0000000000
pan,2008,0.0000000000
pan,2009,0.0000000000
pan,2010,0.0000000000
pan,2011,0.0000000000
pan,2012,0.0000000000
pan,2013,0.0000000000
pan,2014,0.0000000000
pan,2015,0.0000000000
pan,2016,0.0000000000
png,1970,0.0000000000
png,1971,0.0000000000
png,1972,0.0000000000
png,1973,0.0000000000
png,1974,0.0000000000
png,1975,0.0000000000
png,1976,0.0000000000
png,1977,0.0000000000
png,1978,0.0000000000
png,1979,0.0000000000
png,1980,0.0000000000
png,1981,0.0000000000
png,1982,0.0000000000
png,1983,0.0000000000
png,1984,0.0000000000
png,1985,0.0000000000
png,1986,0.0000000000
png,1987,0.0000000000
png,1988,0.0000000000
png,1989,0.0000000000
png,1990,0.0000000000
png,1991,0.0000000000
png,1992,0.0000000000
png,1993,0.0000000000
png,1994,0.0000000000
png,1995,0.0000000000
png,1996,0.0000000000
png,1997,0.0000000000
png,1998,0.0000000000
png,1999,0.0000000000
png,2000,0.0000000000
png,2001,0.0000000000
png,2002,0.0000000000
png,2003,0.0000000000
png,2004,0.0000000000
png,2005,0.0000000000
png,2006,0.0000000000
png,2007,0.0000000000
png,2008,0.0000000000
png,2009,0.0000000000
png,2010,0.0000000000
png,2011,0.0000000000
png,2012,0.0000000000
png,2013,0.0000000000
png,2014,0.0000000000
png,2015,0.0000000000
png,2016,0.0000000000
png,2017,0.0000000000
pry,1970,0.0000000000
pry,1971,0.0000000000
pry,1972,0.0000000000
pry,1973,0.0000000000
pry,1974,0.0000000000
pry,1975,0.0000000000
pry,1976,0.0000000000
pry,1977,0.0000000000
pry,1978,0.0000000000
pry,1979,0.0000000000
pry,1980,0.0000000000
pry,1981,0.0000000000
pry,1982,0.0000000000
pry,1983,0.0000000000
pry,1984,0.0000000000
pry,1985,0.0000000000
pry,1986,0.0000000000
pry,1987,0.0000000000
pry,1988,0.0000000000
pry,1989,0.0000000000
pry,1990,0.0000000000
pry,1991,0.0000000000
pry,1992,0.0000000000
pry,1993,0.0000000000
pry,1994,0.0000000000
pry,1995,0.0000000000
pry,1996,0.0000000000
pry,1997,0.0000000000
pry,1998,0.0000000000
pry,1999,0.0000000000
pry,2000,0.0000000000
pry,2001,0.0000000000
pry,2002,0.0000000000
pry,2003,0.0000000000
pry,2004,0.0000000000
pry,2005,0.0000000000
pry,2006,0.0000000000
pry,2007,0.0000000000
pry,2008,0.0000000000
pry,2009,0.0000000000
pry,2010,0.0000000000
pry,2011,0.0000000000
pry,2012,0.0000000000
pry,2013,0.0000000000
pry,2014,0.0000000000
pry,2015,0.0000000000
pry,2016,0.0000000000
pry,2017,0.0000000000
per,1970,0.0000000000
per,1971,0.0000000000
per,1972,0.0000000000
per,1973,0.0000000000
per,1974,0.0000000000
per,1975,0.0000000000
per,1976,0.0000000000
per,1977,0.0000000000
per,1978,0.0000000000
per,1979,0.0000000000
per,1980,0.0000000000
per,1981,0.0000000000
per,1982,0.0000000000
per,1983,0.0000000000
per,1984,0.0000000000
per,1985,0.0000000000
per,1986,0.0000000000
per,1987,0.0000000000
per,1988,0.0000000000
per,1989,0.0000000000
per,1990,0.0000000000
per,1991,1035190.5000000000
per,1992,23946356.6000000015
per,1993,0.0000000000
per,1994,0.0000000000
per,1995,0.0000000000
per,1996,758084148.8999999762
per,1997,694095.6000000000
per,1998,1009598.6000000000
per,1999,1250418.8999999999
per,2000,0.0000000000
per,2001,203066.2000000000
per,2002,902156.2000000000
per,2003,5917942.4000000004
per,2004,566529.2000000000
per,2005,2637848.0000000000
per,2006,2146068.1000000001
per,2007,3214794.2999999998
per,2008,3465723.2999999998
per,2009,3307678.6000000001
per,2010,2476341.0000000000
per,2011,4193571.7000000002
per,2012,1836186.7000000000
per,2013,261287.6000000000
per,2014,837206.9000000000
per,2015,38000.0000000000
per,2016,0.0000000000
per,2017,0.0000000000
phl,1970,0.0000000000
phl,1971,0.0000000000
phl,1972,0.0000000000
phl,1973,0.0000000000
phl,1974,0.0000000000
phl,1975,0.0000000000
phl,1976,0.0000000000
phl,1977,0.0000000000
phl,1978,0.0000000000
phl,1979,0.0000000000
phl,1980,0.0000000000
phl,1981,0.0000000000
phl,1982,0.0000000000
phl,1983,0.0000000000
phl,1984,0.0000000000
phl,1985,0.0000000000
phl,1986,0.0000000000
phl,1987,0.0000000000
phl,1988,0.0000000000
phl,1989,0.0000000000
phl,1990,0.0000000000
phl,1991,0.0000000000
phl,1992,0.0000000000
phl,1993,0.0000000000
phl,1994,0.0000000000
phl,1995,0.0000000000
phl,1996,0.0000000000
phl,1997,0.0000000000
phl,1998,0.0000000000
phl,1999,0.0000000000
phl,2000,0.0000000000
phl,2001,0.0000000000
phl,2002,0.0000000000
phl,2003,0.0000000000
phl,2004,0.0000000000
phl,2005,0.0000000000
phl,2006,0.0000000000
phl,2007,0.0000000000
phl,2008,0.0000000000
phl,2009,0.0000000000
phl,2010,0.0000000000
phl,2011,0.0000000000
phl,2012,0.0000000000
phl,2013,0.0000000000
phl,2014,0.0000000000
phl,2015,0.0000000000
phl,2016,0.0000000000
phl,2017,0.0000000000
rou,1970,0.0000000000
rou,1971,0.0000000000
rou,1972,0.0000000000
rou,1973,0.0000000000
rou,1974,0.0000000000
rou,1975,0.0000000000
rou,1976,0.0000000000
rou,1977,0.0000000000
rou,1978,0.0000000000
rou,1979,0.0000000000
rou,1980,0.0000000000
rou,1981,0.0000000000
rou,1982,0.0000000000
rou,1983,0.0000000000
rou,1984,0.0000000000
rou,1985,0.0000000000
rou,1986,0.0000000000
rou,1987,0.0000000000
rou,1988,0.0000000000
rou,1989,0.0000000000
rou,1990,0.0000000000
rou,1991,0.0000000000
rou,1992,0.0000000000
rou,1993,0.0000000000
rou,1994,0.0000000000
rou,1995,0.0000000000
rou,1996,0.0000000000
rou,1997,0.0000000000
rou,1998,0.0000000000
rou,1999,0.0000000000
rou,2000,390000.0000000000
rou,2001,0.0000000000
rou,2002,84992000.0000000000
rou,2003,81127428.9000000060
rou,2004,0.0000000000
rou,2005,19204000.0000000000
rou,2006,0.0000000000
rou,2007,0.0000000000
rou,2008,0.0000000000
rou,2009,1701998.3999999999
rou,2010,0.0000000000
rou,2011,0.0000000000
rou,2012,0.0000000000
rou,2013,0.0000000000
rou,2014,0.0000000000
rou,2015,18856.2000000000
rou,2016,0.0000000000
rou,2017,0.0000000000
rus,1970,0.0000000000
rus,1971,0.0000000000
rus,1972,0.0000000000
rus,1973,0.0000000000
rus,1974,0.0000000000
rus,1975,0.0000000000
rus,1976,0.0000000000
rus,1977,0.0000000000
rus,1978,0.0000000000
rus,1979,0.0000000000
rus,1980,0.0000000000
rus,1981,0.0000000000
rus,1982,0.0000000000
rus,1983,0.0000000000
rus,1984,0.0000000000
rus,1985,0.0000000000
rus,1986,0.0000000000
rus,1987,0.0000000000
rus,1988,0.0000000000
rus,1989,0.0000000000
rus,1990,0.0000000000
rus,1991,0.0000000000
rus,1992,0.0000000000
rus,1993,0.0000000000
rus,1994,0.0000000000
rus,1995,0.0000000000
rus,1996,0.0000000000
rus,1997,0.0000000000
rus,1998,0.0000000000
rus,1999,0.0000000000
rus,2000,0.0000000000
rus,2001,0.0000000000
rus,2002,0.0000000000
rus,2003,0.0000000000
rus,2004,0.0000000000
rus,2005,0.0000000000
rus,2006,0.0000000000
rus,2007,0.0000000000
rus,2008,0.0000000000
rus,2009,0.0000000000
rus,2010,0.0000000000
rus,2011,0.0000000000
rus,2012,0.0000000000
rus,2013,0.0000000000
rus,2014,0.0000000000
rus,2015,0.0000000000
rus,2016,0.0000000000
rus,2017,0.0000000000
rwa,1970,0.0000000000
rwa,1971,0.0000000000
rwa,1972,0.0000000000
rwa,1973,0.0000000000
rwa,1974,0.0000000000
rwa,1975,0.0000000000
rwa,1976,0.0000000000
rwa,1977,0.0000000000
rwa,1978,0.0000000000
rwa,1979,0.0000000000
rwa,1980,0.0000000000
rwa,1981,0.0000000000
rwa,1982,0.0000000000
rwa,1983,0.0000000000
rwa,1984,0.0000000000
rwa,1985,0.0000000000
rwa,1986,0.0000000000
rwa,1987,0.0000000000
rwa,1988,0.0000000000
rwa,1989,322167.6000000000
rwa,1990,0.0000000000
rwa,1991,0.0000000000
rwa,1992,0.0000000000
rwa,1993,0.0000000000
rwa,1994,0.0000000000
rwa,1995,0.0000000000
rwa,1996,0.0000000000
rwa,1997,0.0000000000
rwa,1998,943084.2000000000
rwa,1999,58552.0000000000
rwa,2000,47563.3000000000
rwa,2001,5283796.2999999998
rwa,2002,4909260.0000000000
rwa,2003,3806000.0000000000
rwa,2004,2639308.6000000001
rwa,2005,2748160.1000000001
rwa,2006,2320000.0000000000
rwa,2007,0.0000000000
rwa,2008,710628.8000000000
rwa,2009,888177.8000000000
rwa,2010,900432.7000000000
rwa,2011,944883.1000000000
rwa,2012,900101.1000000000
rwa,2013,880973.8000000000
rwa,2014,844701.4000000000
rwa,2015,748113.7000000000
rwa,2016,698353.3000000000
rwa,2017,57738.1000000000
wsm,1970,0.0000000000
wsm,1971,0.0000000000
wsm,1972,0.0000000000
wsm,1973,0.0000000000
wsm,1974,0.0000000000
wsm,1975,0.0000000000
wsm,1976,0.0000000000
wsm,1977,0.0000000000
wsm,1978,0.0000000000
wsm,1979,0.0000000000
wsm,1980,0.0000000000
wsm,1981,0.0000000000
wsm,1982,0.0000000000
wsm,1983,0.0000000000
wsm,1984,0.0000000000
wsm,1985,0.0000000000
wsm,1986,0.0000000000
wsm,1987,0.0000000000
wsm,1988,0.0000000000
wsm,1989,0.0000000000
wsm,1990,0.0000000000
wsm,1991,0.0000000000
wsm,1992,0.0000000000
wsm,1993,0.0000000000
wsm,1994,0.0000000000
wsm,1995,0.0000000000
wsm,1996,0.0000000000
wsm,1997,0.0000000000
wsm,1998,0.0000000000
wsm,1999,0.0000000000
wsm,2000,0.0000000000
wsm,2001,0.0000000000
wsm,2002,0.0000000000
wsm,2003,0.0000000000
wsm,2004,0.0000000000
wsm,2005,0.0000000000
wsm,2006,0.0000000000
wsm,2007,0.0000000000
wsm,2008,0.0000000000
wsm,2009,0.0000000000
wsm,2010,0.0000000000
wsm,2011,0.0000000000
wsm,2012,0.0000000000
wsm,2013,0.0000000000
wsm,2014,0.0000000000
wsm,2015,0.0000000000
wsm,2016,0.0000000000
wsm,2017,0.0000000000
stp,1970,0.0000000000
stp,1971,0.0000000000
stp,1972,0.0000000000
stp,1973,0.0000000000
stp,1974,0.0000000000
stp,1975,0.0000000000
stp,1976,0.0000000000
stp,1977,0.0000000000
stp,1978,0.0000000000
stp,1979,0.0000000000
stp,1980,0.0000000000
stp,1981,0.0000000000
stp,1982,0.0000000000
stp,1983,0.0000000000
stp,1984,0.0000000000
stp,1985,0.0000000000
stp,1986,0.0000000000
stp,1987,0.0000000000
stp,1988,0.0000000000
stp,1989,0.0000000000
stp,1990,0.0000000000
stp,1991,0.0000000000
stp,1992,0.0000000000
stp,1993,0.0000000000
stp,1994,0.0000000000
stp,1995,0.0000000000
stp,1996,0.0000000000
stp,1997,0.0000000000
stp,1998,0.0000000000
stp,1999,0.0000000000
stp,2000,1743000.0000000000
stp,2001,986393.8000000000
stp,2002,764630.0000000000
stp,2003,535000.0000000000
stp,2004,351323.5000000000
stp,2005,337000.0000000000
stp,2006,136000.0000000000
stp,2007,11000.0000000000
stp,2008,36000.0000000000
stp,2009,40000.0000000000
stp,2010,38000.0000000000
stp,2011,25000.0000000000
stp,2012,32000.0000000000
stp,2013,24000.0000000000
stp,2014,27000.0000000000
stp,2015,22000.0000000000
stp,2016,24000.0000000000
stp,2017,22000.0000000000
sen,1970,0.0000000000
sen,1971,0.0000000000
sen,1972,0.0000000000
sen,1973,0.0000000000
sen,1974,0.0000000000
sen,1975,0.0000000000
sen,1976,0.0000000000
sen,1977,0.0000000000
sen,1978,0.0000000000
sen,1979,0.0000000000
sen,1980,0.0000000000
sen,1981,0.0000000000
sen,1982,0.0000000000
sen,1983,0.0000000000
sen,1984,0.0000000000
sen,1985,0.0000000000
sen,1986,0.0000000000
sen,1987,0.0000000000
sen,1988,0.0000000000
sen,1989,15077221.0999999996
sen,1990,0.0000000000
sen,1991,7681366.0999999996
sen,1992,2703301.1000000001
sen,1993,0.0000000000
sen,1994,27551079.6000000015
sen,1995,4647228.0000000000
sen,1996,5596498.9000000004
sen,1997,5000.0000000000
sen,1998,0.0000000000
sen,1999,0.0000000000
sen,2000,9817444.0999999996
sen,2001,7284283.0000000000
sen,2002,1558050.0000000000
sen,2003,2027000.0000000000
sen,2004,3754714.5000000000
sen,2005,2387576.8999999999
sen,2006,667000.0000000000
sen,2007,0.0000000000
sen,2008,0.0000000000
sen,2009,0.0000000000
sen,2010,0.0000000000
sen,2011,0.0000000000
sen,2012,0.0000000000
sen,2013,0.0000000000
sen,2014,0.0000000000
sen,2015,0.0000000000
sen,2016,0.0000000000
sen,2017,0.0000000000
srb,1970,0.0000000000
srb,1971,0.0000000000
srb,1972,0.0000000000
srb,1973,0.0000000000
srb,1974,0.0000000000
srb,1975,0.0000000000
srb,1976,0.0000000000
srb,1977,0.0000000000
srb,1978,0.0000000000
srb,1979,0.0000000000
srb,1980,0.0000000000
srb,1981,0.0000000000
srb,1982,0.0000000000
srb,1983,0.0000000000
srb,1984,0.0000000000
srb,1985,0.0000000000
srb,1986,0.0000000000
srb,1987,0.0000000000
srb,1988,0.0000000000
srb,1989,0.0000000000
srb,1990,0.0000000000
srb,1991,0.0000000000
srb,1992,0.0000000000
srb,1993,0.0000000000
srb,1994,0.0000000000
srb,1995,0.0000000000
srb,1996,0.0000000000
srb,1997,0.0000000000
srb,1998,0.0000000000
srb,1999,0.0000000000
srb,2000,0.0000000000
srb,2001,0.0000000000
srb,2002,423500181.8999999762
srb,2003,0.0000000000
srb,2004,569326000.0000000000
srb,2005,0.0000000000
srb,2006,0.0000000000
srb,2007,0.0000000000
srb,2008,0.0000000000
srb,2009,0.0000000000
srb,2010,0.0000000000
srb,2011,0.0000000000
srb,2012,0.0000000000
srb,2013,0.0000000000
srb,2014,0.0000000000
srb,2015,0.0000000000
srb,2016,0.0000000000
srb,2017,0.0000000000
sle,1970,0.0000000000
sle,1971,0.0000000000
sle,1972,0.0000000000
sle,1973,0.0000000000
sle,1974,0.0000000000
sle,1975,0.0000000000
sle,1976,0.0000000000
sle,1977,0.0000000000
sle,1978,0.0000000000
sle,1979,0.0000000000
sle,1980,0.0000000000
sle,1981,0.0000000000
sle,1982,0.0000000000
sle,1983,0.0000000000
sle,1984,0.0000000000
sle,1985,0.0000000000
sle,1986,0.0000000000
sle,1987,0.0000000000
sle,1988,0.0000000000
sle,1989,0.0000000000
sle,1990,0.0000000000
sle,1991,0.0000000000
sle,1992,13517861.9000000004
sle,1993,1969009.3999999999
sle,1994,1595267.7000000000
sle,1995,118919164.0999999940
sle,1996,127855.3000000000
sle,1997,2796549.6000000001
sle,1998,0.0000000000
sle,1999,0.0000000000
sle,2000,0.0000000000
sle,2001,18971105.5000000000
sle,2002,6155331.7000000002
sle,2003,5464641.4000000004
sle,2004,2790613.5000000000
sle,2005,4722773.2999999998
sle,2006,6473361.9000000004
sle,2007,12333561.5999999996
sle,2008,621700.3000000000
sle,2009,444058.6000000000
sle,2010,350838.1000000000
sle,2011,356744.1000000000
sle,2012,294431.4000000000
sle,2013,251561.0000000000
sle,2014,238492.2000000000
sle,2015,0.0000000000
sle,2016,0.0000000000
sle,2017,0.0000000000
slb,1970,0.0000000000
slb,1971,0.0000000000
slb,1972,0.0000000000
slb,1973,0.0000000000
slb,1974,0.0000000000
slb,1975,0.0000000000
slb,1976,0.0000000000
slb,1977,0.0000000000
slb,1978,0.0000000000
slb,1979,0.0000000000
slb,1980,0.0000000000
slb,1981,0.0000000000
slb,1982,0.0000000000
slb,1983,0.0000000000
slb,1984,0.0000000000
slb,1985,0.0000000000
slb,1986,0.0000000000
slb,1987,0.0000000000
slb,1988,0.0000000000
slb,1989,0.0000000000
slb,1990,0.0000000000
slb,1991,0.0000000000
slb,1992,0.0000000000
slb,1993,0.0000000000
slb,1994,0.0000000000
slb,1995,0.0000000000
slb,1996,0.0000000000
slb,1997,0.0000000000
slb,1998,0.0000000000
slb,1999,0.0000000000
slb,2000,0.0000000000
slb,2001,0.0000000000
slb,2002,0.0000000000
slb,2003,0.0000000000
slb,2004,0.0000000000
slb,2005,6433928.0000000000
slb,2006,0.0000000000
slb,2007,65000.0000000000
slb,2008,0.0000000000
slb,2009,0.0000000000
slb,2010,0.0000000000
slb,2011,266127.4000000000
slb,2012,0.0000000000
slb,2013,0.0000000000
slb,2014,0.0000000000
slb,2015,0.0000000000
slb,2016,0.0000000000
slb,2017,0.0000000000
som,1970,0.0000000000
som,1971,0.0000000000
som,1972,0.0000000000
som,1973,0.0000000000
som,1974,0.0000000000
som,1975,0.0000000000
som,1976,0.0000000000
som,1977,0.0000000000
som,1978,0.0000000000
som,1979,0.0000000000
som,1980,0.0000000000
som,1981,0.0000000000
som,1982,0.0000000000
som,1983,0.0000000000
som,1984,0.0000000000
som,1985,0.0000000000
som,1986,0.0000000000
som,1987,0.0000000000
som,1988,0.0000000000
som,1989,0.0000000000
som,1990,0.0000000000
som,1991,0.0000000000
som,1992,0.0000000000
som,1993,0.0000000000
som,1994,0.0000000000
som,1995,0.0000000000
som,1996,0.0000000000
som,1997,0.0000000000
som,1998,0.0000000000
som,1999,0.0000000000
som,2000,0.0000000000
som,2001,0.0000000000
som,2002,0.0000000000
som,2003,0.0000000000
som,2004,0.0000000000
som,2005,0.0000000000
som,2006,0.0000000000
som,2007,0.0000000000
som,2008,0.0000000000
som,2009,0.0000000000
som,2010,0.0000000000
som,2011,0.0000000000
som,2012,0.0000000000
som,2013,0.0000000000
som,2014,0.0000000000
som,2015,0.0000000000
som,2016,0.0000000000
som,2017,0.0000000000
zaf,1970,0.0000000000
zaf,1971,0.0000000000
zaf,1972,0.0000000000
zaf,1973,0.0000000000
zaf,1974,0.0000000000
zaf,1975,0.0000000000
zaf,1976,0.0000000000
zaf,1977,0.0000000000
zaf,1978,0.0000000000
zaf,1979,0.0000000000
zaf,1980,0.0000000000
zaf,1981,0.0000000000
zaf,1982,0.0000000000
zaf,1983,0.0000000000
zaf,1984,0.0000000000
zaf,1985,0.0000000000
zaf,1986,0.0000000000
zaf,1987,0.0000000000
zaf,1988,0.0000000000
zaf,1989,0.0000000000
zaf,1990,0.0000000000
zaf,1991,0.0000000000
zaf,1992,0.0000000000
zaf,1993,0.0000000000
zaf,1994,0.0000000000
zaf,1995,0.0000000000
zaf,1996,0.0000000000
zaf,1997,0.0000000000
zaf,1998,0.0000000000
zaf,1999,0.0000000000
zaf,2000,0.0000000000
zaf,2001,0.0000000000
zaf,2002,0.0000000000
zaf,2003,0.0000000000
zaf,2004,0.0000000000
zaf,2005,0.0000000000
zaf,2006,0.0000000000
zaf,2007,0.0000000000
zaf,2008,0.0000000000
zaf,2009,0.0000000000
zaf,2010,0.0000000000
zaf,2011,0.0000000000
zaf,2012,0.0000000000
zaf,2013,0.0000000000
zaf,2014,0.0000000000
zaf,2015,0.0000000000
zaf,2016,0.0000000000
zaf,2017,0.0000000000
lka,1970,0.0000000000
lka,1971,0.0000000000
lka,1972,0.0000000000
lka,1973,0.0000000000
lka,1974,0.0000000000
lka,1975,0.0000000000
lka,1976,0.0000000000
lka,1977,0.0000000000
lka,1978,0.0000000000
lka,1979,0.0000000000
lka,1980,0.0000000000
lka,1981,0.0000000000
lka,1982,0.0000000000
lka,1983,0.0000000000
lka,1984,0.0000000000
lka,1985,0.0000000000
lka,1986,0.0000000000
lka,1987,0.0000000000
lka,1988,0.0000000000
lka,1989,0.0000000000
lka,1990,0.0000000000
lka,1991,0.0000000000
lka,1992,0.0000000000
lka,1993,0.0000000000
lka,1994,0.0000000000
lka,1995,0.0000000000
lka,1996,0.0000000000
lka,1997,0.0000000000
lka,1998,0.0000000000
lka,1999,0.0000000000
lka,2000,0.0000000000
lka,2001,0.0000000000
lka,2002,0.0000000000
lka,2003,0.0000000000
lka,2004,0.0000000000
lka,2005,0.0000000000
lka,2006,0.0000000000
lka,2007,0.0000000000
lka,2008,0.0000000000
lka,2009,0.0000000000
lka,2010,0.0000000000
lka,2011,0.0000000000
lka,2012,0.0000000000
lka,2013,0.0000000000
lka,2014,0.0000000000
lka,2015,0.0000000000
lka,2016,0.0000000000
lka,2017,0.0000000000
lca,1970,0.0000000000
lca,1971,0.0000000000
lca,1972,0.0000000000
lca,1973,0.0000000000
lca,1974,0.0000000000
lca,1975,0.0000000000
lca,1976,0.0000000000
lca,1977,0.0000000000
lca,1978,0.0000000000
lca,1979,0.0000000000
lca,1980,0.0000000000
lca,1981,0.0000000000
lca,1982,0.0000000000
lca,1983,0.0000000000
lca,1984,0.0000000000
lca,1985,0.0000000000
lca,1986,0.0000000000
lca,1987,0.0000000000
lca,1988,0.0000000000
lca,1989,0.0000000000
lca,1990,0.0000000000
lca,1991,0.0000000000
lca,1992,0.0000000000
lca,1993,0.0000000000
lca,1994,0.0000000000
lca,1995,0.0000000000
lca,1996,0.0000000000
lca,1997,0.0000000000
lca,1998,0.0000000000
lca,1999,0.0000000000
lca,2000,0.0000000000
lca,2001,0.0000000000
lca,2002,0.0000000000
lca,2003,0.0000000000
lca,2004,0.0000000000
lca,2005,0.0000000000
lca,2006,0.0000000000
lca,2007,0.0000000000
lca,2008,0.0000000000
lca,2009,0.0000000000
lca,2010,0.0000000000
lca,2011,0.0000000000
lca,2012,0.0000000000
lca,2013,0.0000000000
lca,2014,0.0000000000
lca,2015,0.0000000000
lca,2016,0.0000000000
lca,2017,0.0000000000
vct,1970,0.0000000000
vct,1971,0.0000000000
vct,1972,0.0000000000
vct,1973,0.0000000000
vct,1974,0.0000000000
vct,1975,0.0000000000
vct,1976,0.0000000000
vct,1977,0.0000000000
vct,1978,0.0000000000
vct,1979,0.0000000000
vct,1980,0.0000000000
vct,1981,0.0000000000
vct,1982,0.0000000000
vct,1983,0.0000000000
vct,1984,0.0000000000
vct,1985,0.0000000000
vct,1986,0.0000000000
vct,1987,0.0000000000
vct,1988,0.0000000000
vct,1989,0.0000000000
vct,1990,0.0000000000
vct,1991,0.0000000000
vct,1992,0.0000000000
vct,1993,0.0000000000
vct,1994,0.0000000000
vct,1995,0.0000000000
vct,1996,0.0000000000
vct,1997,0.0000000000
vct,1998,0.0000000000
vct,1999,0.0000000000
vct,2000,0.0000000000
vct,2001,0.0000000000
vct,2002,0.0000000000
vct,2003,0.0000000000
vct,2004,0.0000000000
vct,2005,0.0000000000
vct,2006,0.0000000000
vct,2007,438000.0000000000
vct,2008,0.0000000000
vct,2009,0.0000000000
vct,2010,0.0000000000
vct,2011,800.4000000000
vct,2012,0.0000000000
vct,2013,0.0000000000
vct,2014,0.0000000000
vct,2015,0.0000000000
vct,2016,0.0000000000
vct,2017,0.0000000000
sdn,1970,0.0000000000
sdn,1971,0.0000000000
sdn,1972,0.0000000000
sdn,1973,0.0000000000
sdn,1974,0.0000000000
sdn,1975,0.0000000000
sdn,1976,0.0000000000
sdn,1977,0.0000000000
sdn,1978,0.0000000000
sdn,1979,0.0000000000
sdn,1980,0.0000000000
sdn,1981,0.0000000000
sdn,1982,0.0000000000
sdn,1983,0.0000000000
sdn,1984,0.0000000000
sdn,1985,0.0000000000
sdn,1986,0.0000000000
sdn,1987,0.0000000000
sdn,1988,0.0000000000
sdn,1989,0.0000000000
sdn,1990,0.0000000000
sdn,1991,0.0000000000
sdn,1992,0.0000000000
sdn,1993,0.0000000000
sdn,1994,0.0000000000
sdn,1995,0.0000000000
sdn,1996,0.0000000000
sdn,1997,0.0000000000
sdn,1998,0.0000000000
sdn,1999,0.0000000000
sdn,2000,0.0000000000
sdn,2001,0.0000000000
sdn,2002,0.0000000000
sdn,2003,0.0000000000
sdn,2004,0.0000000000
sdn,2005,1118348.8999999999
sdn,2006,0.0000000000
sdn,2007,12198330.1999999993
sdn,2008,11744777.0000000000
sdn,2009,9794299.8000000007
sdn,2010,183009.6000000000
sdn,2011,6908000.0000000000
sdn,2012,112757.6000000000
sdn,2013,0.0000000000
sdn,2014,0.0000000000
sdn,2015,0.0000000000
sdn,2016,0.0000000000
sdn,2017,0.0000000000
syr,1970,0.0000000000
syr,1971,0.0000000000
syr,1972,0.0000000000
syr,1973,0.0000000000
syr,1974,0.0000000000
syr,1975,0.0000000000
syr,1976,0.0000000000
syr,1977,0.0000000000
syr,1978,0.0000000000
syr,1979,0.0000000000
syr,1980,0.0000000000
syr,1981,0.0000000000
syr,1982,0.0000000000
syr,1983,0.0000000000
syr,1984,0.0000000000
syr,1985,0.0000000000
syr,1986,0.0000000000
syr,1987,0.0000000000
syr,1988,0.0000000000
syr,1989,0.0000000000
syr,1990,0.0000000000
syr,1991,0.0000000000
syr,1992,0.0000000000
syr,1993,0.0000000000
syr,1994,0.0000000000
syr,1995,0.0000000000
syr,1996,5865.9000000000
syr,1997,0.0000000000
syr,1998,0.0000000000
syr,1999,465500000.0000000000
syr,2000,0.0000000000
syr,2001,0.0000000000
syr,2002,0.0000000000
syr,2003,0.0000000000
syr,2004,0.0000000000
syr,2005,0.0000000000
syr,2006,0.0000000000
syr,2007,0.0000000000
syr,2008,582799.0000000000
syr,2009,0.0000000000
syr,2010,0.0000000000
syr,2011,0.0000000000
syr,2012,0.0000000000
syr,2013,0.0000000000
syr,2014,0.0000000000
syr,2015,0.0000000000
syr,2016,0.0000000000
syr,2017,0.0000000000
tjk,1970,0.0000000000
tjk,1971,0.0000000000
tjk,1972,0.0000000000
tjk,1973,0.0000000000
tjk,1974,0.0000000000
tjk,1975,0.0000000000
tjk,1976,0.0000000000
tjk,1977,0.0000000000
tjk,1978,0.0000000000
tjk,1979,0.0000000000
tjk,1980,0.0000000000
tjk,1981,0.0000000000
tjk,1982,0.0000000000
tjk,1983,0.0000000000
tjk,1984,0.0000000000
tjk,1985,0.0000000000
tjk,1986,0.0000000000
tjk,1987,0.0000000000
tjk,1988,0.0000000000
tjk,1989,0.0000000000
tjk,1990,0.0000000000
tjk,1991,0.0000000000
tjk,1992,0.0000000000
tjk,1993,0.0000000000
tjk,1994,0.0000000000
tjk,1995,0.0000000000
tjk,1996,0.0000000000
tjk,1997,0.0000000000
tjk,1998,0.0000000000
tjk,1999,0.0000000000
tjk,2000,0.0000000000
tjk,2001,2470000.0000000000
tjk,2002,0.0000000000
tjk,2003,0.0000000000
tjk,2004,0.0000000000
tjk,2005,0.0000000000
tjk,2006,0.0000000000
tjk,2007,0.0000000000
tjk,2008,0.0000000000
tjk,2009,0.0000000000
tjk,2010,0.0000000000
tjk,2011,0.0000000000
tjk,2012,0.0000000000
tjk,2013,0.0000000000
tjk,2014,0.0000000000
tjk,2015,0.0000000000
tjk,2016,0.0000000000
tjk,2017,0.0000000000
tza,1970,0.0000000000
tza,1971,0.0000000000
tza,1972,0.0000000000
tza,1973,0.0000000000
tza,1974,0.0000000000
tza,1975,0.0000000000
tza,1976,0.0000000000
tza,1977,0.0000000000
tza,1978,0.0000000000
tza,1979,0.0000000000
tza,1980,0.0000000000
tza,1981,0.0000000000
tza,1982,0.0000000000
tza,1983,0.0000000000
tza,1984,0.0000000000
tza,1985,0.0000000000
tza,1986,0.0000000000
tza,1987,0.0000000000
tza,1988,0.0000000000
tza,1989,12879840.4000000004
tza,1990,10472699.8000000007
tza,1991,37329110.2999999970
tza,1992,32210793.6000000015
tza,1993,38794462.7000000030
tza,1994,17003135.8999999985
tza,1995,0.0000000000
tza,1996,565080.2000000000
tza,1997,75171960.2000000030
tza,1998,160400.9000000000
tza,1999,4363.6000000000
tza,2000,188610364.5000000000
tza,2001,182163456.1999999881
tza,2002,20343005.8999999985
tza,2003,3469887.8999999999
tza,2004,21049930.5000000000
tza,2005,175935395.0999999940
tza,2006,112166475.5999999940
tza,2007,456382.9000000000
tza,2008,229209.5000000000
tza,2009,416470.4000000000
tza,2010,309764.3000000000
tza,2011,359503.4000000000
tza,2012,290238.6000000000
tza,2013,282217.1000000000
tza,2014,103314.9000000000
tza,2015,330837.3000000000
tza,2016,0.0000000000
tza,2017,0.0000000000
tha,1970,0.0000000000
tha,1971,0.0000000000
tha,1972,0.0000000000
tha,1973,0.0000000000
tha,1974,0.0000000000
tha,1975,0.0000000000
tha,1976,0.0000000000
tha,1977,0.0000000000
tha,1978,0.0000000000
tha,1979,0.0000000000
tha,1980,0.0000000000
tha,1981,0.0000000000
tha,1982,0.0000000000
tha,1983,0.0000000000
tha,1984,0.0000000000
tha,1985,0.0000000000
tha,1986,0.0000000000
tha,1987,0.0000000000
tha,1988,0.0000000000
tha,1989,0.0000000000
tha,1990,0.0000000000
tha,1991,0.0000000000
tha,1992,0.0000000000
tha,1993,0.0000000000
tha,1994,0.0000000000
tha,1995,0.0000000000
tha,1996,0.0000000000
tha,1997,0.0000000000
tha,1998,0.0000000000
tha,1999,0.0000000000
tha,2000,0.0000000000
tha,2001,0.0000000000
tha,2002,0.0000000000
tha,2003,0.0000000000
tha,2004,0.0000000000
tha,2005,0.0000000000
tha,2006,0.0000000000
tha,2007,0.0000000000
tha,2008,0.0000000000
tha,2009,0.0000000000
tha,2010,0.0000000000
tha,2011,0.0000000000
tha,2012,0.0000000000
tha,2013,0.0000000000
tha,2014,0.0000000000
tha,2015,0.0000000000
tha,2016,0.0000000000
tha,2017,0.0000000000
tls,1970,0.0000000000
tls,1971,0.0000000000
tls,1972,0.0000000000
tls,1973,0.0000000000
tls,1974,0.0000000000
tls,1975,0.0000000000
tls,1976,0.0000000000
tls,1977,0.0000000000
tls,1978,0.0000000000
tls,1979,0.0000000000
tls,1980,0.0000000000
tls,1981,0.0000000000
tls,1982,0.0000000000
tls,1983,0.0000000000
tls,1984,0.0000000000
tls,1985,0.0000000000
tls,1986,0.0000000000
tls,1987,0.0000000000
tls,1988,0.0000000000
tls,1989,0.0000000000
tls,1990,0.0000000000
tls,1991,0.0000000000
tls,1992,0.0000000000
tls,1993,0.0000000000
tls,1994,0.0000000000
tls,1995,0.0000000000
tls,1996,0.0000000000
tls,1997,0.0000000000
tls,1998,0.0000000000
tls,1999,0.0000000000
tls,2000,0.0000000000
tls,2001,0.0000000000
tls,2002,0.0000000000
tls,2003,0.0000000000
tls,2004,0.0000000000
tls,2005,0.0000000000
tls,2006,0.0000000000
tls,2007,0.0000000000
tls,2008,0.0000000000
tls,2009,0.0000000000
tls,2010,0.0000000000
tls,2011,0.0000000000
tls,2012,0.0000000000
tls,2013,0.0000000000
tls,2014,0.0000000000
tls,2015,0.0000000000
tls,2016,0.0000000000
tls,2017,0.0000000000
tgo,1970,0.0000000000
tgo,1971,0.0000000000
tgo,1972,0.0000000000
tgo,1973,0.0000000000
tgo,1974,0.0000000000
tgo,1975,0.0000000000
tgo,1976,0.0000000000
tgo,1977,0.0000000000
tgo,1978,0.0000000000
tgo,1979,0.0000000000
tgo,1980,0.0000000000
tgo,1981,0.0000000000
tgo,1982,0.0000000000
tgo,1983,0.0000000000
tgo,1984,0.0000000000
tgo,1985,0.0000000000
tgo,1986,0.0000000000
tgo,1987,0.0000000000
tgo,1988,0.0000000000
tgo,1989,16013280.0000000000
tgo,1990,50421.8000000000
tgo,1991,683708.4000000000
tgo,1992,3207237.2999999998
tgo,1993,58506.1000000000
tgo,1994,7728.5000000000
tgo,1995,22501618.6000000015
tgo,1996,2955181.7999999998
tgo,1997,35172528.2000000030
tgo,1998,545651.6000000000
tgo,1999,0.0000000000
tgo,2000,0.0000000000
tgo,2001,4369.1000000000
tgo,2002,0.0000000000
tgo,2003,0.0000000000
tgo,2004,0.0000000000
tgo,2005,0.0000000000
tgo,2006,0.0000000000
tgo,2007,0.0000000000
tgo,2008,116233195.0000000000
tgo,2009,4067122.6000000001
tgo,2010,43887224.6000000015
tgo,2011,28953735.6999999993
tgo,2012,198800.8000000000
tgo,2013,0.0000000000
tgo,2014,0.0000000000
tgo,2015,0.0000000000
tgo,2016,0.0000000000
tgo,2017,0.0000000000
ton,1970,0.0000000000
ton,1971,0.0000000000
ton,1972,0.0000000000
ton,1973,0.0000000000
ton,1974,0.0000000000
ton,1975,0.0000000000
ton,1976,0.0000000000
ton,1977,0.0000000000
ton,1978,0.0000000000
ton,1979,0.0000000000
ton,1980,0.0000000000
ton,1981,0.0000000000
ton,1982,0.0000000000
ton,1983,0.0000000000
ton,1984,0.0000000000
ton,1985,0.0000000000
ton,1986,0.0000000000
ton,1987,0.0000000000
ton,1988,0.0000000000
ton,1989,0.0000000000
ton,1990,0.0000000000
ton,1991,0.0000000000
ton,1992,0.0000000000
ton,1993,0.0000000000
ton,1994,0.0000000000
ton,1995,0.0000000000
ton,1996,0.0000000000
ton,1997,0.0000000000
ton,1998,0.0000000000
ton,1999,0.0000000000
ton,2000,0.0000000000
ton,2001,0.0000000000
ton,2002,0.0000000000
ton,2003,0.0000000000
ton,2004,0.0000000000
ton,2005,0.0000000000
ton,2006,0.0000000000
ton,2007,0.0000000000
ton,2008,7358.5000000000
ton,2009,0.0000000000
ton,2010,0.0000000000
ton,2011,0.0000000000
ton,2012,0.0000000000
ton,2013,0.0000000000
ton,2014,0.0000000000
ton,2015,0.0000000000
ton,2016,0.0000000000
ton,2017,0.0000000000
tun,1970,0.0000000000
tun,1971,0.0000000000
tun,1972,0.0000000000
tun,1973,0.0000000000
tun,1974,0.0000000000
tun,1975,0.0000000000
tun,1976,0.0000000000
tun,1977,0.0000000000
tun,1978,0.0000000000
tun,1979,0.0000000000
tun,1980,0.0000000000
tun,1981,0.0000000000
tun,1982,0.0000000000
tun,1983,0.0000000000
tun,1984,0.0000000000
tun,1985,0.0000000000
tun,1986,0.0000000000
tun,1987,0.0000000000
tun,1988,0.0000000000
tun,1989,0.0000000000
tun,1990,0.0000000000
tun,1991,0.0000000000
tun,1992,0.0000000000
tun,1993,0.0000000000
tun,1994,0.0000000000
tun,1995,0.0000000000
tun,1996,0.0000000000
tun,1997,0.0000000000
tun,1998,0.0000000000
tun,1999,0.0000000000
tun,2000,0.0000000000
tun,2001,0.0000000000
tun,2002,0.0000000000
tun,2003,0.0000000000
tun,2004,0.0000000000
tun,2005,0.0000000000
tun,2006,0.0000000000
tun,2007,0.0000000000
tun,2008,0.0000000000
tun,2009,0.0000000000
tun,2010,0.0000000000
tun,2011,0.0000000000
tun,2012,0.0000000000
tun,2013,0.0000000000
tun,2014,0.0000000000
tun,2015,0.0000000000
tun,2016,0.0000000000
tun,2017,0.0000000000
tur,1970,0.0000000000
tur,1971,0.0000000000
tur,1972,0.0000000000
tur,1973,0.0000000000
tur,1974,0.0000000000
tur,1975,0.0000000000
tur,1976,0.0000000000
tur,1977,0.0000000000
tur,1978,0.0000000000
tur,1979,0.0000000000
tur,1980,0.0000000000
tur,1981,0.0000000000
tur,1982,0.0000000000
tur,1983,0.0000000000
tur,1984,0.0000000000
tur,1985,0.0000000000
tur,1986,0.0000000000
tur,1987,0.0000000000
tur,1988,0.0000000000
tur,1989,0.0000000000
tur,1990,0.0000000000
tur,1991,0.0000000000
tur,1992,0.0000000000
tur,1993,0.0000000000
tur,1994,0.0000000000
tur,1995,0.0000000000
tur,1996,0.0000000000
tur,1997,0.0000000000
tur,1998,0.0000000000
tur,1999,0.0000000000
tur,2000,0.0000000000
tur,2001,0.0000000000
tur,2002,0.0000000000
tur,2003,0.0000000000
tur,2004,0.0000000000
tur,2005,0.0000000000
tur,2006,0.0000000000
tur,2007,0.0000000000
tur,2008,0.0000000000
tur,2009,0.0000000000
tur,2010,0.0000000000
tur,2011,0.0000000000
tur,2012,0.0000000000
tur,2013,0.0000000000
tur,2014,0.0000000000
tur,2015,0.0000000000
tur,2016,0.0000000000
tur,2017,0.0000000000
tkm,1970,0.0000000000
tkm,1971,0.0000000000
tkm,1972,0.0000000000
tkm,1973,0.0000000000
tkm,1974,0.0000000000
tkm,1975,0.0000000000
tkm,1976,0.0000000000
tkm,1977,0.0000000000
tkm,1978,0.0000000000
tkm,1979,0.0000000000
tkm,1980,0.0000000000
tkm,1981,0.0000000000
tkm,1982,0.0000000000
tkm,1983,0.0000000000
tkm,1984,0.0000000000
tkm,1985,0.0000000000
tkm,1986,0.0000000000
tkm,1987,0.0000000000
tkm,1988,0.0000000000
tkm,1989,0.0000000000
tkm,1990,0.0000000000
tkm,1991,0.0000000000
tkm,1992,0.0000000000
tkm,1993,0.0000000000
tkm,1994,0.0000000000
tkm,1995,0.0000000000
tkm,1996,0.0000000000
tkm,1997,0.0000000000
tkm,1998,0.0000000000
tkm,1999,0.0000000000
tkm,2000,0.0000000000
tkm,2001,0.0000000000
tkm,2002,0.0000000000
tkm,2003,0.0000000000
tkm,2004,0.0000000000
tkm,2005,0.0000000000
tkm,2006,0.0000000000
tkm,2007,0.0000000000
tkm,2008,0.0000000000
tkm,2009,0.0000000000
tkm,2010,0.0000000000
tkm,2011,0.0000000000
tkm,2012,0.0000000000
tkm,2013,0.0000000000
tkm,2014,0.0000000000
tkm,2015,0.0000000000
tkm,2016,0.0000000000
tkm,2017,0.0000000000
uga,1970,0.0000000000
uga,1971,0.0000000000
uga,1972,0.0000000000
uga,1973,0.0000000000
uga,1974,0.0000000000
uga,1975,0.0000000000
uga,1976,0.0000000000
uga,1977,0.0000000000
uga,1978,0.0000000000
uga,1979,0.0000000000
uga,1980,0.0000000000
uga,1981,0.0000000000
uga,1982,0.0000000000
uga,1983,0.0000000000
uga,1984,0.0000000000
uga,1985,0.0000000000
uga,1986,0.0000000000
uga,1987,0.0000000000
uga,1988,0.0000000000
uga,1989,62463.6000000000
uga,1990,628586.2000000000
uga,1991,474871.3000000000
uga,1992,1395226.2000000000
uga,1993,18812845.3000000007
uga,1994,0.0000000000
uga,1995,683597.4000000000
uga,1996,0.0000000000
uga,1997,0.0000000000
uga,1998,523636709.8999999762
uga,1999,4116000.0000000000
uga,2000,10641864.6999999993
uga,2001,9341630.9000000004
uga,2002,3408580.0000000000
uga,2003,5261000.0000000000
uga,2004,3935495.6000000001
uga,2005,2727941.8999999999
uga,2006,996000.0000000000
uga,2007,0.0000000000
uga,2008,0.0000000000
uga,2009,0.0000000000
uga,2010,0.0000000000
uga,2011,0.0000000000
uga,2012,0.0000000000
uga,2013,0.0000000000
uga,2014,0.0000000000
uga,2015,0.0000000000
uga,2016,0.0000000000
uga,2017,0.0000000000
ukr,1970,0.0000000000
ukr,1971,0.0000000000
ukr,1972,0.0000000000
ukr,1973,0.0000000000
ukr,1974,0.0000000000
ukr,1975,0.0000000000
ukr,1976,0.0000000000
ukr,1977,0.0000000000
ukr,1978,0.0000000000
ukr,1979,0.0000000000
ukr,1980,0.0000000000
ukr,1981,0.0000000000
ukr,1982,0.0000000000
ukr,1983,0.0000000000
ukr,1984,0.0000000000
ukr,1985,0.0000000000
ukr,1986,0.0000000000
ukr,1987,0.0000000000
ukr,1988,0.0000000000
ukr,1989,0.0000000000
ukr,1990,0.0000000000
ukr,1991,0.0000000000
ukr,1992,0.0000000000
ukr,1993,0.0000000000
ukr,1994,0.0000000000
ukr,1995,0.0000000000
ukr,1996,0.0000000000
ukr,1997,0.0000000000
ukr,1998,0.0000000000
ukr,1999,0.0000000000
ukr,2000,0.0000000000
ukr,2001,0.0000000000
ukr,2002,0.0000000000
ukr,2003,0.0000000000
ukr,2004,0.0000000000
ukr,2005,0.0000000000
ukr,2006,0.0000000000
ukr,2007,0.0000000000
ukr,2008,0.0000000000
ukr,2009,0.0000000000
ukr,2010,0.0000000000
ukr,2011,0.0000000000
ukr,2012,0.0000000000
ukr,2013,0.0000000000
ukr,2014,0.0000000000
ukr,2015,0.0000000000
ukr,2016,0.0000000000
ukr,2017,0.0000000000
uzb,1970,0.0000000000
uzb,1971,0.0000000000
uzb,1972,0.0000000000
uzb,1973,0.0000000000
uzb,1974,0.0000000000
uzb,1975,0.0000000000
uzb,1976,0.0000000000
uzb,1977,0.0000000000
uzb,1978,0.0000000000
uzb,1979,0.0000000000
uzb,1980,0.0000000000
uzb,1981,0.0000000000
uzb,1982,0.0000000000
uzb,1983,0.0000000000
uzb,1984,0.0000000000
uzb,1985,0.0000000000
uzb,1986,0.0000000000
uzb,1987,0.0000000000
uzb,1988,0.0000000000
uzb,1989,0.0000000000
uzb,1990,0.0000000000
uzb,1991,0.0000000000
uzb,1992,0.0000000000
uzb,1993,0.0000000000
uzb,1994,0.0000000000
uzb,1995,0.0000000000
uzb,1996,0.0000000000
uzb,1997,0.0000000000
uzb,1998,0.0000000000
uzb,1999,0.0000000000
uzb,2000,0.0000000000
uzb,2001,0.0000000000
uzb,2002,0.0000000000
uzb,2003,0.0000000000
uzb,2004,0.0000000000
uzb,2005,0.0000000000
uzb,2006,0.0000000000
uzb,2007,0.0000000000
uzb,2008,0.0000000000
uzb,2009,0.0000000000
uzb,2010,0.0000000000
uzb,2011,0.0000000000
uzb,2012,0.0000000000
uzb,2013,0.0000000000
uzb,2014,0.0000000000
uzb,2015,0.0000000000
uzb,2016,0.0000000000
uzb,2017,0.0000000000
vut,1970,0.0000000000
vut,1971,0.0000000000
vut,1972,0.0000000000
vut,1973,0.0000000000
vut,1974,0.0000000000
vut,1975,0.0000000000
vut,1976,0.0000000000
vut,1977,0.0000000000
vut,1978,0.0000000000
vut,1979,0.0000000000
vut,1980,0.0000000000
vut,1981,0.0000000000
vut,1982,0.0000000000
vut,1983,0.0000000000
vut,1984,0.0000000000
vut,1985,0.0000000000
vut,1986,0.0000000000
vut,1987,0.0000000000
vut,1988,0.0000000000
vut,1989,0.0000000000
vut,1990,0.0000000000
vut,1991,0.0000000000
vut,1992,0.0000000000
vut,1993,0.0000000000
vut,1994,0.0000000000
vut,1995,0.0000000000
vut,1996,0.0000000000
vut,1997,0.0000000000
vut,1998,0.0000000000
vut,1999,0.0000000000
vut,2000,0.0000000000
vut,2001,0.0000000000
vut,2002,0.0000000000
vut,2003,0.0000000000
vut,2004,0.0000000000
vut,2005,0.0000000000
vut,2006,0.0000000000
vut,2007,0.0000000000
vut,2008,0.0000000000
vut,2009,0.0000000000
vut,2010,0.0000000000
vut,2011,0.0000000000
vut,2012,0.0000000000
vut,2013,0.0000000000
vut,2014,0.0000000000
vut,2015,0.0000000000
vut,2016,0.0000000000
vut,2017,0.0000000000
ven,1970,0.0000000000
ven,1971,0.0000000000
ven,1972,0.0000000000
ven,1973,0.0000000000
ven,1974,0.0000000000
ven,1975,0.0000000000
ven,1976,0.0000000000
ven,1977,0.0000000000
ven,1978,0.0000000000
ven,1979,0.0000000000
ven,1980,0.0000000000
ven,1981,0.0000000000
ven,1982,0.0000000000
ven,1983,0.0000000000
ven,1984,0.0000000000
ven,1985,0.0000000000
ven,1986,0.0000000000
ven,1987,0.0000000000
ven,1988,0.0000000000
ven,1989,0.0000000000
ven,1990,0.0000000000
ven,1991,0.0000000000
ven,1992,0.0000000000
ven,1993,0.0000000000
ven,1994,0.0000000000
ven,1995,0.0000000000
ven,1996,0.0000000000
ven,1997,0.0000000000
ven,1998,0.0000000000
ven,1999,0.0000000000
ven,2000,0.0000000000
ven,2001,0.0000000000
ven,2002,0.0000000000
ven,2003,0.0000000000
ven,2004,0.0000000000
ven,2005,0.0000000000
ven,2006,0.0000000000
ven,2007,653000.0000000000
ven,2008,1393000.0000000000
ven,2009,1325178.3999999999
ven,2010,991000.0000000000
ven,2011,1231000.0000000000
ven,2012,1093000.0000000000
ven,2013,1070000.0000000000
ven,2014,0.0000000000
ven,2015,526394.6000000000
ven,2016,0.0000000000
ven,2017,0.0000000000
vnm,1970,0.0000000000
vnm,1971,0.0000000000
vnm,1972,0.0000000000
vnm,1973,0.0000000000
vnm,1974,0.0000000000
vnm,1975,0.0000000000
vnm,1976,0.0000000000
vnm,1977,0.0000000000
vnm,1978,0.0000000000
vnm,1979,0.0000000000
vnm,1980,0.0000000000
vnm,1981,0.0000000000
vnm,1982,0.0000000000
vnm,1983,0.0000000000
vnm,1984,0.0000000000
vnm,1985,0.0000000000
vnm,1986,0.0000000000
vnm,1987,0.0000000000
vnm,1988,0.0000000000
vnm,1989,0.0000000000
vnm,1990,0.0000000000
vnm,1991,0.0000000000
vnm,1992,0.0000000000
vnm,1993,19643659.6000000015
vnm,1994,0.0000000000
vnm,1995,0.0000000000
vnm,1996,0.0000000000
vnm,1997,0.0000000000
vnm,1998,0.0000000000
vnm,1999,0.0000000000
vnm,2000,1631315000.0000000000
vnm,2001,77471000.0000000000
vnm,2002,0.0000000000
vnm,2003,0.0000000000
vnm,2004,314556.0000000000
vnm,2005,0.0000000000
vnm,2006,0.0000000000
vnm,2007,0.0000000000
vnm,2008,0.0000000000
vnm,2009,0.0000000000
vnm,2010,0.0000000000
vnm,2011,299399.2000000000
vnm,2012,607871.5000000000
vnm,2013,146000.0000000000
vnm,2014,0.0000000000
vnm,2015,10647.6000000000
vnm,2016,0.0000000000
vnm,2017,0.0000000000
yem,1970,0.0000000000
yem,1971,0.0000000000
yem,1972,0.0000000000
yem,1973,0.0000000000
yem,1974,0.0000000000
yem,1975,0.0000000000
yem,1976,0.0000000000
yem,1977,0.0000000000
yem,1978,0.0000000000
yem,1979,0.0000000000
yem,1980,0.0000000000
yem,1981,0.0000000000
yem,1982,0.0000000000
yem,1983,0.0000000000
yem,1984,0.0000000000
yem,1985,0.0000000000
yem,1986,0.0000000000
yem,1987,0.0000000000
yem,1988,0.0000000000
yem,1989,0.0000000000
yem,1990,0.0000000000
yem,1991,120441.2000000000
yem,1992,0.0000000000
yem,1993,0.0000000000
yem,1994,0.0000000000
yem,1995,0.0000000000
yem,1996,372286.7000000000
yem,1997,338170506.0000000000
yem,1998,364.7000000000
yem,1999,168475.3000000000
yem,2000,175768.4000000000
yem,2001,164500.4000000000
yem,2002,32000.0000000000
yem,2003,708548.4000000000
yem,2004,13677765.5999999996
yem,2005,49605268.8999999985
yem,2006,741538.7000000000
yem,2007,518504.4000000000
yem,2008,0.0000000000
yem,2009,0.0000000000
yem,2010,0.0000000000
yem,2011,0.0000000000
yem,2012,0.0000000000
yem,2013,0.0000000000
yem,2014,0.0000000000
yem,2015,0.0000000000
yem,2016,0.0000000000
yem,2017,6092235.2000000002
zmb,1970,0.0000000000
zmb,1971,0.0000000000
zmb,1972,0.0000000000
zmb,1973,0.0000000000
zmb,1974,0.0000000000
zmb,1975,0.0000000000
zmb,1976,0.0000000000
zmb,1977,0.0000000000
zmb,1978,0.0000000000
zmb,1979,0.0000000000
zmb,1980,0.0000000000
zmb,1981,0.0000000000
zmb,1982,0.0000000000
zmb,1983,0.0000000000
zmb,1984,0.0000000000
zmb,1985,0.0000000000
zmb,1986,0.0000000000
zmb,1987,0.0000000000
zmb,1988,0.0000000000
zmb,1989,697751.2000000000
zmb,1990,22096149.3000000007
zmb,1991,13419077.5999999996
zmb,1992,14409541.1999999993
zmb,1993,30532168.0000000000
zmb,1994,67369683.5999999940
zmb,1995,820802.7000000000
zmb,1996,7081285.0000000000
zmb,1997,1387512.6000000001
zmb,1998,0.0000000000
zmb,1999,37225909.5000000000
zmb,2000,17569387.8999999985
zmb,2001,31183565.1000000015
zmb,2002,27159042.6999999993
zmb,2003,28506362.3999999985
zmb,2004,26013454.5000000000
zmb,2005,12553384.1999999993
zmb,2006,14526960.8000000007
zmb,2007,2688724.7000000002
zmb,2008,812508.3000000000
zmb,2009,800548.4000000000
zmb,2010,640891.7000000000
zmb,2011,436765.0000000000
zmb,2012,514791.7000000000
zmb,2013,659015.3000000000
zmb,2014,486187.8000000000
zmb,2015,493891.0000000000
zmb,2016,544902.9000000000
zmb,2017,0.0000000000
zwe,1970,0.0000000000
zwe,1971,0.0000000000
zwe,1972,0.0000000000
zwe,1973,0.0000000000
zwe,1974,0.0000000000
zwe,1975,0.0000000000
zwe,1976,0.0000000000
zwe,1977,0.0000000000
zwe,1978,0.0000000000
zwe,1979,0.0000000000
zwe,1980,0.0000000000
zwe,1981,0.0000000000
zwe,1982,0.0000000000
zwe,1983,0.0000000000
zwe,1984,0.0000000000
zwe,1985,0.0000000000
zwe,1986,0.0000000000
zwe,1987,0.0000000000
zwe,1988,0.0000000000
zwe,1989,0.0000000000
zwe,1990,0.0000000000
zwe,1991,0.0000000000
zwe,1992,0.0000000000
zwe,1993,0.0000000000
zwe,1994,0.0000000000
zwe,1995,0.0000000000
zwe,1996,0.0000000000
zwe,1997,0.0000000000
zwe,1998,0.0000000000
zwe,1999,0.0000000000
zwe,2000,0.0000000000
zwe,2001,31482.3000000000
zwe,2002,0.0000000000
zwe,2003,0.0000000000
zwe,2004,0.0000000000
zwe,2005,0.0000000000
zwe,2006,0.0000000000
zwe,2007,0.0000000000
zwe,2008,0.0000000000
zwe,2009,0.0000000000
zwe,2010,0.0000000000
zwe,2011,0.0000000000
zwe,2012,0.0000000000
zwe,2013,0.0000000000
zwe,2014,0.0000000000
zwe,2015,0.0000000000
zwe,2016,0.0000000000
zwe,2017,0.0000000000
