country,year,ic_exp_csbc_cd
arb,2014,500.6750000000
arb,2015,500.4047619048
arb,2016,500.4047619048
arb,2017,502.2095238095
arb,2018,502.2095238095
arb,2019,498.5428571429
css,2014,563.9307692308
css,2015,563.9307692308
css,2016,578.9307692308
css,2017,578.9307692308
css,2018,578.9307692308
css,2019,585.8538461538
ceb,2014,23.6090909091
ceb,2015,23.6090909091
ceb,2016,23.9090909091
ceb,2017,23.9090909091
ceb,2018,23.9090909091
ceb,2019,23.9090909091
ear,2014,454.9183333333
ear,2015,454.9183333333
ear,2016,460.3900000000
ear,2017,457.2216666667
ear,2018,456.2350000000
ear,2019,439.6237288136
eas,2014,392.2241379310
eas,2015,392.2241379310
eas,2016,392.2241379310
eas,2017,391.5655172414
eas,2018,384.4241379310
eas,2019,382.3413793103
eap,2014,416.1750000000
eap,2015,416.1750000000
eap,2016,416.1750000000
eap,2017,415.2200000000
eap,2018,403.6400000000
eap,2019,400.6200000000
tea,2014,420.4047619048
tea,2015,420.4047619048
tea,2016,420.4047619048
tea,2017,419.4952380952
tea,2018,408.4666666667
tea,2019,405.5904761905
emu,2014,107.3947368421
emu,2015,107.3947368421
emu,2016,107.3947368421
emu,2017,107.3947368421
emu,2018,107.3947368421
emu,2019,107.3947368421
ecs,2014,134.5081632653
ecs,2015,131.4469387755
ecs,2016,130.2244897959
ecs,2017,128.1836734694
ecs,2018,117.5280000000
ecs,2019,117.5280000000
eca,2014,199.0200000000
eca,2015,191.5200000000
eca,2016,188.5250000000
eca,2017,183.5250000000
eca,2018,157.5450000000
eca,2019,157.5450000000
tec,2014,180.9272727273
tec,2015,174.1090909091
tec,2016,171.3863636364
tec,2017,166.8409090909
tec,2018,143.2227272727
tec,2019,143.2227272727
euu,2014,86.6857142857
euu,2015,86.6857142857
euu,2016,86.8035714286
euu,2017,86.8035714286
euu,2018,86.8035714286
euu,2019,86.8035714286
fcs,2014,593.8343750000
fcs,2015,590.8393939394
fcs,2016,587.7636363636
fcs,2017,587.7636363636
fcs,2018,587.7636363636
fcs,2019,588.9757575758
hpc,2014,556.3459459459
hpc,2015,559.0736842105
hpc,2016,560.2447368421
hpc,2017,560.2447368421
hpc,2018,562.6131578947
hpc,2019,564.9815789474
hic,2014,229.9103448276
hic,2015,229.9103448276
hic,2016,231.2034482759
hic,2017,231.8568965517
hic,2018,230.2915254237
hic,2019,228.9864406780
ibd,2014,419.7848484848
ibd,2015,417.5121212121
ibd,2016,423.3015151515
ibd,2017,421.0318181818
ibd,2018,414.2590909091
ibd,2019,400.4000000000
ibt,2014,469.3478260870
ibt,2015,469.6402877698
ibt,2016,472.0748201439
ibt,2017,469.8503597122
ibt,2018,464.1525179856
ibt,2019,458.2036231884
idb,2014,581.3000000000
idb,2015,581.3000000000
idb,2016,581.3000000000
idb,2017,571.9235294118
idb,2018,571.9235294118
idb,2019,574.2764705882
idx,2014,494.2200000000
idx,2015,497.1803571429
idx,2016,496.4000000000
idx,2017,496.4000000000
idx,2018,490.2392857143
idx,2019,490.0607142857
ida,2014,514.7805555556
ida,2015,516.7698630137
ida,2016,516.1712328767
ida,2017,513.9876712329
ida,2018,509.2616438356
ida,2019,509.6726027397
lte,2014,342.9187500000
lte,2015,339.7937500000
lte,2016,341.6333333333
lte,2017,339.9416666667
lte,2018,325.5645833333
lte,2019,327.1104166667
lcn,2014,514.8575757576
lcn,2015,514.8575757576
lcn,2016,523.9818181818
lcn,2017,523.9818181818
lcn,2018,526.7090909091
lcn,2019,509.2625000000
lac,2014,529.3208333333
lac,2015,529.3208333333
lac,2016,538.7416666667
lac,2017,538.7416666667
lac,2018,542.4916666667
lac,2019,518.9043478261
tla,2014,520.2200000000
tla,2015,520.2200000000
tla,2016,530.2566666667
tla,2017,530.2566666667
tla,2018,533.2566666667
tla,2019,514.2310344828
ldc,2014,503.8813953488
ldc,2015,507.4295454545
ldc,2016,506.6727272727
ldc,2017,506.6727272727
ldc,2018,506.6727272727
ldc,2019,504.4000000000
lmy,2014,473.4953488372
lmy,2015,473.7761538462
lmy,2016,475.8023076923
lmy,2017,473.4238461538
lmy,2018,467.3315384615
lmy,2019,460.9922480620
lic,2014,528.8888888889
lic,2015,533.5714285714
lic,2016,532.3821428571
lic,2017,532.3821428571
lic,2018,532.3821428571
lic,2019,528.8107142857
lmc,2014,430.3106382979
lmc,2015,430.3106382979
lmc,2016,431.1148936170
lmc,2017,426.6638297872
lmc,2018,416.5404255319
lmc,2019,415.6404255319
mea,2014,429.1300000000
mea,2015,429.1300000000
mea,2016,429.1300000000
mea,2017,431.0250000000
mea,2018,431.0250000000
mea,2019,427.1750000000
mna,2014,489.1583333333
mna,2015,489.1583333333
mna,2016,489.1583333333
mna,2017,489.1583333333
mna,2018,489.1583333333
mna,2019,489.1583333333
tmn,2014,528.9818181818
tmn,2015,528.9818181818
tmn,2016,528.9818181818
tmn,2017,528.9818181818
tmn,2018,528.9818181818
tmn,2019,528.9818181818
mic,2014,458.8323529412
mic,2015,457.3617647059
mic,2016,460.2705882353
mic,2017,457.2392156863
mic,2018,449.4745098039
mic,2019,442.1910891089
nac,2014,170.8500000000
nac,2015,170.8500000000
nac,2016,170.8500000000
nac,2017,170.8500000000
nac,2018,170.8500000000
nac,2019,170.8500000000
oed,2014,149.5611111111
oed,2015,149.5611111111
oed,2016,149.5611111111
oed,2017,149.5611111111
oed,2018,149.7305555556
oed,2019,149.7305555556
oss,2014,406.3538461538
oss,2015,406.3538461538
oss,2016,411.3730769231
oss,2017,406.0269230769
oss,2018,406.0269230769
oss,2019,406.0269230769
pss,2014,516.3555555556
pss,2015,516.3555555556
pss,2016,516.3555555556
pss,2017,516.3555555556
pss,2018,516.3555555556
pss,2019,516.3555555556
pst,2014,150.2666666667
pst,2015,150.2666666667
pst,2016,150.3583333333
pst,2017,150.3583333333
pst,2018,149.8527777778
pst,2019,149.8527777778
pre,2014,644.9571428571
pre,2015,645.3750000000
pre,2016,644.4500000000
pre,2017,644.4500000000
pre,2018,644.4500000000
pre,2019,644.4500000000
sst,2014,469.6562500000
sst,2015,469.6562500000
sst,2016,476.4375000000
sst,2017,473.5416666667
sst,2018,473.5416666667
sst,2019,475.4166666667
sas,2014,358.1000000000
sas,2015,358.1000000000
sas,2016,350.8125000000
sas,2017,344.4250000000
sas,2018,328.0750000000
sas,2019,310.6125000000
tsa,2014,358.1000000000
tsa,2015,358.1000000000
tsa,2016,350.8125000000
tsa,2017,344.4250000000
tsa,2018,328.0750000000
tsa,2019,310.6125000000
ssf,2014,601.5413043478
ssf,2015,602.7851063830
ssf,2016,606.0936170213
ssf,2017,603.1361702128
ssf,2018,603.1361702128
ssf,2019,603.1361702128
ssa,2014,607.5244444444
ssa,2015,608.6652173913
ssa,2016,612.0456521739
ssa,2017,609.0239130435
ssa,2018,609.0239130435
ssa,2019,609.0239130435
tss,2014,601.5413043478
tss,2015,602.7851063830
tss,2016,606.0936170213
tss,2017,603.1361702128
tss,2018,603.1361702128
tss,2019,603.1361702128
umc,2014,483.2054545455
umc,2015,480.4781818182
umc,2016,485.1854545455
umc,2017,483.3672727273
umc,2018,477.6181818182
umc,2019,465.3000000000
wld,2014,397.9449197861
wld,2015,398.5409574468
wld,2016,400.3409574468
wld,2017,398.8978723404
wld,2018,393.3349206349
wld,2019,388.1819148936
afg,2014,511.1000000000
afg,2015,511.1000000000
afg,2016,452.8000000000
afg,2017,452.8000000000
afg,2018,452.8000000000
afg,2019,452.8000000000
alb,2014,29.7000000000
alb,2015,29.7000000000
alb,2016,54.7000000000
alb,2017,54.7000000000
alb,2018,54.7000000000
alb,2019,54.7000000000
dza,2014,592.9000000000
dza,2015,592.9000000000
dza,2016,592.9000000000
dza,2017,592.9000000000
dza,2018,592.9000000000
dza,2019,592.9000000000
ago,2014,825.0000000000
ago,2015,825.0000000000
ago,2016,825.0000000000
ago,2017,825.0000000000
ago,2018,825.0000000000
ago,2019,825.0000000000
atg,2014,546.4000000000
atg,2015,546.4000000000
atg,2016,546.4000000000
atg,2017,546.4000000000
atg,2018,546.4000000000
atg,2019,546.4000000000
arg,2014,150.0000000000
arg,2015,150.0000000000
arg,2016,150.0000000000
arg,2017,150.0000000000
arg,2018,150.0000000000
arg,2019,150.0000000000
arm,2014,250.0000000000
arm,2015,100.0000000000
arm,2016,100.0000000000
arm,2017,100.0000000000
arm,2018,100.0000000000
arm,2019,100.0000000000
aus,2014,749.0000000000
aus,2015,749.0000000000
aus,2016,749.0000000000
aus,2017,749.0000000000
aus,2018,766.0000000000
aus,2019,766.0000000000
aut,2014,0.0000000000
aut,2015,0.0000000000
aut,2016,0.0000000000
aut,2017,0.0000000000
aut,2018,0.0000000000
aut,2019,0.0000000000
aze,2014,214.1000000000
aze,2015,214.1000000000
aze,2016,214.1000000000
aze,2017,214.1000000000
aze,2018,214.1000000000
aze,2019,214.1000000000
bhs,2014,512.0000000000
bhs,2015,512.0000000000
bhs,2016,512.0000000000
bhs,2017,512.0000000000
bhs,2018,512.0000000000
bhs,2019,512.0000000000
bhr,2014,47.2000000000
bhr,2015,47.2000000000
bhr,2016,47.2000000000
bhr,2017,47.2000000000
bhr,2018,47.2000000000
bhr,2019,47.2000000000
bgd,2014,408.2000000000
bgd,2015,408.2000000000
bgd,2016,408.2000000000
bgd,2017,408.2000000000
bgd,2018,408.2000000000
bgd,2019,408.2000000000
brb,2014,486.0000000000
brb,2015,486.0000000000
brb,2016,486.0000000000
brb,2017,486.0000000000
brb,2018,486.0000000000
brb,2019,486.0000000000
blr,2014,107.7000000000
blr,2015,107.7000000000
blr,2016,107.7000000000
blr,2017,107.7000000000
blr,2018,65.0000000000
blr,2019,65.0000000000
bel,2014,0.0000000000
bel,2015,0.0000000000
bel,2016,0.0000000000
bel,2017,0.0000000000
bel,2018,0.0000000000
bel,2019,0.0000000000
blz,2014,710.0000000000
blz,2015,710.0000000000
blz,2016,710.0000000000
blz,2017,710.0000000000
blz,2018,710.0000000000
blz,2019,710.0000000000
ben,2014,334.3000000000
ben,2015,334.3000000000
ben,2016,354.3000000000
ben,2017,354.3000000000
ben,2018,354.3000000000
ben,2019,354.3000000000
btn,2014,59.2000000000
btn,2015,59.2000000000
btn,2016,59.2000000000
btn,2017,59.2000000000
btn,2018,59.2000000000
btn,2019,59.2000000000
bol,2014,65.0000000000
bol,2015,65.0000000000
bol,2016,65.0000000000
bol,2017,65.0000000000
bol,2018,65.0000000000
bol,2019,65.0000000000
bih,2014,70.0000000000
bih,2015,70.0000000000
bih,2016,70.0000000000
bih,2017,70.0000000000
bih,2018,70.0000000000
bih,2019,70.0000000000
bwa,2014,316.5000000000
bwa,2015,316.5000000000
bwa,2016,316.5000000000
bwa,2017,316.5000000000
bwa,2018,316.5000000000
bwa,2019,316.5000000000
bra,2014,862.0000000000
bra,2015,862.0000000000
bra,2016,862.0000000000
bra,2017,862.0000000000
bra,2018,862.0000000000
bra,2019,862.0000000000
brn,2014,340.0000000000
brn,2015,340.0000000000
brn,2016,340.0000000000
brn,2017,340.0000000000
brn,2018,340.0000000000
brn,2019,340.0000000000
bgr,2014,51.7000000000
bgr,2015,51.7000000000
bgr,2016,55.0000000000
bgr,2017,55.0000000000
bgr,2018,55.0000000000
bgr,2019,55.0000000000
bfa,2014,261.0000000000
bfa,2015,261.0000000000
bfa,2016,261.0000000000
bfa,2017,261.0000000000
bfa,2018,261.0000000000
bfa,2019,261.0000000000
bdi,2014,108.9000000000
bdi,2015,108.9000000000
bdi,2016,108.9000000000
bdi,2017,108.9000000000
bdi,2018,108.9000000000
bdi,2019,108.9000000000
cpv,2014,780.0000000000
cpv,2015,780.0000000000
cpv,2016,780.0000000000
cpv,2017,641.0000000000
cpv,2018,641.0000000000
cpv,2019,641.0000000000
khm,2014,375.0000000000
khm,2015,375.0000000000
khm,2016,375.0000000000
khm,2017,375.0000000000
khm,2018,375.0000000000
khm,2019,375.0000000000
cmr,2014,982.8000000000
cmr,2015,982.8000000000
cmr,2016,982.8000000000
cmr,2017,982.8000000000
cmr,2018,982.8000000000
cmr,2019,982.8000000000
can,2014,166.7000000000
can,2015,166.7000000000
can,2016,166.7000000000
can,2017,166.7000000000
can,2018,166.7000000000
can,2019,166.7000000000
caf,2014,280.0000000000
caf,2015,280.0000000000
caf,2016,280.0000000000
caf,2017,280.0000000000
caf,2018,280.0000000000
caf,2019,280.0000000000
tcd,2014,319.0000000000
tcd,2015,319.0000000000
tcd,2016,319.0000000000
tcd,2017,319.0000000000
tcd,2018,319.0000000000
tcd,2019,319.0000000000
chl,2014,290.0000000000
chl,2015,290.0000000000
chl,2016,290.0000000000
chl,2017,290.0000000000
chl,2018,290.0000000000
chl,2019,290.0000000000
chn,2014,484.1000000000
chn,2015,484.1000000000
chn,2016,484.1000000000
chn,2017,484.1000000000
chn,2018,314.0000000000
chn,2019,256.2000000000
col,2014,630.0000000000
col,2015,630.0000000000
col,2016,630.0000000000
col,2017,630.0000000000
col,2018,630.0000000000
col,2019,630.0000000000
com,2014,650.8000000000
com,2015,650.8000000000
com,2016,650.8000000000
com,2017,650.8000000000
com,2018,650.8000000000
com,2019,650.8000000000
cod,2014,2222.7000000000
cod,2015,2222.7000000000
cod,2016,2222.7000000000
cod,2017,2222.7000000000
cod,2018,2222.7000000000
cod,2019,2222.7000000000
cog,2014,1975.0000000000
cog,2015,1975.0000000000
cog,2016,1975.0000000000
cog,2017,1975.0000000000
cog,2018,1975.0000000000
cog,2019,1975.0000000000
cri,2014,346.7000000000
cri,2015,346.7000000000
cri,2016,375.0000000000
cri,2017,375.0000000000
cri,2018,375.0000000000
cri,2019,450.0000000000
civ,2014,422.6000000000
civ,2015,422.6000000000
civ,2016,422.6000000000
civ,2017,422.6000000000
civ,2018,422.6000000000
civ,2019,422.6000000000
hrv,2014,0.0000000000
hrv,2015,0.0000000000
hrv,2016,0.0000000000
hrv,2017,0.0000000000
hrv,2018,0.0000000000
hrv,2019,0.0000000000
cyp,2014,300.0000000000
cyp,2015,300.0000000000
cyp,2016,300.0000000000
cyp,2017,300.0000000000
cyp,2018,300.0000000000
cyp,2019,300.0000000000
cze,2014,0.0000000000
cze,2015,0.0000000000
cze,2016,0.0000000000
cze,2017,0.0000000000
cze,2018,0.0000000000
cze,2019,0.0000000000
dnk,2014,0.0000000000
dnk,2015,0.0000000000
dnk,2016,0.0000000000
dnk,2017,0.0000000000
dnk,2018,0.0000000000
dnk,2019,0.0000000000
dji,2014,605.3000000000
dji,2015,605.3000000000
dji,2016,605.3000000000
dji,2017,605.3000000000
dji,2018,605.3000000000
dji,2019,605.3000000000
dma,2014,625.0000000000
dma,2015,625.0000000000
dma,2016,625.0000000000
dma,2017,625.0000000000
dma,2018,625.0000000000
dma,2019,625.0000000000
dom,2014,487.5000000000
dom,2015,487.5000000000
dom,2016,487.5000000000
dom,2017,487.5000000000
dom,2018,487.5000000000
dom,2019,487.5000000000
ecu,2014,560.0000000000
ecu,2015,560.0000000000
ecu,2016,560.0000000000
ecu,2017,560.0000000000
ecu,2018,560.0000000000
ecu,2019,560.0000000000
egy,2014,258.0000000000
egy,2015,258.0000000000
egy,2016,258.0000000000
egy,2017,258.0000000000
egy,2018,258.0000000000
egy,2019,258.0000000000
slv,2014,128.3000000000
slv,2015,128.3000000000
slv,2016,128.3000000000
slv,2017,128.3000000000
slv,2018,128.3000000000
slv,2019,128.3000000000
gnq,2014,760.0000000000
gnq,2015,760.0000000000
gnq,2016,760.0000000000
gnq,2017,760.0000000000
gnq,2018,760.0000000000
gnq,2019,760.0000000000
est,2014,0.0000000000
est,2015,0.0000000000
est,2016,0.0000000000
est,2017,0.0000000000
est,2018,0.0000000000
est,2019,0.0000000000
swz,2014,134.4000000000
swz,2015,134.4000000000
swz,2016,134.4000000000
swz,2017,134.4000000000
swz,2018,134.4000000000
swz,2019,134.4000000000
eth,2014,171.5000000000
eth,2015,171.5000000000
eth,2016,171.5000000000
eth,2017,171.5000000000
eth,2018,171.5000000000
eth,2019,171.5000000000
fji,2014,316.7000000000
fji,2015,316.7000000000
fji,2016,316.7000000000
fji,2017,316.7000000000
fji,2018,316.7000000000
fji,2019,316.7000000000
fin,2014,212.5000000000
fin,2015,212.5000000000
fin,2016,212.5000000000
fin,2017,212.5000000000
fin,2018,212.5000000000
fin,2019,212.5000000000
fra,2014,0.0000000000
fra,2015,0.0000000000
fra,2016,0.0000000000
fra,2017,0.0000000000
fra,2018,0.0000000000
fra,2019,0.0000000000
gab,2014,1502.5000000000
gab,2015,1502.5000000000
gab,2016,1633.0000000000
gab,2017,1633.0000000000
gab,2018,1633.0000000000
gab,2019,1633.0000000000
gmb,2014,380.6000000000
gmb,2015,380.6000000000
gmb,2016,380.6000000000
gmb,2017,380.6000000000
gmb,2018,380.6000000000
gmb,2019,380.6000000000
geo,2014,112.0000000000
geo,2015,112.0000000000
geo,2016,112.0000000000
geo,2017,112.0000000000
geo,2018,112.0000000000
geo,2019,112.0000000000
deu,2014,345.0000000000
deu,2015,345.0000000000
deu,2016,345.0000000000
deu,2017,345.0000000000
deu,2018,345.0000000000
deu,2019,345.0000000000
gha,2014,490.0000000000
gha,2015,490.0000000000
gha,2016,490.0000000000
gha,2017,490.0000000000
gha,2018,490.0000000000
gha,2019,490.0000000000
grc,2014,300.0000000000
grc,2015,300.0000000000
grc,2016,300.0000000000
grc,2017,300.0000000000
grc,2018,300.0000000000
grc,2019,300.0000000000
grd,2014,1034.4000000000
grd,2015,1034.4000000000
grd,2016,1034.4000000000
grd,2017,1034.4000000000
grd,2018,1034.4000000000
grd,2019,1034.4000000000
gtm,2014,310.0000000000
gtm,2015,310.0000000000
gtm,2016,310.0000000000
gtm,2017,310.0000000000
gtm,2018,310.0000000000
gtm,2019,310.0000000000
gin,2014,777.8000000000
gin,2015,777.8000000000
gin,2016,777.8000000000
gin,2017,777.8000000000
gin,2018,777.8000000000
gin,2019,777.8000000000
gnb,2014,585.0000000000
gnb,2015,585.0000000000
gnb,2016,585.0000000000
gnb,2017,585.0000000000
gnb,2018,585.0000000000
gnb,2019,585.0000000000
guy,2014,377.8000000000
guy,2015,377.8000000000
guy,2016,377.8000000000
guy,2017,377.8000000000
guy,2018,377.8000000000
guy,2019,467.8000000000
hti,2014,367.5000000000
hti,2015,367.5000000000
hti,2016,367.5000000000
hti,2017,367.5000000000
hti,2018,367.5000000000
hti,2019,367.5000000000
hnd,2014,593.5000000000
hnd,2015,593.5000000000
hnd,2016,601.3000000000
hnd,2017,601.3000000000
hnd,2018,601.3000000000
hnd,2019,601.3000000000
hkg,2014,0.0000000000
hkg,2015,0.0000000000
hkg,2016,0.0000000000
hkg,2017,0.0000000000
hkg,2018,0.0000000000
hkg,2019,0.0000000000
hun,2014,0.0000000000
hun,2015,0.0000000000
hun,2016,0.0000000000
hun,2017,0.0000000000
hun,2018,0.0000000000
hun,2019,0.0000000000
isl,2014,365.0000000000
isl,2015,365.0000000000
isl,2016,365.0000000000
isl,2017,365.0000000000
isl,2018,365.0000000000
isl,2019,365.0000000000
ind,2014,413.1000000000
ind,2015,413.1000000000
ind,2016,413.1000000000
ind,2017,382.4000000000
ind,2018,251.6000000000
ind,2019,211.9000000000
idn,2014,253.7000000000
idn,2015,253.7000000000
idn,2016,253.7000000000
idn,2017,253.7000000000
idn,2018,253.7000000000
idn,2019,211.1000000000
irn,2014,415.4000000000
irn,2015,415.4000000000
irn,2016,415.4000000000
irn,2017,415.4000000000
irn,2018,415.4000000000
irn,2019,415.4000000000
irq,2014,1117.9000000000
irq,2015,1117.9000000000
irq,2016,1117.9000000000
irq,2017,1117.9000000000
irq,2018,1117.9000000000
irq,2019,1117.9000000000
irl,2014,305.0000000000
irl,2015,305.0000000000
irl,2016,305.0000000000
irl,2017,305.0000000000
irl,2018,305.0000000000
irl,2019,305.0000000000
isr,2014,150.0000000000
isr,2015,150.0000000000
isr,2016,150.0000000000
isr,2017,150.0000000000
isr,2018,150.0000000000
isr,2019,150.0000000000
ita,2014,0.0000000000
ita,2015,0.0000000000
ita,2016,0.0000000000
ita,2017,0.0000000000
ita,2018,0.0000000000
ita,2019,0.0000000000
jam,2014,876.0000000000
jam,2015,876.0000000000
jam,2016,876.0000000000
jam,2017,876.0000000000
jam,2018,876.0000000000
jam,2019,876.0000000000
jpn,2014,264.9000000000
jpn,2015,264.9000000000
jpn,2016,264.9000000000
jpn,2017,264.9000000000
jpn,2018,272.4000000000
jpn,2019,272.4000000000
jor,2014,131.3000000000
jor,2015,131.3000000000
jor,2016,131.3000000000
jor,2017,131.3000000000
jor,2018,131.3000000000
jor,2019,131.3000000000
kaz,2014,493.5000000000
kaz,2015,493.5000000000
kaz,2016,493.5000000000
kaz,2017,493.5000000000
kaz,2018,470.0000000000
kaz,2019,470.0000000000
ken,2014,142.5000000000
ken,2015,142.5000000000
ken,2016,142.5000000000
ken,2017,142.5000000000
ken,2018,142.5000000000
ken,2019,142.5000000000
kir,2014,420.0000000000
kir,2015,420.0000000000
kir,2016,420.0000000000
kir,2017,420.0000000000
kir,2018,420.0000000000
kir,2019,420.0000000000
kor,2014,184.7000000000
kor,2015,184.7000000000
kor,2016,184.7000000000
kor,2017,184.7000000000
kor,2018,184.7000000000
kor,2019,184.7000000000
xkx,2014,153.2000000000
xkx,2015,153.2000000000
xkx,2016,105.0000000000
xkx,2017,105.0000000000
xkx,2018,105.0000000000
xkx,2019,105.0000000000
kwt,2014,698.0000000000
kwt,2015,698.0000000000
kwt,2016,698.0000000000
kwt,2017,698.0000000000
kwt,2018,698.0000000000
kwt,2019,665.0000000000
kgz,2014,485.0000000000
kgz,2015,485.0000000000
kgz,2016,445.0000000000
kgz,2017,445.0000000000
kgz,2018,10.0000000000
kgz,2019,10.0000000000
lao,2014,140.0000000000
lao,2015,140.0000000000
lao,2016,140.0000000000
lao,2017,140.0000000000
lao,2018,140.0000000000
lao,2019,140.0000000000
lva,2014,150.0000000000
lva,2015,150.0000000000
lva,2016,150.0000000000
lva,2017,150.0000000000
lva,2018,150.0000000000
lva,2019,150.0000000000
lbn,2014,480.0000000000
lbn,2015,480.0000000000
lbn,2016,480.0000000000
lbn,2017,480.0000000000
lbn,2018,480.0000000000
lbn,2019,480.0000000000
lso,2014,150.0000000000
lso,2015,150.0000000000
lso,2016,150.0000000000
lso,2017,150.0000000000
lso,2018,150.0000000000
lso,2019,150.0000000000
lbr,2014,1107.5000000000
lbr,2015,1107.5000000000
lbr,2016,1112.5000000000
lbr,2017,1112.5000000000
lbr,2018,1112.5000000000
lbr,2019,1112.5000000000
lby,2014,574.9000000000
lby,2015,574.9000000000
lby,2016,574.9000000000
lby,2017,574.9000000000
lby,2018,574.9000000000
lby,2019,574.9000000000
lie,2018,115.0000000000
lie,2019,115.0000000000
ltu,2014,58.0000000000
ltu,2015,58.0000000000
ltu,2016,58.0000000000
ltu,2017,58.0000000000
ltu,2018,58.0000000000
ltu,2019,58.0000000000
lux,2014,0.0000000000
lux,2015,0.0000000000
lux,2016,0.0000000000
lux,2017,0.0000000000
lux,2018,0.0000000000
lux,2019,0.0000000000
mdg,2014,702.7000000000
mdg,2015,867.7000000000
mdg,2016,867.7000000000
mdg,2017,867.7000000000
mdg,2018,867.7000000000
mdg,2019,867.7000000000
mwi,2014,242.9000000000
mwi,2015,242.9000000000
mwi,2016,242.9000000000
mwi,2017,242.9000000000
mwi,2018,242.9000000000
mwi,2019,242.9000000000
mys,2014,274.0000000000
mys,2015,274.0000000000
mys,2016,274.0000000000
mys,2017,274.0000000000
mys,2018,212.5000000000
mys,2019,212.5000000000
mdv,2014,595.8000000000
mdv,2015,595.8000000000
mdv,2016,595.8000000000
mdv,2017,595.8000000000
mdv,2018,595.8000000000
mdv,2019,595.8000000000
mli,2014,241.7000000000
mli,2015,241.7000000000
mli,2016,241.7000000000
mli,2017,241.7000000000
mli,2018,241.7000000000
mli,2019,241.7000000000
mlt,2014,370.0000000000
mlt,2015,370.0000000000
mlt,2016,370.0000000000
mlt,2017,370.0000000000
mlt,2018,370.0000000000
mlt,2019,370.0000000000
mhl,2014,297.5000000000
mhl,2015,297.5000000000
mhl,2016,297.5000000000
mhl,2017,297.5000000000
mhl,2018,297.5000000000
mhl,2019,297.5000000000
mrt,2014,749.0000000000
mrt,2015,749.0000000000
mrt,2016,749.0000000000
mrt,2017,749.0000000000
mrt,2018,749.0000000000
mrt,2019,749.0000000000
mus,2014,302.6000000000
mus,2015,302.6000000000
mus,2016,302.6000000000
mus,2017,302.6000000000
mus,2018,302.6000000000
mus,2019,302.6000000000
mex,2014,400.0000000000
mex,2015,400.0000000000
mex,2016,400.0000000000
mex,2017,400.0000000000
mex,2018,400.0000000000
mex,2019,400.0000000000
fsm,2014,168.0000000000
fsm,2015,168.0000000000
fsm,2016,168.0000000000
fsm,2017,168.0000000000
fsm,2018,168.0000000000
fsm,2019,168.0000000000
mda,2014,76.1000000000
mda,2015,76.1000000000
mda,2016,76.1000000000
mda,2017,76.1000000000
mda,2018,76.1000000000
mda,2019,76.1000000000
mng,2014,225.1000000000
mng,2015,225.1000000000
mng,2016,225.1000000000
mng,2017,225.1000000000
mng,2018,225.1000000000
mng,2019,225.1000000000
mne,2014,85.0000000000
mne,2015,85.0000000000
mne,2016,85.0000000000
mne,2017,85.0000000000
mne,2018,85.0000000000
mne,2019,85.0000000000
mar,2014,155.8000000000
mar,2015,155.8000000000
mar,2016,155.8000000000
mar,2017,155.8000000000
mar,2018,155.8000000000
mar,2019,155.8000000000
moz,2014,601.7000000000
moz,2015,601.7000000000
moz,2016,601.7000000000
moz,2017,601.7000000000
moz,2018,601.7000000000
moz,2019,601.7000000000
mmr,2014,431.7000000000
mmr,2015,431.7000000000
mmr,2016,431.7000000000
mmr,2017,431.7000000000
mmr,2018,431.7000000000
mmr,2019,431.7000000000
nam,2014,745.0000000000
nam,2015,745.0000000000
nam,2016,745.0000000000
nam,2017,745.0000000000
nam,2018,745.0000000000
nam,2019,745.0000000000
npl,2014,202.9000000000
npl,2015,202.9000000000
npl,2016,202.9000000000
npl,2017,202.9000000000
npl,2018,202.9000000000
npl,2019,102.9000000000
nld,2014,0.0000000000
nld,2015,0.0000000000
nld,2016,0.0000000000
nld,2017,0.0000000000
nld,2018,0.0000000000
nld,2019,0.0000000000
nzl,2014,337.0000000000
nzl,2015,337.0000000000
nzl,2016,337.0000000000
nzl,2017,337.0000000000
nzl,2018,337.0000000000
nzl,2019,337.0000000000
nic,2014,80.0000000000
nic,2015,80.0000000000
nic,2016,150.0000000000
nic,2017,150.0000000000
nic,2018,240.0000000000
nic,2019,240.0000000000
ner,2014,390.8000000000
ner,2015,390.8000000000
ner,2016,390.8000000000
ner,2017,390.8000000000
ner,2018,390.8000000000
ner,2019,390.8000000000
nga,2014,785.7000000000
nga,2015,785.7000000000
nga,2016,785.7000000000
nga,2017,785.7000000000
nga,2018,785.7000000000
nga,2019,785.7000000000
mkd,2014,102.5000000000
mkd,2015,102.5000000000
mkd,2016,102.5000000000
mkd,2017,102.5000000000
mkd,2018,102.5000000000
mkd,2019,102.5000000000
nor,2014,125.0000000000
nor,2015,125.0000000000
nor,2016,125.0000000000
nor,2017,125.0000000000
nor,2018,125.0000000000
nor,2019,125.0000000000
omn,2014,241.1000000000
omn,2015,241.1000000000
omn,2016,241.1000000000
omn,2017,279.0000000000
omn,2018,279.0000000000
omn,2019,279.0000000000
pak,2014,308.4000000000
pak,2015,308.4000000000
pak,2016,308.4000000000
pak,2017,288.0000000000
pak,2018,288.0000000000
pak,2019,288.0000000000
plw,2014,505.0000000000
plw,2015,505.0000000000
plw,2016,505.0000000000
plw,2017,505.0000000000
plw,2018,505.0000000000
plw,2019,505.0000000000
pan,2014,270.0000000000
pan,2015,270.0000000000
pan,2016,270.0000000000
pan,2017,270.0000000000
pan,2018,270.0000000000
pan,2019,270.0000000000
png,2014,660.0000000000
png,2015,660.0000000000
png,2016,660.0000000000
png,2017,660.0000000000
png,2018,660.0000000000
png,2019,700.0000000000
pry,2014,815.0000000000
pry,2015,815.0000000000
pry,2016,815.0000000000
pry,2017,815.0000000000
pry,2018,815.0000000000
pry,2019,815.0000000000
per,2014,630.0000000000
per,2015,630.0000000000
per,2016,630.0000000000
per,2017,630.0000000000
per,2018,630.0000000000
per,2019,630.0000000000
phl,2014,456.0000000000
phl,2015,456.0000000000
phl,2016,456.0000000000
phl,2017,456.0000000000
phl,2018,456.0000000000
phl,2019,456.0000000000
pol,2014,0.0000000000
pol,2015,0.0000000000
pol,2016,0.0000000000
pol,2017,0.0000000000
pol,2018,0.0000000000
pol,2019,0.0000000000
prt,2014,0.0000000000
prt,2015,0.0000000000
prt,2016,0.0000000000
prt,2017,0.0000000000
prt,2018,0.0000000000
prt,2019,0.0000000000
pri,2014,385.7000000000
pri,2015,385.7000000000
pri,2016,385.7000000000
pri,2017,385.7000000000
pri,2018,385.7000000000
pri,2019,385.7000000000
qat,2014,381.7000000000
qat,2015,381.7000000000
qat,2016,381.7000000000
qat,2017,381.7000000000
qat,2018,381.7000000000
qat,2019,381.7000000000
rou,2014,0.0000000000
rou,2015,0.0000000000
rou,2016,0.0000000000
rou,2017,0.0000000000
rou,2018,0.0000000000
rou,2019,0.0000000000
rus,2014,680.0000000000
rus,2015,680.0000000000
rus,2016,680.0000000000
rus,2017,580.0000000000
rus,2018,580.0000000000
rus,2019,580.0000000000
rwa,2014,183.3000000000
rwa,2015,183.3000000000
rwa,2016,183.3000000000
rwa,2017,183.3000000000
rwa,2018,183.3000000000
rwa,2019,183.3000000000
wsm,2014,1400.0000000000
wsm,2015,1400.0000000000
wsm,2016,1400.0000000000
wsm,2017,1400.0000000000
wsm,2018,1400.0000000000
wsm,2019,1400.0000000000
smr,2014,0.0000000000
smr,2015,0.0000000000
smr,2016,0.0000000000
smr,2017,0.0000000000
smr,2018,0.0000000000
smr,2019,0.0000000000
stp,2014,426.3000000000
stp,2015,426.3000000000
stp,2016,426.3000000000
stp,2017,426.3000000000
stp,2018,426.3000000000
stp,2019,426.3000000000
sau,2014,363.0000000000
sau,2015,363.0000000000
sau,2016,363.0000000000
sau,2017,363.0000000000
sau,2018,363.0000000000
sau,2019,319.0000000000
sen,2014,546.7000000000
sen,2015,546.7000000000
sen,2016,546.7000000000
sen,2017,546.7000000000
sen,2018,546.7000000000
sen,2019,546.7000000000
srb,2014,47.3000000000
srb,2015,47.3000000000
srb,2016,47.3000000000
srb,2017,47.3000000000
srb,2018,47.3000000000
srb,2019,47.3000000000
syc,2014,332.3000000000
syc,2015,332.3000000000
syc,2016,332.3000000000
syc,2017,332.3000000000
syc,2018,332.3000000000
syc,2019,332.3000000000
sle,2014,551.9000000000
sle,2015,551.9000000000
sle,2016,551.9000000000
sle,2017,551.9000000000
sle,2018,551.9000000000
sle,2019,551.9000000000
sgp,2014,335.0000000000
sgp,2015,335.0000000000
sgp,2016,335.0000000000
sgp,2017,335.0000000000
sgp,2018,335.0000000000
sgp,2019,335.0000000000
svk,2014,0.0000000000
svk,2015,0.0000000000
svk,2016,0.0000000000
svk,2017,0.0000000000
svk,2018,0.0000000000
svk,2019,0.0000000000
svn,2014,0.0000000000
svn,2015,0.0000000000
svn,2016,0.0000000000
svn,2017,0.0000000000
svn,2018,0.0000000000
svn,2019,0.0000000000
slb,2014,630.0000000000
slb,2015,630.0000000000
slb,2016,630.0000000000
slb,2017,630.0000000000
slb,2018,630.0000000000
slb,2019,630.0000000000
som,2015,495.0000000000
som,2016,495.0000000000
som,2017,495.0000000000
som,2018,495.0000000000
som,2019,495.0000000000
zaf,2014,1257.0000000000
zaf,2015,1257.0000000000
zaf,2016,1257.0000000000
zaf,2017,1257.0000000000
zaf,2018,1257.0000000000
zaf,2019,1257.0000000000
ssd,2014,762.5000000000
ssd,2015,762.5000000000
ssd,2016,762.5000000000
ssd,2017,762.5000000000
ssd,2018,762.5000000000
ssd,2019,762.5000000000
esp,2014,0.0000000000
esp,2015,0.0000000000
esp,2016,0.0000000000
esp,2017,0.0000000000
esp,2018,0.0000000000
esp,2019,0.0000000000
lka,2014,366.1000000000
lka,2015,366.1000000000
lka,2016,366.1000000000
lka,2017,366.1000000000
lka,2018,366.1000000000
lka,2019,366.1000000000
kna,2014,335.0000000000
kna,2015,335.0000000000
kna,2016,335.0000000000
kna,2017,335.0000000000
kna,2018,335.0000000000
kna,2019,335.0000000000
lca,2014,717.5000000000
lca,2015,717.5000000000
lca,2016,717.5000000000
lca,2017,717.5000000000
lca,2018,717.5000000000
lca,2019,717.5000000000
vct,2014,340.0000000000
vct,2015,340.0000000000
vct,2016,340.0000000000
vct,2017,340.0000000000
vct,2018,340.0000000000
vct,2019,340.0000000000
sdn,2014,966.5000000000
sdn,2015,966.5000000000
sdn,2016,966.5000000000
sdn,2017,966.5000000000
sdn,2018,966.5000000000
sdn,2019,966.5000000000
sur,2014,347.5000000000
sur,2015,347.5000000000
sur,2016,467.5000000000
sur,2017,467.5000000000
sur,2018,467.5000000000
sur,2019,467.5000000000
swe,2014,55.0000000000
swe,2015,55.0000000000
swe,2016,55.0000000000
swe,2017,55.0000000000
swe,2018,55.0000000000
swe,2019,55.0000000000
che,2014,115.0000000000
che,2015,115.0000000000
che,2016,115.0000000000
che,2017,115.0000000000
che,2018,115.0000000000
che,2019,115.0000000000
syr,2014,1112.5000000000
syr,2015,1112.5000000000
syr,2016,1112.5000000000
syr,2017,1112.5000000000
syr,2018,1112.5000000000
syr,2019,1112.5000000000
tjk,2014,313.3000000000
tjk,2015,313.3000000000
tjk,2016,313.3000000000
tjk,2017,313.3000000000
tjk,2018,313.3000000000
tjk,2019,313.3000000000
tza,2014,1175.0000000000
tza,2015,1175.0000000000
tza,2016,1175.0000000000
tza,2017,1175.0000000000
tza,2018,1175.0000000000
tza,2019,1175.0000000000
tha,2014,222.6000000000
tha,2015,222.6000000000
tha,2016,222.6000000000
tha,2017,222.6000000000
tha,2018,222.6000000000
tha,2019,222.6000000000
tls,2014,350.0000000000
tls,2015,350.0000000000
tls,2016,350.0000000000
tls,2017,350.0000000000
tls,2018,350.0000000000
tls,2019,350.0000000000
tgo,2014,162.5000000000
tgo,2015,162.5000000000
tgo,2016,162.5000000000
tgo,2017,162.5000000000
tgo,2018,162.5000000000
tgo,2019,162.5000000000
ton,2014,201.0000000000
ton,2015,201.0000000000
ton,2016,201.0000000000
ton,2017,201.0000000000
ton,2018,201.0000000000
ton,2019,201.0000000000
tto,2014,423.5000000000
tto,2015,423.5000000000
tto,2016,498.5000000000
tto,2017,498.5000000000
tto,2018,498.5000000000
tto,2019,498.5000000000
tun,2014,374.8000000000
tun,2015,374.8000000000
tun,2016,374.8000000000
tun,2017,374.8000000000
tun,2018,374.8000000000
tun,2019,374.8000000000
tur,2014,356.4000000000
tur,2015,356.4000000000
tur,2016,356.4000000000
tur,2017,356.4000000000
tur,2018,338.0000000000
tur,2019,338.0000000000
uga,2014,209.4000000000
uga,2015,209.4000000000
uga,2016,209.4000000000
uga,2017,209.4000000000
uga,2018,209.4000000000
uga,2019,209.4000000000
ukr,2014,75.0000000000
ukr,2015,75.0000000000
ukr,2016,75.0000000000
ukr,2017,75.0000000000
ukr,2018,75.0000000000
ukr,2019,75.0000000000
are,2014,461.7000000000
are,2015,461.7000000000
are,2016,461.7000000000
are,2017,461.7000000000
are,2018,461.7000000000
are,2019,461.7000000000
gbr,2014,280.0000000000
gbr,2015,280.0000000000
gbr,2016,280.0000000000
gbr,2017,280.0000000000
gbr,2018,280.0000000000
gbr,2019,280.0000000000
usa,2014,175.0000000000
usa,2015,175.0000000000
usa,2016,175.0000000000
usa,2017,175.0000000000
usa,2018,175.0000000000
usa,2019,175.0000000000
ury,2014,1038.0000000000
ury,2015,1038.0000000000
ury,2016,1038.0000000000
ury,2017,1038.0000000000
ury,2018,1038.0000000000
ury,2019,1038.0000000000
uzb,2014,277.9000000000
uzb,2015,277.9000000000
uzb,2016,277.9000000000
uzb,2017,277.9000000000
uzb,2018,277.9000000000
uzb,2019,277.9000000000
vut,2014,709.0000000000
vut,2015,709.0000000000
vut,2016,709.0000000000
vut,2017,709.0000000000
vut,2018,709.0000000000
vut,2019,709.0000000000
ven,2014,1250.0000000000
ven,2015,1250.0000000000
ven,2016,1250.0000000000
ven,2017,1250.0000000000
ven,2018,1250.0000000000
vnm,2014,309.1000000000
vnm,2015,309.1000000000
vnm,2016,309.1000000000
vnm,2017,290.0000000000
vnm,2018,290.0000000000
vnm,2019,290.0000000000
pse,2014,51.1000000000
pse,2015,51.1000000000
pse,2016,51.1000000000
pse,2017,51.1000000000
pse,2018,51.1000000000
pse,2019,51.1000000000
zmb,2014,370.0000000000
zmb,2015,370.0000000000
zmb,2016,370.0000000000
zmb,2017,370.0000000000
zmb,2018,370.0000000000
zmb,2019,370.0000000000
zwe,2014,285.0000000000
zwe,2015,285.0000000000
zwe,2016,285.0000000000
zwe,2017,285.0000000000
zwe,2018,285.0000000000
zwe,2019,285.0000000000
