country,year,sl_tlf_cact_ma_ne_zs
arb,2007,73.2414315604
arb,2008,73.1486429642
arb,2009,71.0779638778
arb,2012,72.4533288933
arb,2014,71.7640210211
css,1960,77.8048949463
css,1970,78.5182743934
css,1980,72.6695228120
css,1990,75.4751920161
css,1991,70.0284642310
css,1994,73.9953427560
css,1995,75.3406743283
css,1996,74.2153768046
css,1997,75.2258962180
css,1998,74.4590306313
css,1999,73.5155829698
css,2001,74.4592203647
css,2002,74.4744652921
css,2009,73.2080700840
css,2010,71.6596754294
css,2011,71.5402619624
css,2012,71.6002286512
css,2013,71.8754280099
css,2014,71.5130386804
css,2015,71.3891142999
css,2016,71.3272401583
ceb,1992,67.9796093681
ceb,1995,68.8686895289
ceb,1996,67.7459146717
ceb,1997,66.6083428776
ceb,1998,65.9303585857
ceb,1999,66.5202199489
ceb,2000,65.0277265110
ceb,2001,64.6075632626
ceb,2002,63.1594922757
ceb,2003,62.4494055872
ceb,2004,62.4603903474
ceb,2005,62.3756360691
ceb,2006,62.4688342907
ceb,2007,62.7213964537
ceb,2008,63.0971348794
ceb,2009,63.1948085504
ceb,2010,63.4952384299
ceb,2011,63.2619310285
ceb,2012,63.6627822403
ceb,2013,63.8784472212
ceb,2014,64.3753100017
ceb,2015,64.4918446358
ceb,2016,64.4983555907
ceb,2017,65.1481010816
ceb,2018,65.2484492876
ear,1961,87.5550717686
ear,1991,79.9951558211
ear,1994,82.1844657595
ear,2000,80.1225186060
ear,2001,78.0926859764
ear,2005,79.9632885248
ear,2010,78.1310033262
ear,2012,77.9449907385
ear,2018,75.6161000454
eas,1982,85.2686526363
eas,1990,83.0971076747
eas,2000,81.5841462132
eas,2010,77.8059640493
eap,1982,86.5077795373
eap,1990,84.1868072730
eap,2000,82.5452052598
eap,2010,78.6543845803
tea,1982,86.5077795373
tea,1990,84.1868072730
tea,2000,82.5452052598
tea,2010,78.6543845803
emu,1981,69.2732048610
emu,1983,69.8719674518
emu,1984,69.8372884820
emu,1985,69.1140525874
emu,1986,68.9738370846
emu,1987,68.5401843728
emu,1988,68.1261381128
emu,1989,67.9876740869
emu,1990,68.2158575790
emu,1991,68.1292350942
emu,1992,67.2191437620
emu,1993,66.6133494419
emu,1994,66.2136045341
emu,1995,65.5874365464
emu,1996,65.4076821269
emu,1997,65.2958473152
emu,1998,65.4371331717
emu,1999,65.4054337576
emu,2000,65.2727884660
emu,2001,64.9917696470
emu,2002,65.0894559617
emu,2003,65.1402107861
emu,2004,64.8610380722
emu,2005,65.0813680375
emu,2006,65.0816755421
emu,2007,65.0997078213
emu,2008,65.1413160608
emu,2009,64.6963683551
emu,2010,64.3493928368
emu,2011,64.1184134214
emu,2012,64.1121405963
emu,2013,63.7785092262
emu,2014,63.4882115151
emu,2015,63.3032232251
emu,2016,63.4047773851
emu,2017,63.4192834918
emu,2018,63.4403235024
ecs,1989,71.8082055503
ecs,1992,71.2507865025
ecs,1993,70.4571368862
ecs,1994,69.6275749568
ecs,1995,69.3675741419
ecs,1996,68.0668279805
ecs,1997,67.4027382205
ecs,1998,67.6868593114
ecs,1999,68.1412523324
ecs,2000,67.8280545348
ecs,2001,67.3907900734
ecs,2002,66.6606824897
ecs,2003,66.2404670689
ecs,2004,66.1778395383
ecs,2005,66.1828346134
ecs,2006,66.0223205840
ecs,2007,66.9600874408
ecs,2008,67.4480416125
ecs,2009,67.3282115864
ecs,2010,67.3343363412
ecs,2011,67.5531039925
ecs,2012,67.6037289576
ecs,2013,67.3408030820
ecs,2014,67.5000640308
ecs,2015,67.6744038576
ecs,2016,67.7089360271
ecs,2017,67.1967795383
ecs,2018,66.9077931180
eca,1989,74.8386582007
eca,1995,73.6549673827
eca,1997,69.3639444998
eca,1998,70.2848926898
eca,1999,71.2003963863
eca,2000,71.2809751005
eca,2001,70.0786346782
eca,2002,68.0111602544
eca,2003,67.0169358566
eca,2004,67.1936832647
eca,2005,66.9063405272
eca,2006,66.4702159112
eca,2007,68.8396892155
eca,2008,69.8136126165
eca,2009,69.9898374784
eca,2010,70.8571559930
eca,2011,71.1648428981
eca,2012,71.1467827377
eca,2013,71.3509518440
eca,2014,71.5380797611
eca,2015,72.0158682717
eca,2016,71.8716613808
eca,2017,70.6650924453
eca,2018,70.2407504869
tec,1995,72.8063245955
tec,1997,68.8900016262
tec,1998,69.2958907059
tec,1999,70.4063372261
tec,2000,70.1530711202
tec,2001,69.2280116696
tec,2002,67.3947665853
tec,2003,66.4003073637
tec,2004,66.5993037954
tec,2005,66.3642022471
tec,2006,65.9233284999
tec,2007,68.0152224197
tec,2008,68.9807305740
tec,2009,69.2252909354
tec,2010,69.8739160643
tec,2011,70.2982097556
tec,2012,70.3177257673
tec,2013,70.3909832710
tec,2014,70.7101501747
tec,2015,71.1504901799
tec,2016,71.0414772333
tec,2017,70.0013540242
tec,2018,69.5339240609
euu,1983,70.7105838926
euu,1984,70.6476799733
euu,1985,69.9287005744
euu,1986,70.0438933276
euu,1987,69.6334324224
euu,1988,69.3421264013
euu,1989,69.0882891917
euu,1990,68.4684823050
euu,1991,68.1041958874
euu,1992,67.6052789251
euu,1993,67.1619603158
euu,1994,66.6475501035
euu,1995,66.4427073236
euu,1996,65.9206879185
euu,1997,65.5892773766
euu,1998,65.5273660716
euu,1999,65.6748502512
euu,2000,65.2320388689
euu,2001,64.9652642088
euu,2002,64.6935477958
euu,2003,64.5581427161
euu,2004,64.3559349618
euu,2005,64.5146631108
euu,2006,64.5465870325
euu,2007,64.6159087955
euu,2008,64.7446128078
euu,2009,64.4189410984
euu,2010,64.3707560347
euu,2011,64.1283766655
euu,2012,64.1993448310
euu,2013,63.9872863035
euu,2014,63.8845585693
euu,2015,63.7700751474
euu,2016,63.8608909220
euu,2017,64.0084099124
euu,2018,64.0455161031
hic,1979,72.6338438787
hic,1980,73.9264448691
hic,1981,75.1861247032
hic,1982,75.0808396201
hic,1983,74.3424404106
hic,1984,74.1887844172
hic,1985,73.7960661178
hic,1986,73.7308111679
hic,1987,73.5240144663
hic,1988,73.2794281473
hic,1989,73.3896076560
hic,1990,73.2320995202
hic,1991,72.8535516092
hic,1992,72.7811280781
hic,1993,72.1867180393
hic,1994,71.9189591954
hic,1995,71.5993293201
hic,1996,71.3049834705
hic,1997,71.2341939903
hic,1998,70.9416863357
hic,1999,70.9187841639
hic,2000,70.7352350154
hic,2001,70.4481357245
hic,2002,70.1997769389
hic,2003,69.8978858089
hic,2004,69.6401314984
hic,2005,69.8791798541
hic,2006,69.8606119593
hic,2007,69.8476306336
hic,2008,69.9467639531
hic,2009,69.5163168428
hic,2010,68.7998148309
hic,2011,68.6172587874
hic,2012,68.5554835258
hic,2013,68.3587690477
hic,2014,68.1819619799
hic,2015,68.1443181176
hic,2016,68.6883877101
hic,2017,68.4897500769
hic,2018,68.6343706619
ibd,2000,79.9780318271
ibd,2010,77.6666102939
ibt,2000,80.2190752194
ibt,2010,77.6155134280
idb,1983,82.7098125111
idb,1986,82.1394056957
idb,1991,77.9893932279
idb,2004,71.4326783597
idb,2011,72.6668574330
idb,2013,70.4330696234
lte,1982,86.1214560158
lte,1990,84.5163304112
lte,2000,80.3073099198
lte,2010,77.1666073026
lcn,1960,88.1427732111
lcn,1970,81.5276011741
lcn,1980,80.5228538741
lcn,1988,74.9000261037
lcn,1989,81.6143411838
lcn,1990,80.1755272732
lcn,1991,81.0108368871
lcn,1992,81.4060186505
lcn,1993,80.7879669224
lcn,1995,80.9286926063
lcn,1996,78.1773449658
lcn,1997,80.6827060041
lcn,1998,80.8638785729
lcn,1999,80.0625501842
lcn,2001,79.4386048610
lcn,2002,79.5832417823
lcn,2003,78.8703091036
lcn,2004,78.6608986368
lcn,2005,79.0969619631
lcn,2006,78.8529156134
lcn,2007,77.6693391068
lcn,2008,78.6049289177
lcn,2009,78.5937983614
lcn,2011,77.6815705988
lcn,2012,77.1079500388
lcn,2013,77.1079695314
lcn,2014,76.6401507442
lcn,2015,76.5353684738
lcn,2016,76.3913481364
lcn,2017,75.9714630810
lcn,2018,75.2831093487
lac,1960,88.8195662358
lac,1970,81.9889369986
lac,1980,81.3549529963
lac,1989,82.0003686133
lac,1990,80.8682280210
lac,1991,81.6361736168
lac,1992,81.9999641270
lac,1993,81.2354639980
lac,1995,81.4784665568
lac,1996,78.4266966534
lac,1997,81.0797193783
lac,1998,81.3344245470
lac,1999,80.5638422169
lac,2001,79.7224400237
lac,2002,80.0678009158
lac,2003,79.3501637143
lac,2004,79.1165192709
lac,2005,79.5795035194
lac,2006,79.2964096798
lac,2007,78.0053356978
lac,2008,78.9892278756
lac,2009,78.8243857124
lac,2011,78.0790552849
lac,2012,77.4687292150
lac,2013,77.3084234635
lac,2014,76.8294360017
lac,2015,76.9674216665
lac,2016,76.6253926561
lac,2017,76.1550845169
lac,2018,75.4623544705
tla,1960,88.5603086861
tla,1970,82.1165949349
tla,1980,80.8475889263
tla,1989,81.6417532565
tla,1990,80.3900594277
tla,1991,81.2230857699
tla,1992,81.6305324323
tla,1993,80.9690235252
tla,1995,81.1442831199
tla,1996,78.3382943887
tla,1997,80.8737608603
tla,1998,81.0533759603
tla,1999,80.2743540943
tla,2001,79.4393340067
tla,2002,79.7619303989
tla,2003,79.0454593738
tla,2004,79.5004672332
tla,2005,79.2519292649
tla,2006,79.6980793716
tla,2007,78.3931694466
tla,2008,79.0526832201
tla,2009,78.8298882851
tla,2011,78.0675884651
tla,2012,77.0096695249
tla,2013,76.8780799839
tla,2014,76.6450333256
tla,2015,76.7346195154
tla,2016,76.3947474792
tla,2017,75.9714630810
tla,2018,75.2872824886
lmy,2000,80.4471409297
lmy,2010,77.7512952528
lmc,1961,87.4469837793
lmc,1991,80.5511139811
lmc,1994,83.1805404888
lmc,2000,81.2621491766
lmc,2001,78.2345975088
lmc,2005,80.2983912875
lmc,2010,79.4210145438
lmc,2012,78.7095420972
lmc,2018,76.2147396150
mea,2007,72.6413310772
mea,2008,72.5409620423
mea,2009,70.5663995712
mea,2010,71.6753611451
mea,2013,70.2212088791
mea,2014,70.9841081208
mea,2015,71.4059019469
mea,2016,72.8375081941
mea,2017,70.9584179631
mna,2005,74.3103934369
mna,2007,72.1460316279
mna,2008,71.3715740293
mna,2009,68.7522541257
mna,2010,71.1231852577
mna,2013,68.8498973905
mna,2014,69.7448776136
mna,2015,69.6519624069
mna,2016,69.8696841017
mna,2017,67.8768303570
tmn,2005,74.4421563645
tmn,2007,72.2286215317
tmn,2008,71.4653128995
tmn,2009,68.8012540765
tmn,2010,71.1840781218
tmn,2013,68.8690126864
tmn,2014,69.7732696517
tmn,2015,69.6526567256
tmn,2016,69.8712014482
tmn,2017,67.8442409167
mic,2000,80.4643393667
mic,2010,77.8799189745
nac,1960,83.3000030518
nac,1961,82.4762640492
nac,1962,82.0000000000
nac,1963,81.4000015259
nac,1964,81.0000000000
nac,1965,80.6999969482
nac,1966,80.4000015259
nac,1967,80.4000015259
nac,1968,80.0999984741
nac,1969,79.8000030518
nac,1970,79.6999969482
nac,1971,78.8410655034
nac,1972,78.9000015259
nac,1973,78.8000030518
nac,1974,78.6999969482
nac,1975,77.9000015259
nac,1976,77.5168993294
nac,1977,77.6860355907
nac,1978,77.9026673375
nac,1979,77.8547947369
nac,1980,77.4927570338
nac,1981,77.1439796666
nac,1982,76.6445835842
nac,1983,76.4462163242
nac,1984,76.4294885023
nac,1985,76.3426974975
nac,1986,76.3552130901
nac,1987,76.2651136089
nac,1988,76.2430407164
nac,1989,76.4370259402
nac,1990,76.3711953632
nac,1991,75.7224498720
nac,1992,75.6012779978
nac,1993,75.1870216274
nac,1994,74.9167975235
nac,1995,74.7864546138
nac,1996,74.7398904494
nac,1997,74.7950157200
nac,1998,74.6075170199
nac,1999,74.4823400946
nac,2000,74.5596832786
nac,2001,74.2206437451
nac,2002,73.9904596301
nac,2003,73.4981813847
nac,2004,73.3099759752
nac,2005,73.2691627290
nac,2006,73.3465262636
nac,2007,73.1522070282
nac,2008,72.9306097534
nac,2009,71.9476437244
nac,2010,71.2230480212
nac,2011,70.5714397454
nac,2012,70.2483943875
nac,2013,69.8477718239
nac,2014,69.3549815938
nac,2015,69.2111984391
nac,2016,69.3014898318
nac,2017,69.1837974168
nac,2018,69.1161206395
nac,2019,69.2532294162
oed,1979,72.7914789392
oed,1980,74.8374211124
oed,1981,75.1430233594
oed,1983,74.2668289582
oed,1984,74.1454313749
oed,1985,74.1596958946
oed,1986,73.6743532370
oed,1987,73.4875336516
oed,1988,72.3428250324
oed,1989,73.6348376790
oed,1990,73.6851263503
oed,1991,73.9373049041
oed,1992,73.7153356348
oed,1993,73.2407600666
oed,1994,72.9491891557
oed,1995,72.5113447099
oed,1996,72.3483388630
oed,1997,72.2925221355
oed,1998,72.1709054602
oed,1999,71.9317380963
oed,2000,71.6615116983
oed,2001,71.2820835747
oed,2002,70.9715033643
oed,2003,70.6816149774
oed,2004,70.4574437692
oed,2005,70.5825222152
oed,2006,70.5593422833
oed,2007,70.4745857299
oed,2008,70.4215522953
oed,2009,69.8289409485
oed,2010,69.5336986338
oed,2011,69.3055233181
oed,2012,69.1935190460
oed,2013,68.9693020947
oed,2014,68.7795112488
oed,2015,68.7113739068
oed,2016,68.8002819884
oed,2017,68.8138678991
oed,2018,68.8634532778
pst,1979,71.5635244878
pst,1980,73.9771109107
pst,1981,75.2646892301
pst,1982,75.2803506297
pst,1983,74.4409172425
pst,1984,74.2917269244
pst,1985,73.7979660421
pst,1986,73.7642546890
pst,1987,73.5996712396
pst,1988,73.2312149116
pst,1989,73.0335345982
pst,1990,73.2543272695
pst,1991,72.8099246768
pst,1992,72.6189139377
pst,1993,72.2418330093
pst,1994,71.9618764280
pst,1995,71.7049234110
pst,1996,71.4642403051
pst,1997,71.0028693410
pst,1998,71.1321617291
pst,1999,70.8026769987
pst,2000,70.8071602086
pst,2001,70.3564834568
pst,2002,70.1918386405
pst,2003,69.9426879032
pst,2004,69.4912738544
pst,2005,69.7876024037
pst,2006,69.4660977708
pst,2007,69.4650160742
pst,2008,69.5953377031
pst,2009,69.0664005704
pst,2010,68.6944500631
pst,2011,68.4056310172
pst,2012,68.5535209688
pst,2013,68.1270442459
pst,2014,67.7326337414
pst,2015,67.7456821436
pst,2016,67.7832506978
pst,2017,67.7617420367
pst,2018,67.8338620865
sas,1961,87.4313239673
sas,1971,85.4986205139
sas,1981,85.9541927252
sas,1991,81.3807985067
sas,1994,83.8360212905
sas,2000,83.1422908266
sas,2001,78.2231348977
sas,2005,82.5673833474
sas,2010,79.8809869156
sas,2012,78.9676765964
sas,2018,75.3273387846
tsa,1961,87.4313239673
tsa,1971,85.4986205139
tsa,1981,85.9541927252
tsa,1991,81.3807985067
tsa,1994,83.8360212905
tsa,2000,83.1422908266
tsa,2001,78.2231348977
tsa,2005,82.5673833474
tsa,2010,79.8809869156
tsa,2012,78.9676765964
tsa,2018,75.3273387846
umc,1990,84.0556925930
umc,2000,79.7816752637
umc,2010,76.4607827433
wld,2000,78.1494929377
wld,2010,75.8609564795
afg,1979,96.7799987793
afg,2008,82.0362014771
afg,2012,77.0469970703
afg,2017,73.1635971069
alb,1960,53.0699996948
alb,1989,49.8100013733
alb,1990,50.7799987793
alb,1991,50.1100006104
alb,1992,49.2099990845
alb,1993,48.6100006104
alb,1995,48.2000007629
alb,1996,47.0400009155
alb,1997,74.4000015259
alb,1998,73.9000015259
alb,1999,72.0000000000
alb,2000,67.8000030518
alb,2002,71.1800003052
alb,2003,42.8800010681
alb,2004,42.3499984741
alb,2005,41.7999992371
alb,2006,41.5600013733
alb,2007,61.1222000122
alb,2008,61.4514999390
alb,2009,64.7017974854
alb,2010,63.9715003967
alb,2011,67.5375976562
alb,2012,65.2791976929
alb,2013,61.6646995544
alb,2014,63.5400009155
alb,2015,64.2799987793
alb,2017,66.8199996948
dza,1966,82.5699996948
dza,1975,80.4199981689
dza,1977,71.8300018311
dza,1983,33.7599983215
dza,1984,68.4199981689
dza,1985,69.4199981689
dza,1987,76.4000015259
dza,1996,77.4599990845
dza,1997,47.3199996948
dza,2000,46.9500007629
dza,2009,68.6600036621
dza,2010,68.8600006104
dza,2012,67.8000030518
dza,2013,69.5000000000
dza,2014,66.2317962646
dza,2015,66.8317031860
dza,2016,66.4868011475
dza,2017,60.0099983215
asm,1960,68.2399978638
asm,1970,25.2199993134
asm,1974,68.5199966431
asm,1980,53.3699989319
asm,1990,58.8400001526
ago,1960,89.3000030518
ago,2004,74.4658966064
ago,2009,73.8500976562
ago,2010,79.0299987793
ago,2011,79.9497985840
ago,2014,61.0600013733
atg,1960,45.4500007629
atg,1970,87.3499984741
atg,1991,80.0400009155
atg,2001,78.2300033569
arg,1960,84.2900009155
arg,1970,81.0500030518
arg,1977,78.1100006104
arg,1978,77.6999969482
arg,1979,77.2699966431
arg,1980,76.3799972534
arg,1983,80.3600006104
arg,1985,79.6399993896
arg,1987,79.5100021362
arg,1989,78.7699966431
arg,1990,78.6800003052
arg,1991,75.0800018311
arg,1992,67.0999984741
arg,1993,67.3000030518
arg,1994,67.6999969482
arg,1995,76.1800003052
arg,1996,76.3000030518
arg,1997,76.0000000000
arg,1998,76.3000030518
arg,1999,76.0999984741
arg,2000,73.3399963379
arg,2001,72.5999984741
arg,2002,72.0999984741
arg,2003,73.3000030518
arg,2004,75.1336975098
arg,2005,75.2022018433
arg,2006,75.0699996948
arg,2007,74.9000015259
arg,2008,73.9953002930
arg,2009,73.9067993164
arg,2010,73.8660964966
arg,2011,74.4311981201
arg,2012,73.7555007935
arg,2013,73.3395996094
arg,2014,72.4542007446
arg,2017,70.9207992554
arg,2018,71.0066986084
arm,1997,68.7200012207
arm,2000,40.9900016785
arm,2007,66.4607009888
arm,2008,64.2432022095
arm,2009,69.0000000000
arm,2010,72.3000030518
arm,2011,70.0633010864
arm,2012,59.1402015686
arm,2013,70.0354003906
arm,2014,73.0677032471
arm,2015,72.3730010986
arm,2016,70.9273986816
arm,2017,70.5697021484
abw,1960,79.6699981689
abw,1972,72.7399978638
abw,1981,75.0500030518
abw,1991,73.3899993896
abw,2000,71.7500000000
abw,2007,73.6399993896
abw,2010,68.9199981689
abw,2011,69.5999984741
aus,1961,85.6699981689
aus,1966,83.9000015259
aus,1971,80.3099975586
aus,1976,79.3399963379
aus,1979,78.4427032471
aus,1980,78.3412017822
aus,1981,78.0484008789
aus,1982,77.4307022095
aus,1983,76.7138977051
aus,1984,76.2547988892
aus,1985,75.7557983398
aus,1986,75.8616027832
aus,1987,75.3415985107
aus,1988,75.2369003296
aus,1989,75.4455032349
aus,1990,75.5929031372
aus,1991,74.6444015503
aus,1992,74.1340026855
aus,1993,73.5473022461
aus,1994,73.6084976196
aus,1995,73.8086013794
aus,1996,73.5792999268
aus,1997,73.0037994385
aus,1998,72.6986007690
aus,1999,72.2404022217
aus,2000,72.0948028564
aus,2001,71.8634033203
aus,2002,71.7901992798
aus,2003,71.5410995483
aus,2004,71.5114974976
aus,2005,72.0873031616
aus,2006,72.2378005981
aus,2007,72.5106964111
aus,2008,72.6196975708
aus,2009,72.3041992188
aus,2010,72.3611984253
aus,2011,72.1691970825
aus,2012,71.7251968384
aus,2013,71.3872985840
aus,2014,70.9493026733
aus,2015,71.0869979858
aus,2016,70.5991973877
aus,2017,70.6889038086
aus,2018,70.9588012695
aus,2019,71.1192016602
aut,1961,80.0100021362
aut,1971,74.2200012207
aut,1980,69.0999984741
aut,1981,72.6600036621
aut,1982,71.7799987793
aut,1983,70.8399963379
aut,1984,70.8600006104
aut,1985,70.5299987793
aut,1986,70.5699996948
aut,1987,70.4100036621
aut,1988,69.5500030518
aut,1989,69.3199996948
aut,1990,69.4199981689
aut,1991,69.5500030518
aut,1992,69.6100006104
aut,1993,69.2900009155
aut,1994,70.5770034790
aut,1995,70.4722976685
aut,1996,69.8118972778
aut,1997,69.1041030884
aut,1998,69.2780990601
aut,1999,69.3762969971
aut,2000,68.8973999023
aut,2001,67.9251022339
aut,2002,68.1122970581
aut,2003,68.2416992188
aut,2004,65.1320037842
aut,2005,66.4007034302
aut,2006,66.7404022217
aut,2007,67.5679016113
aut,2008,67.4714965820
aut,2009,67.3216018677
aut,2010,67.0973968506
aut,2011,66.9039993286
aut,2012,66.9261016846
aut,2013,66.9272003174
aut,2014,66.4284973145
aut,2015,66.4039993286
aut,2016,66.7789993286
aut,2017,66.8081970215
aut,2018,67.1135025024
aze,1989,51.2400016785
aze,1993,78.7200012207
aze,1996,51.8300018311
aze,1997,50.1699981689
aze,1998,50.0699996948
aze,1999,72.9700012207
aze,2000,82.6999969482
aze,2001,80.5999984741
aze,2002,78.5999984741
aze,2003,76.6999969482
aze,2004,74.5000000000
aze,2005,73.0999984741
aze,2006,72.0999984741
aze,2007,72.3399963379
aze,2008,71.0299987793
aze,2012,67.8000030518
aze,2013,68.0000000000
aze,2014,68.3000030518
aze,2015,68.5000000000
aze,2016,69.5000000000
aze,2017,69.6999969482
aze,2018,69.6999969482
bhs,1963,92.0199966431
bhs,1970,89.2300033569
bhs,1979,41.0400009155
bhs,1980,78.3899993896
bhs,1989,55.5299987793
bhs,1990,79.1800003052
bhs,1991,79.0999984741
bhs,1992,79.9000015259
bhs,1993,82.3000030518
bhs,1994,81.1600036621
bhs,1995,78.5000000000
bhs,1996,79.8000030518
bhs,1997,79.4000015259
bhs,1998,74.0899963379
bhs,1999,83.0999984741
bhs,2001,81.6999969482
bhs,2002,81.6999969482
bhs,2009,78.4000015259
bhs,2011,75.4199981689
bhs,2012,78.9300003052
bhs,2013,76.0999984741
bhr,1965,51.5699996948
bhr,1971,83.2799987793
bhr,1979,55.8699989319
bhr,1981,86.1200027466
bhr,1985,73.5400009155
bhr,1987,73.6299972534
bhr,1990,89.1999969482
bhr,1991,88.2300033569
bhr,1992,88.9000015259
bhr,1993,88.5999984741
bhr,1994,88.3000030518
bhr,1995,88.0000000000
bhr,1996,87.6999969482
bhr,1997,87.5000000000
bhr,1998,87.1999969482
bhr,1999,86.9000015259
bhr,2000,86.5999984741
bhr,2001,85.9599990845
bhr,2002,86.0999984741
bhr,2003,85.6999969482
bhr,2004,82.4899978638
bhr,2005,64.5000000000
bhr,2006,84.9300003052
bhr,2010,87.3300018311
bhr,2011,86.4199981689
bhr,2015,86.9400024414
bgd,1961,92.9700012207
bgd,1974,90.2099990845
bgd,1981,84.1200027466
bgd,1984,88.6800003052
bgd,1985,88.5800018311
bgd,1986,88.6100006104
bgd,1989,89.0999984741
bgd,1991,88.3300018311
bgd,1996,88.7600021362
bgd,2000,87.2200012207
bgd,2003,87.3899993896
bgd,2006,86.1905975342
bgd,2010,81.6157989502
bgd,2013,81.7718963623
bgd,2016,79.4000015259
bgd,2017,80.6738967896
brb,1960,50.7000007629
brb,1966,48.0099983215
brb,1970,81.2099990845
brb,1978,47.6699981689
brb,1980,78.0999984741
brb,1983,75.0299987793
brb,1986,74.5800018311
brb,1987,76.0000000000
brb,1988,75.2099990845
brb,1989,76.8799972534
brb,1990,75.6500015259
brb,1991,73.2500000000
brb,1992,74.0000000000
brb,1994,74.4300003052
brb,1995,74.4899978638
brb,1996,73.4400024414
brb,1997,73.9599990845
brb,1998,74.1600036621
brb,1999,74.7699966431
brb,2001,75.9599990845
brb,2002,74.7500000000
brb,2003,75.0999984741
brb,2004,75.4000015259
brb,2005,75.2099990845
brb,2006,73.5800018311
brb,2007,74.3300018311
brb,2008,73.3300018311
brb,2009,72.3399963379
brb,2010,71.8000030518
brb,2011,72.6800003052
brb,2012,71.9199981689
brb,2013,72.0400009155
brb,2014,67.7300033569
brb,2015,68.7099990845
brb,2016,70.6200027466
blr,1970,51.1199989319
blr,1989,76.3700027466
blr,1997,45.7999992371
blr,1999,65.6600036621
blr,2006,56.6300010681
blr,2007,57.2200012207
blr,2008,58.0800018311
blr,2009,68.8000030518
blr,2015,78.9000015259
blr,2016,75.1999969482
blr,2017,75.9000015259
blr,2018,76.0999984741
bel,1961,76.0000000000
bel,1970,71.7200012207
bel,1977,54.2599983215
bel,1979,54.4000015259
bel,1980,54.0699996948
bel,1981,52.1399993896
bel,1983,65.9384002686
bel,1984,64.4380035400
bel,1985,64.4877014160
bel,1986,63.7565002441
bel,1987,62.5527000427
bel,1988,61.6571998596
bel,1989,61.5213012695
bel,1990,61.0415992737
bel,1991,61.3981018066
bel,1992,61.1529006958
bel,1993,60.6204986572
bel,1994,61.1650009155
bel,1995,61.1800994873
bel,1996,60.9029006958
bel,1997,60.6618995667
bel,1998,60.6436004639
bel,1999,61.2276000977
bel,2000,61.5059013367
bel,2001,60.5071983337
bel,2002,60.3581008911
bel,2003,60.2784996033
bel,2004,60.3002014160
bel,2005,61.3805999756
bel,2006,60.8567008972
bel,2007,61.0850982666
bel,2008,60.8468017578
bel,2009,60.3754005432
bel,2010,60.7947998047
bel,2011,59.7149009705
bel,2012,59.7400016785
bel,2013,59.6657981873
bel,2014,59.2265014648
bel,2015,58.8872985840
bel,2016,58.7253990173
bel,2017,59.1646995544
bel,2018,59.0377998352
blz,1960,89.7399978638
blz,1970,44.8100013733
blz,1994,78.7699966431
blz,1996,47.2000007629
blz,1997,79.6999969482
blz,1998,78.5999984741
blz,1999,79.6999969482
blz,2005,48.9000015259
blz,2012,81.6399993896
blz,2013,78.8656005859
blz,2014,79.7565994263
blz,2015,79.2575988770
blz,2016,79.5083999634
blz,2017,79.4842987061
ben,1961,54.1899986267
ben,1975,92.3499984741
ben,1977,53.3300018311
ben,1979,86.0400009155
ben,1986,83.9100036621
ben,1992,89.4000015259
ben,1996,55.9099998474
ben,2001,66.6100006104
ben,2002,78.9300003052
ben,2003,76.3899993896
ben,2010,76.0800018311
ben,2011,74.3758010864
bmu,1970,88.5899963379
bmu,1976,91.6900024414
bmu,1980,87.6200027466
bmu,1991,82.3499984741
bmu,2000,79.5100021362
bmu,2009,86.0000000000
bmu,2010,87.0000000000
btn,2005,71.4700012207
btn,2006,72.1999969482
btn,2009,73.5800018311
btn,2010,72.8099975586
btn,2011,72.2399978638
btn,2012,65.6699981689
btn,2013,72.0999984741
btn,2014,71.0299987793
btn,2015,71.1800003052
bol,1976,85.7500000000
bol,1980,87.4599990845
bol,1981,86.8300018311
bol,1982,85.1800003052
bol,1985,82.9700012207
bol,1986,84.0100021362
bol,1987,84.9899978638
bol,1989,63.2500000000
bol,1990,84.6699981689
bol,1991,63.0000000000
bol,1992,80.4199981689
bol,1993,63.0000000000
bol,1994,64.0000000000
bol,1995,75.8399963379
bol,1996,74.1299972534
bol,1997,82.3000030518
bol,2000,82.2300033569
bol,2001,75.9000015259
bol,2002,83.5000000000
bol,2003,83.3000030518
bol,2004,83.3000030518
bol,2005,80.2205963135
bol,2006,82.3481979370
bol,2007,56.3899993896
bol,2008,82.1286010742
bol,2009,81.9228973389
bol,2011,82.3429031372
bol,2012,80.1548004150
bol,2013,80.2758026123
bol,2014,81.9030990601
bol,2015,79.8494033813
bol,2016,78.0098037720
bol,2017,78.4018020630
bol,2018,80.2910003662
bih,2006,55.3880996704
bih,2007,56.7966003418
bih,2008,55.9827995300
bih,2009,55.2485008240
bih,2010,55.9566001892
bih,2011,55.2434997559
bih,2012,55.8596000671
bih,2013,54.8390007019
bih,2014,54.5409011841
bih,2015,54.8403015137
bih,2016,54.6921005249
bih,2017,52.6875991821
bih,2018,52.9296989441
bih,2019,51.1063003540
bwa,1964,47.4300003052
bwa,1971,45.3499984741
bwa,1981,80.6399993896
bwa,1985,78.9800033569
bwa,1991,75.4300003052
bwa,1994,73.0999984741
bwa,1996,60.0600013733
bwa,1998,70.2699966431
bwa,2000,67.6200027466
bwa,2001,64.9499969482
bwa,2006,70.4300003052
bwa,2009,69.5932006836
bwa,2010,66.3300018311
bwa,2013,76.8199996948
bra,1960,88.7099990845
bra,1970,83.5800018311
bra,1973,86.9400024414
bra,1980,82.7300033569
bra,1985,85.0400009155
bra,1986,84.8899993896
bra,1987,85.7900009155
bra,1988,85.3399963379
bra,1989,84.9300003052
bra,1990,84.5699996948
bra,1991,84.5699996948
bra,1992,85.4199981689
bra,1993,84.9199981689
bra,1995,82.6448974609
bra,1996,80.5479965210
bra,1997,81.1968994141
bra,1998,80.7156982422
bra,1999,80.5492019653
bra,2001,79.9683990479
bra,2002,79.9869003296
bra,2003,79.6032028198
bra,2004,79.9569015503
bra,2005,80.0698013306
bra,2006,79.5938034058
bra,2007,79.1399993896
bra,2008,79.1294021606
bra,2009,79.0738983154
bra,2011,77.2549972534
bra,2012,74.4291000366
bra,2013,74.3030014038
bra,2014,73.9024963379
bra,2015,73.5575027466
bra,2016,73.2246017456
bra,2017,72.8675003052
bra,2018,72.5252990723
bra,2019,72.5600967407
vgb,1960,44.6599998474
vgb,1970,90.2099990845
vgb,1980,86.2600021362
vgb,1991,84.2799987793
vgb,1994,61.0499992371
brn,1960,86.1299972534
brn,1971,80.0999984741
brn,1978,83.4300003052
brn,1981,83.1200027466
brn,1986,80.0100021362
brn,1991,82.2200012207
brn,2001,79.3300018311
brn,2011,75.6999969482
brn,2014,72.4746017456
brn,2017,68.8925018311
brn,2018,72.7403030396
bgr,1965,76.8099975586
bgr,1975,70.3000030518
bgr,1992,60.7000007629
bgr,1997,56.9000015259
bgr,2000,56.2075004578
bgr,2001,56.7321014404
bgr,2002,56.0013999939
bgr,2003,55.4992980957
bgr,2004,56.0881004333
bgr,2005,55.4229011536
bgr,2006,56.6621017456
bgr,2007,58.1665992737
bgr,2008,59.7620010376
bgr,2009,59.0033988953
bgr,2010,59.4360008240
bgr,2011,58.2167015076
bgr,2012,58.7280006409
bgr,2013,59.6529998779
bgr,2014,60.0950012207
bgr,2015,60.0101013184
bgr,2016,59.4598999023
bgr,2017,61.6693992615
bgr,2018,61.9347991943
bfa,1975,91.1999969482
bfa,1985,91.8199996948
bfa,1991,88.9199981689
bfa,1994,84.1999969482
bfa,2005,93.0000000000
bfa,2006,86.3099975586
bfa,2007,89.9000015259
bfa,2014,74.6645965576
bdi,1978,51.7400016785
bdi,1979,92.5299987793
bdi,1980,51.7799987793
bdi,1982,59.9500007629
bdi,1984,59.5099983215
bdi,1986,87.1999969482
bdi,1990,90.0599975586
bdi,1998,84.5999984741
bdi,2008,69.8199996948
bdi,2014,77.8943023682
cpv,1960,48.2799987793
cpv,1980,62.6199989319
cpv,1990,85.0800018311
cpv,2015,68.1303024292
cpv,2017,66.3499984741
cpv,2018,62.5000000000
khm,1962,86.5800018311
khm,1993,81.6900024414
khm,1996,65.8000030518
khm,1998,81.2099990845
khm,1999,81.6399993896
khm,2000,80.9959030151
khm,2001,85.4336013794
khm,2004,85.9199981689
khm,2007,88.5891036987
khm,2008,78.9391021729
khm,2009,87.1644973755
khm,2010,88.5910034180
khm,2011,89.3936996460
khm,2012,74.7633972168
khm,2013,86.6476974487
khm,2014,86.6967010498
khm,2015,86.3615036011
khm,2016,88.0711975098
cmr,1976,81.5699996948
cmr,1980,77.2399978638
cmr,1982,83.2500000000
cmr,1985,81.2699966431
cmr,1987,48.5699996948
cmr,1996,76.0000000000
cmr,2001,76.4000015259
cmr,2005,74.8000030518
cmr,2007,86.1999969482
cmr,2010,82.3000030518
cmr,2014,77.5022964478
can,1961,78.1399993896
can,1971,76.3899993896
can,1976,77.6725006104
can,1977,77.5581970215
can,1978,77.9270019531
can,1979,78.3541030884
can,1980,78.3338012695
can,1981,78.4456024170
can,1982,77.0467987061
can,1983,76.8630981445
can,1984,76.6953964233
can,1985,76.7276000977
can,1986,76.8522033691
can,1987,76.8479995728
can,1988,76.6261978149
can,1989,76.7632980347
can,1990,76.1185989380
can,1991,75.0427017212
can,1992,73.8570022583
can,1993,73.3139038086
can,1994,73.0979995728
can,1995,72.4618988037
can,1996,72.1675033569
can,1997,72.2281036377
can,1998,72.1222000122
can,1999,72.3855972290
can,2000,72.3461990356
can,2001,72.2652969360
can,2002,73.0110015869
can,2003,73.4139022827
can,2004,73.1661987305
can,2005,72.8026962280
can,2006,72.3196029663
can,2007,72.5352020264
can,2008,72.7326965332
can,2009,71.9098968506
can,2010,71.5635986328
can,2011,71.4035034180
can,2012,71.0199966431
can,2013,70.8737030029
can,2014,70.5644989014
can,2015,70.5958023071
can,2016,70.2654037476
can,2017,70.1635971069
can,2018,69.6353988647
can,2019,70.0962982178
cym,1960,89.8600006104
cym,1970,47.8100013733
cym,1979,58.0699996948
cym,1989,87.9800033569
cym,1991,87.7200012207
cym,1999,89.0000000000
cym,2006,86.9000015259
cym,2007,84.8199996948
cym,2008,87.4499969482
cym,2009,87.9400024414
cym,2011,84.3000030518
cym,2012,86.5999984741
cym,2013,85.5800018311
cym,2014,85.2399978638
cym,2015,84.6200027466
caf,1975,71.0699996948
caf,1988,87.1200027466
tcd,1972,54.3300018311
tcd,1980,91.0400009155
tcd,1988,91.2399978638
tcd,1993,80.9899978638
chl,1960,85.0899963379
chl,1970,79.4700012207
chl,1980,70.3600006104
chl,1981,69.9300003052
chl,1982,68.2799987793
chl,1983,68.0100021362
chl,1984,68.8799972534
chl,1985,74.2600021362
chl,1986,73.5800018311
chl,1988,75.2200012207
chl,1989,75.8199996948
chl,1990,75.0899963379
chl,1991,75.2099990845
chl,1992,75.5100021362
chl,1993,77.0400009155
chl,1994,76.6100006104
chl,1995,75.1600036621
chl,1996,77.2440032959
chl,1997,76.4489974976
chl,1998,76.3379974365
chl,1999,75.8550033569
chl,2000,74.7630004883
chl,2001,73.9520034790
chl,2002,73.2149963379
chl,2003,72.8539962769
chl,2004,72.1340026855
chl,2005,71.8619995117
chl,2006,72.9759979248
chl,2007,72.9560012817
chl,2008,73.3850021362
chl,2009,72.5289993286
chl,2010,72.3031997681
chl,2011,72.8920974731
chl,2012,72.0947036743
chl,2013,72.0099029541
chl,2014,71.8098983765
chl,2015,71.6999969482
chl,2016,71.4545974731
chl,2017,71.4608001709
chl,2018,70.7516021729
chn,1982,86.4800033569
chn,1990,85.0299987793
chn,2000,82.9400024414
chn,2010,78.1600036621
col,1964,87.4499969482
col,1973,78.8799972534
col,1980,78.4400024414
col,1985,68.2699966431
col,1986,53.4000015259
col,1987,55.0999984741
col,1989,78.9899978638
col,1993,78.5199966431
col,1996,55.5000000000
col,2000,73.9700012207
col,2001,82.6809997559
col,2002,82.2300033569
col,2003,82.4339981079
col,2004,81.2210006714
col,2005,80.6689987183
col,2007,78.6289978027
col,2008,78.7779998779
col,2009,80.7460021973
col,2010,80.9916000366
col,2011,81.5635986328
col,2012,81.8869018555
col,2013,81.2862014771
col,2014,81.4602966309
col,2015,81.5283966064
col,2016,80.9942016602
col,2017,80.7665023804
col,2018,80.4865036011
com,1980,81.6699981689
com,1991,64.3000030518
com,2004,50.7062988281
com,2014,57.0127983093
cod,2005,73.8436965942
cod,2012,69.7948989868
cog,1974,81.7799987793
cog,1984,69.5699996948
cog,2005,69.0897979736
cog,2009,72.1999969482
cog,2012,64.3000030518
cri,1963,90.8399963379
cri,1973,81.1299972534
cri,1984,79.5400009155
cri,1990,82.3720016479
cri,1991,80.6719970703
cri,1992,79.7720031738
cri,1993,80.4290008545
cri,1994,80.0729980469
cri,1995,81.4089965820
cri,1996,78.7129974365
cri,1997,79.9290008545
cri,1998,80.8860015869
cri,1999,80.6930007935
cri,2000,79.2900009155
cri,2001,79.8000030518
cri,2002,79.1880035400
cri,2003,79.4319992065
cri,2004,78.6750030518
cri,2005,79.5169982910
cri,2006,78.9390029907
cri,2007,79.4960021973
cri,2008,78.0270004272
cri,2009,76.5859985352
cri,2010,75.4095993042
cri,2011,73.5000000000
cri,2012,75.7077026367
cri,2013,74.6632995605
cri,2014,75.4733963013
cri,2015,73.9755020142
cri,2016,71.7705993652
cri,2017,72.4182968140
cri,2018,73.9783020020
cri,2019,74.1948013306
civ,1964,89.3799972534
civ,1970,55.6800003052
civ,1975,91.1100006104
civ,1978,91.2099990845
civ,1988,88.7200012207
civ,1998,81.4800033569
civ,2012,72.0343017578
civ,2013,80.8990020752
civ,2016,70.7591018677
civ,2017,65.6580963135
hrv,1991,68.5699996948
hrv,1998,43.0999984741
hrv,2000,58.4089012146
hrv,2001,57.8931007385
hrv,2002,59.3025016785
hrv,2003,58.6964988708
hrv,2004,59.6600990295
hrv,2005,57.5247993469
hrv,2006,56.3777008057
hrv,2007,61.5335006714
hrv,2008,61.2386016846
hrv,2009,60.1627006531
hrv,2010,59.6641998291
hrv,2011,59.7728004456
hrv,2012,58.8600997925
hrv,2013,57.6966018677
hrv,2014,58.8583984375
hrv,2015,59.1413993835
hrv,2016,57.7634010315
hrv,2017,58.2078018188
hrv,2018,57.4001007080
cub,1970,77.4199981689
cub,1981,71.5000000000
cub,1986,72.1800003052
cub,1988,72.6399993896
cub,2004,53.4000015259
cub,2006,54.0000000000
cub,2007,54.5000000000
cub,2008,67.5999984741
cub,2009,68.9740982056
cub,2010,68.3002014160
cub,2011,69.6800003052
cub,2012,89.4599990845
cub,2013,87.0999984741
cuw,2018,60.4300003052
cyp,1960,90.4300003052
cyp,1976,60.6300010681
cyp,1978,43.7999992371
cyp,1984,47.0499992371
cyp,1985,59.9300003052
cyp,1987,60.1500015259
cyp,1988,81.6699981689
cyp,1989,82.5800018311
cyp,1990,82.2900009155
cyp,1991,82.1299972534
cyp,1992,75.8600006104
cyp,1995,77.9599990845
cyp,2000,72.5040969849
cyp,2001,72.5652008057
cyp,2002,72.2044982910
cyp,2003,73.4336013794
cyp,2004,73.4367980957
cyp,2005,73.9050979614
cyp,2006,73.4013977051
cyp,2007,73.6120986938
cyp,2008,73.1046981812
cyp,2009,71.4643020630
cyp,2010,71.3818969727
cyp,2011,70.7123031616
cyp,2012,70.6473007202
cyp,2013,70.2368011475
cyp,2014,69.4978027344
cyp,2015,67.3518981934
cyp,2016,66.6388015747
cyp,2017,66.8731002808
cyp,2018,67.8273010254
cze,1991,72.9400024414
cze,1993,71.2990036011
cze,1994,71.4290008545
cze,1995,71.4589996338
cze,1996,71.4319992065
cze,1997,70.6069030762
cze,1998,70.3056030273
cze,1999,70.0570983887
cze,2000,69.3460998535
cze,2001,68.8740997314
cze,2002,68.8771972656
cze,2003,68.2938995361
cze,2004,68.1033020020
cze,2005,68.7086029053
cze,2006,68.5548019409
cze,2007,68.3378982544
cze,2008,68.2037963867
cze,2009,68.2983016968
cze,2010,68.0439987183
cze,2011,67.5170974731
cze,2012,67.6885986328
cze,2013,68.0710983276
cze,2014,68.1999969482
cze,2015,68.0155029297
cze,2016,68.3844985962
cze,2017,68.5438995361
cze,2018,68.7208023071
dnk,1960,85.2500000000
dnk,1965,83.1999969482
dnk,1970,78.5400009155
dnk,1974,76.2900009155
dnk,1976,76.6399993896
dnk,1977,76.6200027466
dnk,1978,76.6100006104
dnk,1979,74.8899993896
dnk,1981,74.6800003052
dnk,1983,73.0852966309
dnk,1984,74.0742034912
dnk,1985,74.1136016846
dnk,1986,74.5544967651
dnk,1987,73.3647994995
dnk,1988,75.3492965698
dnk,1989,75.1533966064
dnk,1990,75.1162033081
dnk,1991,74.2555999756
dnk,1992,74.0752029419
dnk,1993,73.1200027466
dnk,1994,70.7236022949
dnk,1995,72.0566024780
dnk,1996,71.8665008545
dnk,1997,72.1127014160
dnk,1998,71.0839996338
dnk,1999,71.7861022949
dnk,2000,71.0668029785
dnk,2001,70.8589019775
dnk,2002,71.2580032349
dnk,2003,71.4489974976
dnk,2004,71.6791992188
dnk,2005,71.0980987549
dnk,2006,71.1051025391
dnk,2007,70.9468994141
dnk,2008,71.2201995850
dnk,2009,70.1985015869
dnk,2010,69.0779037476
dnk,2011,68.3893966675
dnk,2012,67.3932037354
dnk,2013,66.2397003174
dnk,2014,66.4439010620
dnk,2015,66.7421035767
dnk,2016,67.7727966309
dnk,2017,66.3852005005
dnk,2018,66.6408996582
dji,1996,78.4000015259
dma,1960,47.3199996948
dma,1970,40.0699996948
dma,1981,77.1900024414
dma,1989,74.5699996948
dma,1991,48.6300010681
dma,1997,75.0699996948
dma,1999,75.5400009155
dma,2001,70.2099990845
dom,1960,91.2200012207
dom,1970,81.8000030518
dom,1979,78.7399978638
dom,1981,76.9499969482
dom,1991,71.1999969482
dom,1992,72.6999969482
dom,1993,83.0800018311
dom,1994,68.3000030518
dom,1996,82.5999984741
dom,1997,83.5400009155
dom,1998,86.5000000000
dom,2000,78.0869979858
dom,2001,76.9092025757
dom,2002,75.6323013306
dom,2003,74.5672988892
dom,2004,74.9916992188
dom,2005,73.7518005371
dom,2006,74.5170974731
dom,2007,74.6400985718
dom,2008,73.8302001953
dom,2009,72.4690017700
dom,2010,72.1485977173
dom,2011,73.0761032104
dom,2012,74.0920028687
dom,2013,73.8821029663
dom,2014,74.1579971313
dom,2015,76.4690017700
dom,2016,76.7466964722
dom,2017,76.3729019165
dom,2018,77.9268035889
ecu,1962,93.7200012207
ecu,1974,86.6399993896
ecu,1980,85.0199966431
ecu,1981,84.7500000000
ecu,1982,78.4400024414
ecu,1988,78.3499984741
ecu,1989,78.3499984741
ecu,1990,81.9800033569
ecu,1996,79.7399978638
ecu,1997,80.7500000000
ecu,1998,82.1100006104
ecu,2000,81.5669021606
ecu,2001,84.3144989014
ecu,2002,80.5599975586
ecu,2003,81.8976974487
ecu,2004,82.7638015747
ecu,2005,82.4505004883
ecu,2006,83.6975021362
ecu,2007,82.1481018066
ecu,2008,81.6629028320
ecu,2009,79.0139999390
ecu,2010,78.0526962280
ecu,2011,77.2433013916
ecu,2012,77.4833984375
ecu,2013,76.9782028198
ecu,2014,78.2530975342
ecu,2015,80.0422973633
ecu,2016,80.4898986816
ecu,2017,80.6508026123
ecu,2018,79.2771987915
ecu,2019,78.3485031128
egy,1960,89.0299987793
egy,1966,81.1299972534
egy,1973,78.6200027466
egy,1975,77.7099990845
egy,1976,80.7300033569
egy,1977,79.2200012207
egy,1978,78.7799987793
egy,1979,73.5599975586
egy,1980,73.5699996948
egy,1981,48.9599990845
egy,1982,48.2400016785
egy,1983,77.5000000000
egy,1984,76.1399993896
egy,1986,77.7699966431
egy,1989,71.7099990845
egy,1990,73.1900024414
egy,1991,70.8199996948
egy,1992,70.7799987793
egy,1993,72.8199996948
egy,1994,74.0400009155
egy,1995,73.3700027466
egy,1996,77.5599975586
egy,1998,71.5000000000
egy,1999,73.6900024414
egy,2000,45.0299987793
egy,2001,68.5899963379
egy,2002,68.6600036621
egy,2003,45.5400009155
egy,2004,46.8699989319
egy,2005,75.1699981689
egy,2006,71.8799972534
egy,2007,71.6999969482
egy,2008,72.3395004272
egy,2009,72.1577987671
egy,2010,74.8778991699
egy,2011,74.2792968750
egy,2012,73.8591003418
egy,2013,73.3383026123
egy,2014,72.5364990234
egy,2015,70.5127029419
egy,2016,69.6435012817
egy,2017,66.8729019165
slv,1961,92.3099975586
slv,1971,90.6500015259
slv,1975,46.0299987793
slv,1978,83.3799972534
slv,1979,84.1800003052
slv,1980,83.2500000000
slv,1990,80.0800018311
slv,1991,77.7500000000
slv,1992,82.5000000000
slv,1993,81.8499984741
slv,1994,82.2500000000
slv,1995,81.7600021362
slv,1996,79.7699966431
slv,1997,79.4100036621
slv,1998,80.3000030518
slv,1999,78.7900009155
slv,2000,78.5999984741
slv,2001,79.0999984741
slv,2002,76.2600021362
slv,2003,78.8899993896
slv,2004,77.4899978638
slv,2005,77.8000030518
slv,2006,78.0599975586
slv,2007,79.2399978638
slv,2008,81.3499984741
slv,2009,81.0100021362
slv,2010,78.3292007446
slv,2011,78.4248962402
slv,2012,78.7632980347
slv,2013,78.2274017334
slv,2014,77.5404968262
slv,2015,76.8457031250
slv,2016,77.3522033691
slv,2017,77.4702987671
slv,2018,76.8429031372
gnq,1983,89.0899963379
gnq,1994,69.9000015259
est,1989,77.2600021362
est,1990,81.6600036621
est,1991,80.6100006104
est,1992,78.8239974976
est,1993,76.3759994507
est,1994,76.1149978638
est,1995,74.0090026855
est,1996,72.6930007935
est,1997,72.7323989868
est,1998,69.2582015991
est,1999,67.2483978271
est,2000,66.4839019775
est,2001,65.2611999512
est,2002,64.4774017334
est,2003,66.8313980103
est,2004,66.0021972656
est,2005,64.9188003540
est,2006,67.6547012329
est,2007,68.3312988281
est,2008,68.7462005615
est,2009,67.9288024902
est,2010,66.9531021118
est,2011,68.0108032227
est,2012,68.3479003906
est,2013,68.3776016235
est,2014,68.8796997070
est,2015,69.4609985352
est,2016,70.5449981689
est,2017,71.4028015137
est,2018,71.2977981567
swz,1966,83.2200012207
swz,1976,58.8199996948
swz,1986,64.2500000000
swz,1997,49.7000007629
swz,2016,55.8455009460
eth,1981,73.1999969482
eth,1987,69.1999969482
eth,1994,89.5699996948
eth,1999,79.7340011597
eth,2005,89.9089965820
eth,2013,88.3895034790
fro,1960,89.7500000000
fro,1966,59.7700004578
fro,1970,84.4300003052
fro,1977,79.8899993896
fji,1966,89.8899993896
fji,1976,84.0999984741
fji,1982,86.9100036621
fji,1986,85.5500030518
fji,1996,79.1600036621
fji,2005,78.0273971558
fji,2011,79.8421020508
fji,2014,75.9199981689
fji,2016,76.9944000244
fin,1960,84.2399978638
fin,1970,74.3000030518
fin,1976,67.1999969482
fin,1977,52.2799987793
fin,1979,69.1999969482
fin,1980,54.2999992371
fin,1981,69.6100006104
fin,1982,75.8700027466
fin,1984,72.8700027466
fin,1985,57.5999984741
fin,1986,57.5999984741
fin,1987,57.2000007629
fin,1988,56.7000007629
fin,1989,56.7000007629
fin,1990,74.8509979248
fin,1991,73.1389999390
fin,1992,71.5049972534
fin,1993,70.6230010986
fin,1994,69.7669982910
fin,1995,66.3645019531
fin,1996,64.5037994385
fin,1997,65.8731002808
fin,1998,65.8466033936
fin,1999,68.2080001831
fin,2000,68.5142974854
fin,2001,68.4179000854
fin,2002,68.0684967041
fin,2003,67.7098999023
fin,2004,66.7247009277
fin,2005,65.0038986206
fin,2006,65.2780990601
fin,2007,65.3659973145
fin,2008,65.8460006714
fin,2009,64.2471008301
fin,2010,64.1393966675
fin,2011,64.2725982666
fin,2012,63.7411003113
fin,2013,62.9631996155
fin,2014,62.6048011780
fin,2015,62.4642982483
fin,2016,62.4084014893
fin,2017,62.7498016357
fin,2018,63.1711997986
fra,1962,75.4100036621
fra,1968,72.9800033569
fra,1975,69.4000015259
fra,1979,69.7500000000
fra,1980,69.7300033569
fra,1981,69.1399993896
fra,1982,68.6500015259
fra,1983,70.2885971069
fra,1984,69.2920989990
fra,1985,68.9598007202
fra,1986,68.6987991333
fra,1987,67.8989028931
fra,1988,66.9681015015
fra,1989,66.5809020996
fra,1990,65.9365005493
fra,1991,64.7804031372
fra,1992,64.6427001953
fra,1993,64.1070022583
fra,1994,63.7392005920
fra,1995,63.3964996338
fra,1996,63.6604995728
fra,1997,63.3237991333
fra,1998,62.9984016418
fra,1999,63.2303009033
fra,2000,62.9350013733
fra,2001,62.7140007019
fra,2002,62.9408988953
fra,2003,63.0575981140
fra,2004,62.9416007996
fra,2005,62.5727005005
fra,2006,62.3163986206
fra,2007,62.1725006104
fra,2008,62.1344985962
fra,2009,62.2009010315
fra,2010,62.0369987488
fra,2011,61.6553001404
fra,2012,61.8503990173
fra,2013,61.5751991272
fra,2014,60.9922981262
fra,2015,60.8979988098
fra,2016,60.6391983032
fra,2017,60.5164985657
fra,2018,60.3446006775
pyf,1962,84.1200027466
pyf,1967,43.7299995422
pyf,1983,65.0400009155
pyf,1988,74.2099990845
pyf,1996,70.4000015259
pyf,2002,67.8700027466
pyf,2007,64.6800003052
pyf,2012,63.3499984741
gab,1963,63.6899986267
gab,1993,71.1600036621
gab,2005,67.9499969482
gab,2010,58.1599998474
gmb,1983,86.3000030518
gmb,1993,70.2099990845
gmb,2012,68.6305007935
geo,1998,75.6999969482
geo,1999,75.3099975586
geo,2000,74.7399978638
geo,2001,75.9000015259
geo,2002,75.7699966431
geo,2003,76.0800018311
geo,2004,74.1200027466
geo,2005,73.5500030518
geo,2006,72.1999969482
geo,2007,73.3000030518
geo,2008,74.5400009155
geo,2009,76.4187011719
geo,2010,76.9738998413
geo,2011,78.2847976685
geo,2012,79.8501968384
geo,2013,79.7192993164
geo,2014,79.8246002197
geo,2015,80.1855010986
geo,2016,80.6051025391
geo,2017,74.5858993530
geo,2018,73.6073989868
deu,1983,70.3216018677
deu,1984,70.9484024048
deu,1985,70.7593002319
deu,1986,70.9720993042
deu,1987,70.8675003052
deu,1988,71.0566024780
deu,1989,71.1445007324
deu,1990,71.9701004028
deu,1991,71.8684005737
deu,1992,70.6100997925
deu,1993,69.9384002686
deu,1994,69.4049987793
deu,1995,68.5727996826
deu,1996,68.1629028320
deu,1997,67.8520965576
deu,1998,67.6184997559
deu,1999,67.3830032349
deu,2000,66.6572036743
deu,2001,66.1971969604
deu,2002,65.6940002441
deu,2003,65.3697967529
deu,2004,64.7370986938
deu,2005,66.1472015381
deu,2006,66.3215026855
deu,2007,66.2535018921
deu,2008,66.3130035400
deu,2009,66.1940994263
deu,2010,66.0665969849
deu,2011,66.5419006348
deu,2012,66.4372024536
deu,2013,66.4171981812
deu,2014,66.3239974976
deu,2015,65.8705978394
deu,2016,66.5587997437
deu,2017,66.6829986572
deu,2018,66.7856979370
gha,1960,88.9899978638
gha,1970,83.4899978638
gha,1984,44.9300003052
gha,1989,66.5999984741
gha,1992,74.5000000000
gha,1998,81.4000015259
gha,1999,81.4000015259
gha,2000,76.7200012207
gha,2006,70.4899978638
gha,2010,72.8000030518
gha,2013,78.9579010010
gha,2015,74.0550003052
gha,2017,58.8385009766
gib,1961,67.3099975586
gib,1970,90.4300003052
gib,1981,87.8799972534
gib,1983,78.3399963379
gib,1985,58.1899986267
gib,1987,59.8899993896
gib,1989,60.3400001526
gib,1990,58.2099990845
gib,1991,62.8800010681
gib,1992,66.5899963379
gib,1993,64.5599975586
gib,1994,58.6599998474
gib,2001,78.8199996948
grc,1961,80.5800018311
grc,1971,72.8199996948
grc,1981,68.3099975586
grc,1982,68.5000000000
grc,1983,72.2305984497
grc,1984,71.3645019531
grc,1985,70.1328964233
grc,1986,69.0109024048
grc,1987,67.9402999878
grc,1988,67.8835983276
grc,1989,66.8096008301
grc,1990,65.8031997681
grc,1991,64.7070007324
grc,1992,64.3529968262
grc,1993,64.1527023315
grc,1994,64.5410003662
grc,1995,64.3948974609
grc,1996,64.1740036011
grc,1997,62.8937988281
grc,1998,65.4151992798
grc,1999,65.0289993286
grc,2000,64.8767013550
grc,2001,64.1288986206
grc,2002,64.1224975586
grc,2003,64.3604965210
grc,2004,64.5066986084
grc,2005,64.2955017090
grc,2006,64.3543014526
grc,2007,64.1570968628
grc,2008,64.1745986938
grc,2009,64.0315017700
grc,2010,63.5568008423
grc,2011,62.1684989929
grc,2012,61.2775993347
grc,2013,60.9142990112
grc,2014,60.1236000061
grc,2015,59.7851982117
grc,2016,59.8146018982
grc,2017,59.9753990173
grc,2018,60.0289001465
grl,1960,51.3300018311
grl,1970,90.6299972534
grl,1976,76.5000000000
grl,2010,75.9164733887
grl,2011,75.8661346436
grl,2012,76.2666778564
grl,2013,75.9721298218
grl,2014,75.6663055420
grl,2015,76.3159255981
grd,1960,40.3100013733
grd,1970,40.0099983215
grd,1988,71.3199996948
grd,1998,75.4000015259
grd,2013,72.4000015259
grd,2014,72.3000030518
grd,2015,77.0999984741
gum,1960,86.9000015259
gum,1970,84.2900009155
gum,1980,82.1699981689
gum,1983,67.8099975586
gum,1986,72.6900024414
gum,1988,75.0899963379
gum,1990,83.7699966431
gum,2000,75.5999984741
gum,2001,73.1999969482
gum,2002,70.5999984741
gum,2004,70.6999969482
gum,2005,67.5000000000
gum,2006,70.4000015259
gum,2007,67.5999984741
gum,2009,70.1999969482
gum,2010,66.0999984741
gum,2011,69.3000030518
gtm,1964,92.0100021362
gtm,1973,87.9499969482
gtm,1978,84.3600006104
gtm,1979,86.4400024414
gtm,1980,89.4700012207
gtm,1981,84.3099975586
gtm,1985,85.2600021362
gtm,1987,90.3000030518
gtm,1989,89.9400024414
gtm,1994,83.9599990845
gtm,1999,73.5599975586
gtm,2000,87.9000015259
gtm,2002,89.4000015259
gtm,2003,88.9520034790
gtm,2004,85.8156967163
gtm,2006,88.3300018311
gtm,2010,80.8146972656
gtm,2011,83.8926010132
gtm,2012,87.1178970337
gtm,2013,82.8518981934
gtm,2014,83.4943008423
gtm,2015,84.5171966553
gtm,2016,83.8172988892
gtm,2017,85.2475967407
gin,1983,79.9800033569
gin,1996,48.8499984741
gin,2002,66.3914031982
gnb,1979,88.4599990845
gnb,1988,60.1399993896
guy,1960,48.2999992371
guy,1980,87.6500015259
guy,1987,86.3700027466
guy,1993,81.1800003052
guy,2002,78.5199966431
guy,2018,66.5886001587
hti,1971,89.5500030518
hti,1980,83.3000030518
hti,1982,80.2600021362
hti,1985,80.0599975586
hti,1990,77.4100036621
hti,1995,73.5199966431
hti,2000,68.9800033569
hti,2003,56.7999992371
hti,2005,69.4899978638
hti,2007,55.2999992371
hti,2010,70.8300018311
hti,2012,66.0000000000
hnd,1961,52.6800003052
hnd,1974,88.0999984741
hnd,1991,85.4899978638
hnd,1992,89.2900009155
hnd,1995,86.4000015259
hnd,1998,87.4899978638
hnd,1999,88.0400009155
hnd,2000,87.0500030518
hnd,2001,84.8300018311
hnd,2002,85.0000000000
hnd,2004,66.9199981689
hnd,2005,83.6528015137
hnd,2006,83.3550033569
hnd,2007,82.0799026489
hnd,2008,81.4084014893
hnd,2009,82.2854003906
hnd,2010,82.5080032349
hnd,2011,81.3529968262
hnd,2012,80.0705032349
hnd,2013,83.5356979370
hnd,2014,84.0259017944
hnd,2015,83.3314971924
hnd,2016,82.4875030518
hnd,2017,84.7822036743
hnd,2018,84.1440963745
hkg,1961,90.3700027466
hkg,1966,86.0800018311
hkg,1971,84.6800003052
hkg,1975,82.3700027466
hkg,1976,82.3600006104
hkg,1979,80.1299972534
hkg,1980,80.8600006104
hkg,1981,82.5000000000
hkg,1982,81.6900024414
hkg,1983,81.3000030518
hkg,1984,82.0699996948
hkg,1985,80.3600006104
hkg,1986,80.4599990845
hkg,1987,80.2300033569
hkg,1988,80.0199966431
hkg,1989,79.4100036621
hkg,1990,78.9199981689
hkg,1991,78.8300018311
hkg,1992,78.0199966431
hkg,1993,78.1299972534
hkg,1994,77.5800018311
hkg,1995,76.5899963379
hkg,1996,75.9899978638
hkg,1997,75.7099990845
hkg,1998,75.5199966431
hkg,1999,74.0000000000
hkg,2000,73.2099990845
hkg,2001,72.9499969482
hkg,2002,72.5100021362
hkg,2003,72.0000000000
hkg,2004,71.6800003052
hkg,2005,71.0800018311
hkg,2006,70.9499969482
hkg,2007,70.4599990845
hkg,2008,69.7099990845
hkg,2009,69.4400024414
hkg,2010,68.5100021362
hkg,2011,68.4499969482
hkg,2012,68.7099990845
hkg,2013,69.1999969482
hkg,2014,68.8199996948
hkg,2015,68.8300018311
hkg,2016,68.5999984741
hun,1960,86.9800033569
hun,1970,75.4300003052
hun,1978,54.6300010681
hun,1979,54.3800010681
hun,1980,71.9499969482
hun,1981,86.5000000000
hun,1982,87.0000000000
hun,1983,86.6999969482
hun,1984,85.8000030518
hun,1985,85.3000030518
hun,1986,84.8000030518
hun,1987,85.3000030518
hun,1988,84.5000000000
hun,1989,83.6999969482
hun,1990,64.5299987793
hun,1991,51.1399993896
hun,1992,66.2310028076
hun,1993,63.4860000610
hun,1994,61.8030014038
hun,1995,61.6790008545
hun,1996,57.8112983704
hun,1997,57.2284011841
hun,1998,57.2480010986
hun,1999,58.1837997437
hun,2000,58.4911003113
hun,2001,57.7230987549
hun,2002,57.5331993103
hun,2003,58.1791992188
hun,2004,57.8035011292
hun,2005,58.3061981201
hun,2006,58.9738006592
hun,2007,58.7392005920
hun,2008,58.1200981140
hun,2009,57.8815002441
hun,2010,57.8428001404
hun,2011,58.3288993835
hun,2012,59.2485008240
hun,2013,60.1705017090
hun,2014,61.8553009033
hun,2015,63.1184997559
hun,2016,64.3348999023
hun,2017,65.1735992432
hun,2018,65.7609024048
isl,1960,86.6200027466
isl,1974,57.1800003052
isl,1975,82.5199966431
isl,1976,82.5599975586
isl,1977,82.6200027466
isl,1979,82.7699966431
isl,1980,42.8400001526
isl,1981,82.9300003052
isl,1982,82.9700012207
isl,1983,84.4800033569
isl,1985,59.0499992371
isl,1991,85.2900009155
isl,1992,85.7259979248
isl,1993,84.0179977417
isl,1994,83.7519989014
isl,1995,87.0401000977
isl,1996,86.4867019653
isl,1997,85.6550979614
isl,1998,86.6185989380
isl,1999,87.1104965210
isl,2000,87.8494033813
isl,2001,88.4504013062
isl,2002,87.2295989990
isl,2003,87.3583984375
isl,2004,86.9029006958
isl,2005,85.5222015381
isl,2006,86.9091033936
isl,2007,87.2287979126
isl,2008,86.4826965332
isl,2009,84.0886993408
isl,2010,83.9300003052
isl,2011,83.1552963257
isl,2012,82.6231002808
isl,2013,83.6681976318
isl,2014,85.6117019653
isl,2015,86.2805023193
isl,2016,87.7494964600
isl,2017,86.6803970337
isl,2018,85.5249023438
ind,1961,90.2200012207
ind,1971,85.5500030518
ind,1981,86.7900009155
ind,1991,80.3899993896
ind,1994,84.1269989014
ind,2000,82.8086013794
ind,2001,78.4499969482
ind,2005,82.6938018799
ind,2010,79.9067993164
ind,2012,79.0743026733
ind,2018,74.6356964111
idn,1961,88.9199981689
idn,1971,82.3499984741
idn,1976,94.7099990845
idn,1977,88.8300018311
idn,1978,90.8300018311
idn,1980,80.4400024414
idn,1982,86.3600006104
idn,1986,85.8899993896
idn,1988,85.2799987793
idn,1990,82.7946014404
idn,1991,82.9170989990
idn,1992,82.7889022827
idn,1993,82.4292984009
idn,1994,83.5568008423
idn,1996,83.5339965820
idn,1997,83.3657989502
idn,1998,84.7872009277
idn,1999,83.5683975220
idn,2000,84.1660995483
idn,2001,84.5921020508
idn,2002,84.1278991699
idn,2003,83.6875000000
idn,2004,84.3117980957
idn,2005,82.6563034058
idn,2006,82.4775009155
idn,2007,82.6813964844
idn,2008,82.5358963013
idn,2009,81.9681015015
idn,2010,82.3272018433
idn,2011,82.9328994751
idn,2012,83.4415969849
idn,2013,82.8940963745
idn,2014,82.6940994263
idn,2015,82.4638977051
idn,2016,81.7500000000
idn,2017,81.5841979980
idn,2018,82.1552963257
irn,1966,86.4899978638
irn,1972,79.6200027466
irn,1976,83.1600036621
irn,1986,81.0199966431
irn,1991,79.8899993896
irn,1996,74.7600021362
irn,2005,73.8199996948
irn,2007,71.2200012207
irn,2008,68.8499984741
irn,2009,69.7099990845
irn,2010,68.7900009155
irn,2013,63.0000000000
irn,2014,68.5899963379
irn,2015,69.3899993896
irn,2016,70.4300003052
irn,2017,70.8700027466
irn,2018,71.6100006104
irq,1977,80.1999969482
irq,1987,75.2600021362
irq,1997,77.2799987793
irq,2007,72.2976989746
irq,2012,71.4320983887
irq,2014,72.6200027466
irq,2016,72.0899963379
irq,2017,72.4199981689
irl,1961,85.0299987793
irl,1966,84.0299987793
irl,1971,81.9700012207
irl,1975,78.5899963379
irl,1977,76.7500000000
irl,1981,76.4300003052
irl,1983,75.6754989624
irl,1984,74.7221984863
irl,1985,73.5238037109
irl,1986,73.1831970215
irl,1987,72.5101013184
irl,1988,72.2250976562
irl,1989,71.1471023560
irl,1990,70.6663970947
irl,1991,70.6324996948
irl,1992,68.7242965698
irl,1993,68.4608993530
irl,1994,68.8555984497
irl,1995,68.3938980103
irl,1996,68.5273971558
irl,1997,68.5343017578
irl,1998,69.4045028687
irl,1999,70.3831024170
irl,2000,71.1897964478
irl,2001,71.1409988403
irl,2002,70.7358016968
irl,2003,70.5662994385
irl,2004,70.9934005737
irl,2005,72.3293991089
irl,2006,73.4384994507
irl,2007,76.3957977295
irl,2008,75.2222976685
irl,2009,72.2612991333
irl,2010,70.1818008423
irl,2011,69.2007980347
irl,2012,68.7645034790
irl,2013,68.8989028931
irl,2014,68.8468017578
irl,2015,69.0795974731
irl,2016,69.0282974243
irl,2017,68.5504989624
irl,2018,68.5238037109
imn,1966,60.9300003052
imn,1971,75.1299972534
imn,1976,69.3300018311
imn,1981,69.4499969482
imn,1991,69.6299972534
imn,1996,68.8000030518
imn,2001,71.4000015259
imn,2006,69.7600021362
imn,2011,69.3199996948
imn,2016,87.4599990845
isr,1972,68.5000000000
isr,1974,64.9499969482
isr,1976,64.5899963379
isr,1978,65.0199966431
isr,1979,63.8899993896
isr,1980,63.7400016785
isr,1981,63.7900009155
isr,1982,63.3699989319
isr,1983,66.6699981689
isr,1986,63.1699981689
isr,1987,62.3600006104
isr,1988,63.1800003052
isr,1989,63.0400009155
isr,1990,71.8199996948
isr,1991,71.8720016479
isr,1992,71.5319976807
isr,1993,73.2529983521
isr,1994,73.2910003662
isr,1995,73.1370010376
isr,1996,71.9530029297
isr,1997,71.1750030518
isr,1998,70.1159973145
isr,1999,69.5749969482
isr,2000,69.7070007324
isr,2001,69.3860015869
isr,2002,68.2590026855
isr,2003,67.9660034180
isr,2004,68.4469985962
isr,2005,68.6760025024
isr,2006,69.1449966431
isr,2007,69.7350006104
isr,2008,69.7730026245
isr,2009,68.9100036621
isr,2010,69.3379974365
isr,2011,69.2379989624
isr,2012,69.3170013428
isr,2013,69.3949966431
isr,2014,69.4499969482
isr,2015,69.2979965210
isr,2016,69.1110000610
isr,2017,68.9540023804
isr,2018,68.2450027466
ita,1961,80.6699981689
ita,1971,72.7300033569
ita,1977,70.5100021362
ita,1978,69.9899978638
ita,1979,69.6100006104
ita,1980,69.1800003052
ita,1981,69.0299987793
ita,1982,68.3600006104
ita,1983,68.9695968628
ita,1984,68.6820983887
ita,1985,68.5168991089
ita,1986,68.1094970703
ita,1987,67.3609008789
ita,1988,66.8385009766
ita,1989,65.8805007935
ita,1990,65.7472000122
ita,1991,66.7345962524
ita,1992,64.6924972534
ita,1993,64.2133026123
ita,1994,63.1228981018
ita,1995,62.2681007385
ita,1996,62.1114006042
ita,1997,61.9650993347
ita,1998,62.0069999695
ita,1999,61.8055992126
ita,2000,61.6585006714
ita,2001,61.3950004578
ita,2002,61.7541007996
ita,2003,62.1408004761
ita,2004,61.8975982666
ita,2005,61.0788993835
ita,2006,60.8419990540
ita,2007,60.4412002563
ita,2008,60.3912010193
ita,2009,59.5723991394
ita,2010,59.0830993652
ita,2011,58.7159996033
ita,2012,59.2412986755
ita,2013,58.6477012634
ita,2014,58.7043991089
ita,2015,58.8810005188
ita,2016,59.2508010864
ita,2017,59.3646011353
ita,2018,59.3894996643
jam,1960,90.4899978638
jam,1970,80.6900024414
jam,1974,81.4100036621
jam,1975,81.5299987793
jam,1976,80.9599990845
jam,1978,80.0400009155
jam,1980,67.5299987793
jam,1981,79.7399978638
jam,1982,81.4599990845
jam,1985,65.4899978638
jam,1988,68.5599975586
jam,1990,76.9100036621
jam,1991,68.8199996948
jam,1994,74.0299987793
jam,1995,76.8000030518
jam,1996,75.5000000000
jam,1997,74.5999984741
jam,1998,73.6100006104
jam,1999,73.0000000000
jam,2001,73.0000000000
jam,2002,72.5000000000
jam,2003,71.3799972534
jam,2004,73.6999969482
jam,2007,73.5000000000
jam,2008,73.6563034058
jam,2009,71.8078994751
jam,2010,70.3666000366
jam,2011,70.1999969482
jam,2012,69.1712036133
jam,2013,69.9966964722
jam,2014,70.0210037231
jam,2015,70.2542037964
jam,2016,71.1651992798
jam,2017,71.2988967896
jam,2018,70.3850021362
jam,2019,71.0483016968
jpn,1960,84.8000030518
jpn,1961,84.9000015259
jpn,1962,84.3000030518
jpn,1963,83.0999984741
jpn,1964,82.0999984741
jpn,1965,81.6999969482
jpn,1966,81.6999969482
jpn,1967,81.5999984741
jpn,1968,82.0999984741
jpn,1969,81.9000015259
jpn,1970,81.8000030518
jpn,1971,82.1999969482
jpn,1972,82.0999984741
jpn,1973,82.0999984741
jpn,1974,81.8000030518
jpn,1975,81.4000015259
jpn,1976,81.1999969482
jpn,1977,80.5999984741
jpn,1978,80.3000030518
jpn,1979,80.1999969482
jpn,1980,79.8000030518
jpn,1981,79.8000030518
jpn,1982,79.5000000000
jpn,1983,79.4000015259
jpn,1984,78.8000030518
jpn,1985,78.0999984741
jpn,1986,77.8000030518
jpn,1987,77.3000030518
jpn,1988,77.0999984741
jpn,1989,77.0000000000
jpn,1990,77.1999969482
jpn,1991,77.5999984741
jpn,1992,77.9000015259
jpn,1993,78.0000000000
jpn,1994,77.8000030518
jpn,1995,77.5999984741
jpn,1996,77.6999969482
jpn,1997,77.6999969482
jpn,1998,77.3000030518
jpn,1999,76.9000015259
jpn,2000,76.4000015259
jpn,2001,75.6999969482
jpn,2002,74.6999969482
jpn,2003,74.0999984741
jpn,2004,73.4000015259
jpn,2005,73.3000030518
jpn,2006,73.1999969482
jpn,2007,73.0999984741
jpn,2008,72.8000030518
jpn,2009,72.0000000000
jpn,2010,71.5999984741
jpn,2011,71.1460037231
jpn,2012,70.8000030518
jpn,2013,70.5000000000
jpn,2014,70.4000015259
jpn,2015,70.3000030518
jpn,2016,70.4000015259
jpn,2017,70.5000000000
jpn,2018,71.1999969482
jpn,2019,71.4000015259
jor,1961,77.9899978638
jor,1975,72.5800018311
jor,1979,77.0100021362
jor,2000,66.0999984741
jor,2001,65.5000000000
jor,2002,64.1999969482
jor,2003,63.2000007629
jor,2005,64.4000015259
jor,2006,63.0999984741
jor,2007,64.4000015259
jor,2008,64.0000000000
jor,2009,64.8000030518
jor,2010,63.5000000000
jor,2011,62.7999992371
jor,2012,61.2999992371
jor,2013,60.4000015259
jor,2014,59.7000007629
kaz,2002,75.9499969482
kaz,2003,75.6399993896
kaz,2004,75.5800018311
kaz,2008,76.1100006104
ken,1986,81.4000015259
ken,1989,81.4000015259
ken,1999,74.4393997192
ken,2005,68.6100006104
ken,2006,70.2164993286
ken,2009,81.7500000000
ken,2016,77.5000000000
kir,1978,86.1600036621
kir,1990,83.6100006104
kir,1995,90.9700012207
kir,2005,32.8400001526
kir,2010,66.7600021362
kir,2015,53.2616996765
kor,1960,73.0899963379
kor,1966,72.5500030518
kor,1970,74.8099975586
kor,1975,76.2600021362
kor,1979,46.5000000000
kor,1980,76.4300003052
kor,1981,75.8190002441
kor,1982,74.9980010986
kor,1983,73.6370010376
kor,1984,72.1299972534
kor,1985,72.3349990845
kor,1986,72.1259994507
kor,1987,72.5510025024
kor,1988,72.8580017090
kor,1989,73.4469985962
kor,1990,74.0090026855
kor,1991,75.0260009766
kor,1992,75.6620025635
kor,1993,75.6959991455
kor,1994,76.3420028687
kor,1995,76.4010009766
kor,1996,76.1989974976
kor,1997,76.0630035400
kor,1998,75.0469970703
kor,1999,74.4250030518
kor,2000,74.4000015259
kor,2001,74.3000030518
kor,2002,75.0000000000
kor,2003,74.6999969482
kor,2004,75.0000000000
kor,2005,74.5999984741
kor,2006,74.0999984741
kor,2007,74.0000000000
kor,2008,73.5000000000
kor,2009,73.0999984741
kor,2010,73.0000000000
kor,2011,73.0999984741
kor,2012,73.3000030518
kor,2013,73.1999969482
kor,2014,74.0000000000
kor,2015,74.3078994751
kor,2016,74.1321029663
kor,2017,74.1733016968
kor,2018,73.8199996948
xkx,2002,71.9000015259
xkx,2003,71.6999969482
xkx,2004,67.8000030518
xkx,2005,68.3000030518
xkx,2006,69.5999984741
xkx,2007,65.1999969482
xkx,2008,65.8000030518
xkx,2009,67.5000000000
xkx,2012,50.6374015808
xkx,2013,60.1599998474
xkx,2014,55.5200004578
xkx,2015,50.5400009155
xkx,2016,51.8199996948
xkx,2017,57.3499984741
xkx,2018,54.8499984741
kwt,1965,89.3399963379
kwt,1970,87.4199981689
kwt,1975,82.4599990845
kwt,1980,85.7699966431
kwt,1983,78.6399993896
kwt,1985,83.1800003052
kwt,1988,80.0800018311
kwt,1995,83.6399993896
kwt,1996,68.5199966431
kwt,1997,69.0199966431
kwt,2003,81.5199966431
kwt,2005,84.3600006104
kwt,2006,89.3000030518
kwt,2007,88.3000030518
kwt,2009,87.4100036621
kwt,2010,87.2399978638
kwt,2015,87.1699981689
kwt,2016,87.8499984741
kgz,1989,74.4700012207
kgz,2002,73.9800033569
kgz,2004,74.3600006104
kgz,2006,77.3000030518
kgz,2009,75.7200012207
kgz,2010,76.8199996948
kgz,2011,77.5199966431
kgz,2012,77.2799987793
kgz,2013,76.4199981689
kgz,2014,74.9700012207
kgz,2015,75.4899978638
kgz,2016,75.4000015259
kgz,2017,74.9800033569
kgz,2018,74.2189025879
lao,1995,82.5899963379
lao,2003,94.3000030518
lao,2005,66.8000030518
lao,2010,79.8231964111
lao,2017,45.2036018372
lva,1989,77.5199966431
lva,1996,69.8099975586
lva,1997,68.6100006104
lva,1998,68.2237014771
lva,1999,67.3647003174
lva,2000,64.9680023193
lva,2001,64.4723968506
lva,2002,66.1643981934
lva,2003,64.8691024780
lva,2004,65.6511001587
lva,2005,65.6207962036
lva,2006,67.5831985474
lva,2007,69.0547027588
lva,2008,69.5863037109
lva,2009,67.0306015015
lva,2010,65.0363998413
lva,2011,65.3089981079
lva,2012,66.4335021973
lva,2013,66.1166992188
lva,2014,66.5037002563
lva,2015,67.4045028687
lva,2016,67.1143035889
lva,2017,67.8134994507
lva,2018,68.3770980835
lbn,1975,73.8000030518
lbn,2004,68.8799972534
lbn,2007,66.9300003052
lbn,2009,71.5500030518
lso,1966,44.5499992371
lso,1976,62.1399993896
lso,1986,76.4000015259
lso,1996,56.6899986267
lso,1997,69.1999969482
lso,1999,79.1699981689
lso,2006,58.1300010681
lso,2008,50.8800010681
lso,2013,73.9899978638
lbr,1962,81.9700012207
lbr,1974,70.0299987793
lbr,1984,66.4800033569
lbr,2007,75.8799972534
lbr,2010,60.7470016479
lbr,2012,69.2272033691
lbr,2014,81.4076004028
lbr,2015,81.4076004028
lbr,2016,82.3102035522
lby,1964,80.1600036621
lby,1973,77.9700012207
lby,2012,60.9799995422
lie,1960,93.4199981689
lie,1970,89.0100021362
lie,1980,87.1399993896
lie,2000,78.0800018311
lie,2001,77.2600021362
lie,2002,76.0500030518
lie,2003,75.4300003052
lie,2004,73.9100036621
lie,2005,73.6500015259
lie,2006,73.8499984741
lie,2007,74.2500000000
lie,2008,72.0500030518
lie,2009,71.3099975586
lie,2010,70.9300003052
lie,2011,71.8700027466
lie,2012,71.1800003052
lie,2013,70.5699996948
lie,2014,70.1900024414
lie,2015,69.4599990845
lie,2016,68.8000030518
lie,2017,68.0999984741
ltu,1989,74.6900024414
ltu,1997,69.7500000000
ltu,1998,70.0363998413
ltu,1999,68.4078979492
ltu,2000,66.5309982300
ltu,2001,65.5941009521
ltu,2002,65.4300003052
ltu,2003,66.3938980103
ltu,2004,63.9268989563
ltu,2005,62.8799018860
ltu,2006,61.3087997437
ltu,2007,61.9662017822
ltu,2008,62.1932983398
ltu,2009,61.9809989929
ltu,2010,61.9995994568
ltu,2011,63.0796012878
ltu,2012,63.2331008911
ltu,2013,64.1322021484
ltu,2014,65.0500030518
ltu,2015,64.8825988770
ltu,2016,66.0254974365
ltu,2017,66.3936996460
ltu,2018,67.6050033569
lux,1960,77.4000015259
lux,1966,75.4300003052
lux,1970,74.4499969482
lux,1981,71.5899963379
lux,1983,70.0158996582
lux,1984,70.1132965088
lux,1985,69.5569000244
lux,1986,69.9300994873
lux,1987,70.2715988159
lux,1988,68.9868011475
lux,1989,68.7074966431
lux,1990,67.7425994873
lux,1991,68.8014984131
lux,1992,68.6871032715
lux,1993,68.6194992065
lux,1994,67.6774978638
lux,1995,66.3787002563
lux,1996,65.3937988281
lux,1997,64.6676025391
lux,1998,64.5560989380
lux,1999,64.3087005615
lux,2000,66.0798034668
lux,2001,65.6856002808
lux,2002,66.4558029175
lux,2003,65.0804977417
lux,2004,64.9098968506
lux,2005,65.0830001831
lux,2006,60.3708000183
lux,2007,61.2986984253
lux,2008,64.1417999268
lux,2009,66.5968017578
lux,2010,65.8305969238
lux,2011,65.0460968018
lux,2012,65.7018966675
lux,2013,66.3333969116
lux,2014,66.7528991699
lux,2015,65.3971023560
lux,2016,64.2804031372
lux,2017,63.6428985596
lux,2018,63.9393997192
mac,1960,63.1699981689
mac,1990,60.5999984741
mac,1991,60.2000007629
mac,1992,72.0599975586
mac,1993,71.1999969482
mac,1994,70.6399993896
mac,1995,72.8499984741
mac,1996,81.1100006104
mac,1997,78.4899978638
mac,1998,77.3799972534
mac,1999,76.4000015259
mac,2000,74.9199981689
mac,2001,79.4300003052
mac,2002,72.5299987793
mac,2003,69.4000015259
mac,2004,70.0599975586
mac,2005,70.8399963379
mac,2006,73.5500030518
mac,2007,76.0000000000
mac,2008,77.3199996948
mac,2009,78.0100021362
mac,2010,77.5699996948
mac,2011,78.0599975586
mac,2012,78.5500030518
mac,2013,78.4300003052
mac,2014,79.8199996948
mac,2015,79.5699996948
mac,2016,77.7799987793
mac,2017,76.0000000000
mdg,1965,50.2700004578
mdg,1975,91.4300003052
mdg,1985,48.7599983215
mdg,2003,86.2500000000
mdg,2005,89.4000015259
mdg,2010,65.0000000000
mdg,2012,93.8967971802
mdg,2015,89.2093963623
mwi,1975,81.6600036621
mwi,1983,91.6299972534
mwi,1987,80.6100006104
mwi,1998,79.3499984741
mwi,2004,89.0999984741
mwi,2005,83.6438980103
mwi,2013,83.4140014648
mwi,2017,59.9028015137
mys,1980,81.1600036621
mys,1982,85.3499984741
mys,1983,85.6100006104
mys,1984,85.4000015259
mys,1985,85.5599975586
mys,1986,85.8399963379
mys,1987,85.6200027466
mys,1988,85.6200027466
mys,1989,85.6100006104
mys,1990,85.2799987793
mys,1991,74.8399963379
mys,1992,84.8600006104
mys,1993,86.0100021362
mys,1995,84.3300018311
mys,1996,84.8899993896
mys,1997,84.2600021362
mys,1998,83.2799987793
mys,1999,82.8300018311
mys,2000,81.7099990845
mys,2001,82.3399963379
mys,2002,81.5400009155
mys,2003,82.1200027466
mys,2004,80.8799972534
mys,2005,79.9800033569
mys,2014,80.5800018311
mys,2015,80.6500015259
mys,2016,80.1699981689
mys,2017,80.0599975586
mys,2018,80.4199981689
mdv,1977,90.2099990845
mdv,1985,77.6699981689
mdv,1990,77.2699966431
mdv,1995,74.0199966431
mdv,2000,71.7300033569
mdv,2014,78.4700012207
mdv,2016,75.1164016724
mli,1976,91.5100021362
mli,2004,66.1800003052
mli,2006,84.9000015259
mli,2007,88.1100006104
mli,2010,81.4199981689
mli,2013,83.9867019653
mli,2014,81.7141036987
mli,2015,80.4669036865
mli,2016,75.8507003784
mli,2017,81.2173004150
mli,2018,77.4045028687
mlt,1967,53.2900009155
mlt,1979,57.0299987793
mlt,1980,59.3600006104
mlt,1981,58.3800010681
mlt,1983,57.0999984741
mlt,1985,63.2999992371
mlt,1986,56.3800010681
mlt,1987,56.2099990845
mlt,1988,56.7200012207
mlt,1989,56.3800010681
mlt,1990,56.1199989319
mlt,1993,53.4199981689
mlt,1994,71.0899963379
mlt,1996,71.4499969482
mlt,1997,70.9499969482
mlt,1998,70.4100036621
mlt,1999,55.6599998474
mlt,2000,70.3980026245
mlt,2001,71.9841003418
mlt,2002,70.7022018433
mlt,2003,70.6256027222
mlt,2004,70.4465026855
mlt,2005,68.2875976562
mlt,2006,68.1442031860
mlt,2007,67.6747970581
mlt,2008,66.8557968140
mlt,2009,66.6388015747
mlt,2010,66.9925994873
mlt,2011,67.0669021606
mlt,2012,66.2437973022
mlt,2013,67.1485977173
mlt,2014,67.7108001709
mlt,2015,67.8504028320
mlt,2016,68.1134033203
mlt,2017,68.7584991455
mlt,2018,70.1679992676
mhl,1980,65.5100021362
mhl,2011,53.3100013733
mrt,1975,94.5500030518
mrt,1988,68.7500000000
mrt,2000,64.5000000000
mrt,2012,62.7962989807
mrt,2017,59.7128982544
mus,1962,81.1299972534
mus,1972,83.1900024414
mus,1983,80.0899963379
mus,1984,40.8400001526
mus,1987,82.0000000000
mus,1989,82.6699981689
mus,1990,80.6200027466
mus,1991,82.0999984741
mus,1992,82.1100006104
mus,1993,81.9700012207
mus,1994,81.9100036621
mus,1995,80.1200027466
mus,2000,78.3099975586
mus,2001,79.8462982178
mus,2002,79.6122970581
mus,2003,80.9859008789
mus,2004,78.9347000122
mus,2005,78.3912963867
mus,2006,77.3600997925
mus,2007,76.6414031982
mus,2008,75.7978973389
mus,2009,75.6090011597
mus,2010,75.5613021851
mus,2011,74.7256011963
mus,2012,74.7527008057
mus,2013,74.8495025635
mus,2014,75.0887985229
mus,2015,74.6111984253
mus,2016,74.0593032837
mus,2017,74.1679000854
mus,2018,72.8515014648
mex,1960,92.7300033569
mex,1970,80.5999984741
mex,1975,42.8699989319
mex,1978,77.7900009155
mex,1979,77.5000000000
mex,1980,82.7699966431
mex,1988,53.7000007629
mex,1990,75.5199966431
mex,1991,84.1419982910
mex,1992,84.5230026245
mex,1993,84.9639968872
mex,1994,84.2509994507
mex,1995,82.7630004883
mex,1996,82.8079986572
mex,1997,83.4250030518
mex,1998,83.4229965210
mex,1999,82.7959976196
mex,2000,81.7919998169
mex,2001,81.1090011597
mex,2002,80.0279006958
mex,2003,79.9848022461
mex,2004,80.0199966431
mex,2005,80.3082962036
mex,2006,80.7241973877
mex,2007,80.3106994629
mex,2008,79.9385986328
mex,2009,79.0039978027
mex,2010,78.6976013184
mex,2011,78.4580993652
mex,2012,78.7760009766
mex,2013,78.4682998657
mex,2014,78.2424011230
mex,2015,77.9679031372
mex,2016,77.7040023804
mex,2017,77.5693969727
mex,2018,77.3692016602
mex,2019,77.1484985352
fsm,2014,67.8459014893
mda,1989,74.8600006104
mda,2000,63.9199981689
mda,2001,61.5699996948
mda,2002,59.2599983215
mda,2003,54.4799995422
mda,2004,51.7400016785
mda,2005,50.1899986267
mda,2006,49.9599990845
mda,2007,47.7700004578
mda,2008,47.3400001526
mda,2009,46.1899986267
mda,2010,44.9509010315
mda,2011,45.5867004395
mda,2012,43.5220985413
mda,2013,44.4897003174
mda,2014,44.1451988220
mda,2015,46.8839988708
mda,2016,45.4453010559
mda,2017,45.2963981628
mda,2018,45.8045005798
mco,2016,57.1899986267
mng,1998,63.4500007629
mng,2000,68.5999984741
mng,2002,38.1199989319
mng,2003,64.4000015259
mng,2004,59.6599998474
mng,2005,59.5200004578
mng,2006,64.5000000000
mng,2007,64.5999984741
mng,2008,63.0458984375
mng,2009,63.4953994751
mng,2010,64.7942962646
mng,2011,66.5690994263
mng,2012,66.0716018677
mng,2013,65.5407028198
mng,2014,66.1563034058
mng,2015,66.1408004761
mng,2016,64.9682998657
mng,2017,65.5842971802
mng,2018,67.6566009521
mne,2007,60.0000000000
mne,2008,60.4000015259
mne,2009,59.2999992371
mne,2010,57.8843002319
mne,2011,55.8460998535
mne,2012,56.7515983582
mne,2013,56.8284988403
mne,2014,59.4695014954
mne,2015,60.0974998474
mne,2016,61.7882995605
mne,2017,62.2104988098
mne,2018,64.2733993530
mar,1960,87.4100036621
mar,1971,79.9599990845
mar,1982,78.3099975586
mar,1990,74.9300003052
mar,1994,80.3799972534
mar,1995,75.4199981689
mar,1998,75.1299972534
mar,1999,79.2600021362
mar,2000,78.5999984741
mar,2001,77.9199981689
mar,2002,77.3300018311
mar,2003,77.3600006104
mar,2004,77.5100021362
mar,2005,76.8799972534
mar,2006,52.6300010681
mar,2007,77.3799972534
mar,2008,75.8899993896
mar,2009,54.2299995422
mar,2010,74.7200012207
mar,2011,74.3000030518
mar,2012,73.5999984741
mar,2013,73.0400009155
mar,2014,72.5999984741
mar,2015,71.7099990845
mar,2016,71.0199966431
moz,1970,97.0199966431
moz,1980,88.2500000000
moz,1997,80.4100036621
moz,2015,80.0936965942
mmr,1983,73.7699966431
mmr,1990,60.0000000000
mmr,2015,80.2011032104
mmr,2017,77.3229980469
mmr,2018,77.0344009399
nam,1960,92.0999984741
nam,1991,68.5999984741
nam,1994,62.1300010681
nam,1997,60.9700012207
nam,2000,62.0900001526
nam,2001,60.0699996948
nam,2004,56.4500007629
nam,2008,61.5999984741
nam,2012,62.4850006104
nam,2013,65.2292022705
nam,2014,64.8075027466
nam,2016,65.9971008301
nam,2018,62.6950988770
nru,1966,93.2600021362
nru,2002,86.7900009155
nru,2011,78.9100036621
nru,2013,81.3427963257
npl,1961,94.3499984741
npl,1971,87.7799987793
npl,1981,87.6500015259
npl,1991,79.7900009155
npl,1996,75.1999969482
npl,1999,90.1500015259
npl,2003,91.8000030518
npl,2008,87.7307968140
npl,2013,85.5999984741
npl,2014,86.8000030518
npl,2015,86.3000030518
npl,2017,53.8417015076
nld,1960,82.5599975586
nld,1977,71.1800003052
nld,1979,69.6500015259
nld,1980,68.9300003052
nld,1981,68.6699981689
nld,1982,68.8300018311
nld,1983,68.5524978638
nld,1985,67.1503982544
nld,1986,67.4100036621
nld,1987,71.0375976562
nld,1988,70.1134033203
nld,1989,70.2349014282
nld,1990,70.8313980103
nld,1991,70.9759979248
nld,1992,70.3367996216
nld,1993,70.1011962891
nld,1994,70.4104003906
nld,1995,70.3951034546
nld,1996,70.4056015015
nld,1997,71.5159988403
nld,1998,72.1866989136
nld,1999,72.1723022461
nld,2000,73.1752014160
nld,2001,73.5074996948
nld,2002,74.1221008301
nld,2003,73.2444992065
nld,2004,73.0808029175
nld,2005,71.4748992920
nld,2006,71.2503967285
nld,2007,71.9091033936
nld,2008,72.4893035889
nld,2009,72.2888031006
nld,2010,71.1642990112
nld,2011,70.4947967529
nld,2012,70.8822021484
nld,2013,70.8113021851
nld,2014,70.4934997559
nld,2015,70.1279983521
nld,2016,69.6494979858
nld,2017,69.3720016479
nld,2018,69.5951004028
ncl,1963,78.4000015259
ncl,1969,50.6399993896
ncl,1996,61.3100013733
ncl,2009,73.2099990845
ncl,2014,69.0599975586
nzl,1986,79.4078979492
nzl,1987,78.4926986694
nzl,1988,76.1265029907
nzl,1989,74.8486022949
nzl,1990,74.3285980225
nzl,1991,73.9089965820
nzl,1992,73.2323989868
nzl,1993,73.2034988403
nzl,1994,73.6790008545
nzl,1995,74.1446990967
nzl,1996,74.4806976318
nzl,1997,74.3160018921
nzl,1998,73.5719985962
nzl,1999,73.4373016357
nzl,2000,73.5513000488
nzl,2001,73.8108978271
nzl,2002,74.5286026001
nzl,2003,73.7589035034
nzl,2004,74.4914016724
nzl,2005,75.0253982544
nzl,2006,75.5314025879
nzl,2007,75.5440979004
nzl,2008,75.0585021973
nzl,2009,74.4215011597
nzl,2010,74.1369018555
nzl,2011,74.2225036621
nzl,2012,73.5574035645
nzl,2013,73.5030975342
nzl,2014,74.2854003906
nzl,2015,74.2972030640
nzl,2016,75.2621994019
nzl,2017,76.1250991821
nzl,2018,75.8274002075
nic,1963,91.1100006104
nic,1971,79.5500030518
nic,1977,78.6500015259
nic,1980,51.4199981689
nic,1989,84.7900009155
nic,1990,86.3799972534
nic,1991,87.5500030518
nic,1995,84.4599990845
nic,1996,85.2500000000
nic,1998,86.7699966431
nic,1999,87.5199966431
nic,2000,80.1999969482
nic,2001,50.7500000000
nic,2003,78.5000000000
nic,2004,79.0000000000
nic,2005,78.8000030518
nic,2006,78.1699981689
nic,2007,77.5000000000
nic,2008,78.8000030518
nic,2012,87.9617004395
nic,2013,87.3799972534
nic,2014,83.3442001343
ner,1960,53.0000000000
ner,1977,93.6900024414
ner,1988,87.1399993896
ner,2001,87.3499984741
ner,2005,89.8300018311
ner,2011,91.1129989624
ner,2012,67.1681976318
ner,2014,85.9825973511
ner,2017,39.5597000122
nga,1963,87.9700012207
nga,1983,79.8199996948
nga,1986,78.3399963379
nga,1991,71.1999969482
nga,2004,63.5400009155
nga,2011,64.2160034180
nga,2013,59.0936012268
mkd,1991,68.4899978638
mkd,1994,70.6200027466
mkd,1996,66.9800033569
mkd,1997,66.5000000000
mkd,1998,67.4000015259
mkd,1999,65.4800033569
mkd,2000,64.4000015259
mkd,2001,65.5999984741
mkd,2002,63.6800003052
mkd,2003,65.5699996948
mkd,2006,66.2313003540
mkd,2007,66.1401977539
mkd,2008,67.6115036011
mkd,2009,68.4509963989
mkd,2010,68.5735015869
mkd,2011,67.5518035889
mkd,2012,67.4035034180
mkd,2013,67.2799987793
mkd,2014,67.9634017944
mkd,2015,67.4142990112
mkd,2016,67.5764007568
mkd,2017,67.6628036499
mkd,2018,67.4669036865
mnp,1985,70.4199981689
mnp,1990,87.4300003052
mnp,1995,88.0100021362
mnp,2003,82.5400009155
mnp,2010,77.6299972534
nor,1960,82.5999984741
nor,1970,74.8799972534
nor,1980,79.5299987793
nor,1981,79.3499984741
nor,1982,79.4400024414
nor,1983,78.5199966431
nor,1984,78.4599990845
nor,1985,78.0899963379
nor,1986,78.3799972534
nor,1987,78.6600036621
nor,1988,78.5899963379
nor,1989,77.3000030518
nor,1990,76.4970016479
nor,1991,74.5680007935
nor,1992,74.4899978638
nor,1993,73.9020004272
nor,1994,74.2710037231
nor,1995,74.3003997803
nor,1996,76.0159988403
nor,1997,77.7004013062
nor,1998,78.5463027954
nor,1999,77.7693023682
nor,2000,78.3395996094
nor,2001,78.1681976318
nor,2002,77.7045974731
nor,2003,76.4618988037
nor,2004,75.9959030151
nor,2005,75.8206024170
nor,2006,75.4029998779
nor,2007,75.8298034668
nor,2008,76.8771972656
nor,2009,75.4779968262
nor,2010,74.8684005737
nor,2011,73.9475021362
nor,2012,74.2823028564
nor,2013,73.7283020020
nor,2014,66.7925033569
nor,2015,67.6134033203
nor,2016,66.8691024780
nor,2017,65.9140014648
nor,2018,66.3600006104
omn,2000,59.2500000000
omn,2003,76.9400024414
omn,2008,79.1816177368
omn,2013,64.0899963379
omn,2016,87.8099975586
omn,2018,82.3000030518
pak,1961,54.9900016785
pak,1972,51.9500007629
pak,1976,87.1399993896
pak,1977,87.1299972534
pak,1978,87.1999969482
pak,1979,87.1600036621
pak,1980,87.1999969482
pak,1981,86.5899963379
pak,1982,86.5599975586
pak,1983,85.1299972534
pak,1984,85.1399993896
pak,1985,87.0800018311
pak,1986,85.3499984741
pak,1988,84.8899993896
pak,1989,52.0999984741
pak,1990,84.8899993896
pak,1991,83.5299987793
pak,1992,83.5299987793
pak,1993,82.2699966431
pak,1994,82.5899963379
pak,1995,82.2900009155
pak,1997,83.0599975586
pak,1998,82.4700012207
pak,2000,83.1699981689
pak,2002,82.7300033569
pak,2004,82.7200012207
pak,2006,80.0874023438
pak,2007,79.9266967773
pak,2008,79.3797988892
pak,2009,78.9947967529
pak,2010,78.7937011719
pak,2011,78.6256027222
pak,2013,79.2479019165
pak,2014,78.6560974121
pak,2015,79.7287979126
pak,2018,80.3481979370
plw,1995,77.1999969482
plw,2000,62.1097984314
plw,2005,75.4000015259
plw,2006,100.0000000000
plw,2014,73.2699966431
pan,1960,87.0999984741
pan,1970,86.0500030518
pan,1979,80.8000030518
pan,1980,73.7500000000
pan,1983,78.5599975586
pan,1984,78.7200012207
pan,1985,78.8399963379
pan,1986,76.7500000000
pan,1988,78.1200027466
pan,1989,78.6200027466
pan,1990,76.9899978638
pan,1991,77.0599975586
pan,1993,80.5100021362
pan,1994,80.0800018311
pan,1995,81.2600021362
pan,1997,80.4000015259
pan,1998,79.4199981689
pan,1999,79.7300033569
pan,2000,77.4000015259
pan,2001,75.4000015259
pan,2002,79.5599975586
pan,2003,79.3600006104
pan,2004,80.2500000000
pan,2005,79.8199996948
pan,2006,79.4300003052
pan,2007,78.7500000000
pan,2008,80.9700012207
pan,2009,80.9100036621
pan,2010,78.3859024048
pan,2011,77.4306030273
pan,2012,78.8078002930
pan,2013,78.4916992188
pan,2014,77.8924026489
pan,2015,76.8648986816
pan,2016,77.1597976685
pan,2017,76.0345001221
pan,2018,77.3386001587
png,1966,93.0500030518
png,1971,88.0400009155
png,2000,73.5299987793
png,2010,48.9819984436
pry,1962,92.8199996948
pry,1972,89.7399978638
pry,1982,89.3300018311
pry,1989,85.4499969482
pry,1990,82.9800033569
pry,1991,82.0999984741
pry,1992,83.0400009155
pry,1993,85.0999984741
pry,1994,85.8700027466
pry,1995,91.0999984741
pry,1996,86.4000015259
pry,1998,86.8000030518
pry,1999,85.5000000000
pry,2000,85.3000030518
pry,2001,85.3000030518
pry,2002,85.9655990601
pry,2003,83.9645996094
pry,2004,86.0102005005
pry,2005,84.9990997314
pry,2006,83.4490966797
pry,2007,83.9700012207
pry,2008,84.9785003662
pry,2009,84.1772994995
pry,2010,82.3972015381
pry,2011,81.6945037842
pry,2012,82.7397994995
pry,2013,82.3590011597
pry,2014,81.9474029541
pry,2015,81.4776992798
pry,2016,83.5755996704
pry,2017,83.6542968750
pry,2018,84.4310989380
per,1961,87.3899993896
per,1972,80.3300018311
per,1979,79.3300018311
per,1980,79.1600036621
per,1981,79.1800003052
per,1982,79.0000000000
per,1984,71.8499984741
per,1986,75.2399978638
per,1987,74.8499984741
per,1989,75.2300033569
per,1990,76.6999969482
per,1991,71.9100036621
per,1992,75.4000015259
per,1993,73.4100036621
per,1994,76.4100036621
per,1995,77.5800018311
per,1997,77.9800033569
per,1998,79.6600036621
per,1999,79.4199981689
per,2000,78.8499984741
per,2001,79.6200027466
per,2002,81.8856964111
per,2003,81.4964981079
per,2004,83.0038986206
per,2005,80.3551025391
per,2006,83.0279006958
per,2007,85.1548995972
per,2008,84.9793014526
per,2009,85.2388992310
per,2010,85.0867996216
per,2011,84.3787994385
per,2012,84.2833023071
per,2013,83.6277999878
per,2014,83.0381011963
per,2015,82.7253036499
per,2016,81.6332015991
per,2017,82.9375000000
per,2018,78.4718017578
phl,1960,82.4100036621
phl,1970,77.9499969482
phl,1975,47.1699981689
phl,1976,48.0000000000
phl,1978,81.3899993896
phl,1980,45.1800003052
phl,1983,78.9800033569
phl,1985,80.2600021362
phl,1987,83.3000030518
phl,1988,83.1999969482
phl,1989,82.3099975586
phl,1990,81.7600021362
phl,1991,82.4700012207
phl,1992,82.5800018311
phl,1993,81.8199996948
phl,1994,81.6299972534
phl,1995,82.1100006104
phl,1996,82.6999969482
phl,1997,82.3799972534
phl,1998,82.8899993896
phl,1999,81.7799987793
phl,2000,80.3499984741
phl,2001,75.9699020386
phl,2002,80.8099975586
phl,2003,75.4620971680
phl,2004,76.5446014404
phl,2005,75.9315032959
phl,2006,75.4513015747
phl,2007,75.1393966675
phl,2008,75.3262023926
phl,2009,75.2660980225
phl,2010,74.9832992554
phl,2011,75.7496032715
phl,2012,75.2136993408
phl,2013,74.7397003174
phl,2014,75.4057998657
phl,2015,74.2850036621
phl,2016,75.0481033325
phl,2017,73.3162002563
phl,2018,72.4832000732
pol,1960,86.1200027466
pol,1970,79.9499969482
pol,1978,76.6100006104
pol,1988,74.3000030518
pol,1992,70.1220016479
pol,1993,69.2679977417
pol,1994,68.1719970703
pol,1995,66.7770004272
pol,1996,66.1920013428
pol,1997,65.7710037231
pol,1998,65.1583023071
pol,1999,64.3503036499
pol,2000,64.1681976318
pol,2001,64.0301971436
pol,2002,62.9724006653
pol,2003,61.9094009399
pol,2004,62.0540008545
pol,2005,62.8259010315
pol,2006,62.1445007324
pol,2007,61.9327011108
pol,2008,62.6729011536
pol,2009,63.4201011658
pol,2010,63.7291984558
pol,2011,64.0315017700
pol,2012,64.2807998657
pol,2013,64.4085998535
pol,2014,64.6934967041
pol,2015,64.5802001953
pol,2016,64.8188018799
pol,2017,65.1841964722
pol,2018,64.9483032227
prt,1960,90.9800033569
prt,1970,86.8499984741
prt,1978,80.3000030518
prt,1979,80.5000000000
prt,1980,79.6399993896
prt,1981,78.6200027466
prt,1982,78.1299972534
prt,1984,74.0699996948
prt,1985,72.4700012207
prt,1986,73.3967971802
prt,1987,72.3851013184
prt,1988,71.9282989502
prt,1989,72.2845993042
prt,1990,71.6999969482
prt,1991,72.6119003296
prt,1992,70.8291015625
prt,1993,69.3649978638
prt,1994,68.5035018921
prt,1995,67.8444976807
prt,1996,67.1204986572
prt,1997,67.1275024414
prt,1998,70.2184982300
prt,1999,69.8925018311
prt,2000,69.7297973633
prt,2001,70.2237014771
prt,2002,70.7710037231
prt,2003,69.9636001587
prt,2004,69.5158004761
prt,2005,69.1199035645
prt,2006,69.2950973511
prt,2007,69.1451034546
prt,2008,68.9254989624
prt,2009,67.7108001709
prt,2010,67.2211990356
prt,2011,67.0967025757
prt,2012,66.2986984253
prt,2013,65.1204986572
prt,2014,64.5164031982
prt,2015,64.1143035889
prt,2016,64.0988006592
prt,2017,64.5391998291
prt,2018,64.4040985107
pri,1960,65.6699981689
pri,1970,56.7799987793
pri,1976,64.9100036621
pri,1977,62.7200012207
pri,1978,62.8300018311
pri,1979,62.0000000000
pri,1980,52.1899986267
pri,1981,60.0200004578
pri,1982,59.1800003052
pri,1983,58.0400009155
pri,1984,57.7400016785
pri,1985,58.1399993896
pri,1986,57.2200012207
pri,1987,58.7200012207
pri,1988,60.7099990845
pri,1990,60.5400009155
pri,1991,61.8600006104
pri,1992,61.1199989319
pri,1993,62.0699996948
pri,1995,60.4199981689
pri,1996,61.7999992371
pri,1997,62.3899993896
pri,1998,62.4199981689
pri,1999,60.0000000000
pri,2000,59.0600013733
pri,2002,58.0600013733
pri,2003,58.3300018311
pri,2004,58.8800010681
pri,2005,59.6100006104
pri,2006,58.1500015259
pri,2007,56.8400001526
pri,2008,54.9000015259
pri,2010,51.2999992371
pri,2011,49.2999992371
pri,2012,50.7999992371
pri,2015,49.1699981689
qat,1986,92.9899978638
qat,1997,89.1999969482
qat,2004,91.6999969482
qat,2007,94.9400024414
qat,2009,96.0400009155
qat,2010,95.9700012207
qat,2011,95.7200012207
qat,2012,95.6800003052
qat,2013,93.6299972534
qat,2014,95.9400024414
qat,2015,96.0999984741
qat,2016,99.8099975586
qat,2017,95.6399993896
qat,2018,95.9499969482
rou,1966,83.2799987793
rou,1977,75.1100006104
rou,1992,67.4599990845
rou,1995,74.2900009155
rou,1996,72.6800003052
rou,1997,72.8309020996
rou,1998,72.1303024292
rou,1999,71.7415008545
rou,2000,71.1529998779
rou,2001,69.7776031494
rou,2002,64.7759017944
rou,2003,63.3161010742
rou,2004,63.0256004333
rou,2005,61.5341987610
rou,2006,62.6245002747
rou,2007,62.6035995483
rou,2008,62.7664985657
rou,2009,62.8166007996
rou,2010,64.2111968994
rou,2011,62.7475013733
rou,2012,63.6218986511
rou,2013,63.6918983459
rou,2014,64.1738967896
rou,2015,64.4682998657
rou,2016,63.6343002319
rou,2017,64.6179962158
rou,2018,64.9380035400
rus,1989,77.3600006104
rus,1992,78.1949996948
rus,1993,75.9479980469
rus,1994,73.4710006714
rus,1995,72.7799987793
rus,1996,71.3330001831
rus,1997,69.3040008545
rus,1998,67.9160003662
rus,1999,71.4639968872
rus,2000,71.5019989014
rus,2001,70.0920028687
rus,2002,70.2200012207
rus,2003,69.8919982910
rus,2004,70.5449981689
rus,2005,71.0569992065
rus,2006,71.2819976807
rus,2007,72.3700027466
rus,2008,73.3290023804
rus,2009,73.4100036621
rus,2010,73.8365020752
rus,2011,74.3902969360
rus,2012,74.6976013184
rus,2013,74.6953964233
rus,2014,75.1108016968
rus,2015,75.5264968872
rus,2016,75.9418029785
rus,2017,71.3379974365
rus,2018,71.3207015991
rwa,1978,93.1200027466
rwa,1989,44.5999984741
rwa,1996,87.1100006104
rwa,2000,84.0999984741
rwa,2002,77.6100006104
rwa,2005,81.3000030518
rwa,2012,75.6500015259
rwa,2014,83.4410018921
rwa,2017,60.6520004272
rwa,2018,61.6669006348
wsm,1961,87.6399993896
wsm,1966,84.4800033569
wsm,1971,84.8300018311
wsm,1976,77.1200027466
wsm,1981,78.7300033569
wsm,1991,77.2600021362
wsm,2001,67.4800033569
wsm,2006,65.1800003052
wsm,2011,58.3400001526
wsm,2012,39.8771018982
wsm,2014,39.8699989319
wsm,2017,54.9882011414
smr,1976,78.7200012207
smr,1985,73.0699996948
smr,1986,72.7500000000
smr,1987,72.6399993896
smr,1988,72.4100036621
smr,1989,72.3000030518
smr,1990,72.5400009155
smr,1991,72.6699981689
smr,1992,73.4199981689
smr,1993,73.6100006104
smr,1995,75.7799987793
smr,1996,75.8700027466
smr,1997,75.8099975586
smr,1998,76.0400009155
smr,1999,75.9599990845
smr,2001,81.6500015259
smr,2002,80.6800003052
smr,2003,79.2500000000
smr,2015,86.2399978638
smr,2016,85.4300003052
stp,1981,81.4400024414
stp,1991,76.7600021362
stp,2000,62.2000007629
stp,2006,41.5499992371
sau,1992,79.9599990845
sau,1999,73.5100021362
sau,2000,75.2900009155
sau,2001,74.4800033569
sau,2002,73.5800018311
sau,2006,74.2900009155
sau,2007,74.4899978638
sau,2008,74.3600006104
sau,2009,74.1600036621
sau,2011,76.4899978638
sau,2012,77.6100006104
sau,2013,78.3000030518
sau,2014,78.1900024414
sau,2015,77.6200027466
sau,2016,78.3300018311
sau,2017,78.4100036621
sau,2018,78.7399978638
sen,1988,83.0999984741
sen,1991,75.1999969482
sen,2006,68.7099990845
sen,2011,68.1299972534
sen,2015,58.0101013184
srb,2004,64.5999984741
srb,2005,63.0000000000
srb,2006,60.1100006104
srb,2007,59.7200012207
srb,2008,60.3686981201
srb,2009,57.6682014465
srb,2010,55.5029983521
srb,2011,55.5845985413
srb,2012,55.7508010864
srb,2013,57.1116981506
srb,2014,60.6576995850
srb,2015,60.3115997314
srb,2016,61.7879981995
srb,2017,62.2118988037
srb,2018,62.8632011414
syc,1960,86.1900024414
syc,1971,86.7500000000
syc,1977,84.8600006104
syc,1994,73.5299987793
syc,2011,68.2699966431
syc,2014,73.5474014282
syc,2015,75.2686004639
syc,2016,73.0895004272
syc,2017,73.8747024536
syc,2018,71.2117996216
sle,1963,86.1299972534
sle,2003,64.6100006104
sle,2004,66.3199996948
sle,2014,57.6455993652
sgp,1970,82.2900009155
sgp,1975,79.3099975586
sgp,1976,78.4899978638
sgp,1977,78.7200012207
sgp,1978,79.8199996948
sgp,1979,80.6800003052
sgp,1980,80.8499984741
sgp,1982,81.5299987793
sgp,1983,81.6200027466
sgp,1984,81.1900024414
sgp,1985,79.9100036621
sgp,1986,79.3499984741
sgp,1987,78.6399993896
sgp,1988,78.4800033569
sgp,1989,78.5899963379
sgp,1991,61.2400016785
sgp,1992,71.7699966431
sgp,1993,71.4899978638
sgp,1994,70.6600036621
sgp,1995,64.7200012207
sgp,1996,68.4499969482
sgp,1997,66.0899963379
sgp,1998,64.1900024414
sgp,2005,74.4000015259
sgp,2008,76.0599975586
sgp,2009,76.2639617920
sgp,2010,76.5030212402
sgp,2012,75.9800033569
sgp,2013,75.8000030518
sgp,2014,75.9199981689
sgp,2015,76.7099990845
sgp,2016,76.1800003052
sgp,2017,75.9800033569
sgp,2018,75.6500015259
svk,1991,73.0400009155
svk,1993,69.8000030518
svk,1994,69.1360015869
svk,1995,68.8610000610
svk,1996,68.6859970093
svk,1997,68.3170013428
svk,1998,68.2378005981
svk,1999,67.7604980469
svk,2000,67.9255981445
svk,2001,68.8022003174
svk,2002,67.7629013062
svk,2003,68.1572036743
svk,2004,68.3115005493
svk,2005,68.3740997314
svk,2006,68.2629013062
svk,2007,67.7751007080
svk,2008,68.2779006958
svk,2009,68.1209030151
svk,2010,67.8255996704
svk,2011,68.0446014404
svk,2012,68.3666000366
svk,2013,68.1398010254
svk,2014,68.2238998413
svk,2015,67.8862991333
svk,2016,68.0784988403
svk,2017,67.7235031128
svk,2018,67.8095016479
svn,1991,67.7200012207
svn,1993,58.4199981689
svn,1994,64.2399978638
svn,1995,66.2399978638
svn,1996,64.3889999390
svn,1997,64.7312011719
svn,1998,66.2507019043
svn,1999,64.7966003418
svn,2000,63.8103981018
svn,2001,64.6513977051
svn,2002,64.7024002075
svn,2003,63.1178016663
svn,2004,65.4870986938
svn,2005,65.9850997925
svn,2006,65.6614990234
svn,2007,66.3750991821
svn,2008,65.6288986206
svn,2009,65.4589996338
svn,2010,65.2777023315
svn,2011,63.7094993591
svn,2012,63.0400009155
svn,2013,63.0812988281
svn,2014,63.2986984253
svn,2015,62.9132003784
svn,2016,61.3212013245
svn,2017,63.1720008850
svn,2018,63.9846000671
slb,2009,63.4799995422
slb,2013,87.8779983521
zaf,1960,54.6800003052
zaf,1970,50.9300003052
zaf,1980,46.2500000000
zaf,1985,47.9199981689
zaf,1991,45.5000000000
zaf,1994,58.4000015259
zaf,1996,52.9000015259
zaf,1997,52.5000000000
zaf,1998,55.7000007629
zaf,1999,57.7000007629
zaf,2000,59.7257995605
zaf,2001,59.8773994446
zaf,2002,59.1293983459
zaf,2003,58.2509994507
zaf,2004,56.7139015198
zaf,2005,57.8527984619
zaf,2006,57.8036003113
zaf,2007,58.1882019043
zaf,2008,64.3911972046
zaf,2009,62.3606987000
zaf,2010,60.5646018982
zaf,2011,59.9114990234
zaf,2012,60.3865013123
zaf,2013,60.5262985229
zaf,2014,60.7510986328
zaf,2015,62.0438003540
zaf,2016,62.2673988342
zaf,2017,62.6559982300
zaf,2018,62.3461990356
zaf,2019,62.4832000732
ssd,2008,76.7099990845
esp,1960,89.0299987793
esp,1970,80.2300033569
esp,1977,75.3499984741
esp,1978,74.1900024414
esp,1979,73.2799987793
esp,1980,72.1600036621
esp,1981,71.4899978638
esp,1982,70.9000015259
esp,1983,70.0500030518
esp,1984,69.4100036621
esp,1985,68.7099990845
esp,1986,68.2444000244
esp,1987,67.1463012695
esp,1988,66.3242034912
esp,1989,65.8454971313
esp,1990,66.0647964478
esp,1991,65.2811965942
esp,1992,66.1483993530
esp,1993,65.6253967285
esp,1994,65.0858001709
esp,1995,64.1984024048
esp,1996,64.2567977905
esp,1997,64.4023971558
esp,1998,64.6178970337
esp,1999,64.9319992065
esp,2000,65.5753021240
esp,2001,65.3385009766
esp,2002,66.0326004028
esp,2003,66.7872009277
esp,2004,67.1893005371
esp,2005,68.1048965454
esp,2006,68.3663024902
esp,2007,68.5302963257
esp,2008,68.6865005493
esp,2009,67.8215026855
esp,2010,67.3379974365
esp,2011,66.8199996948
esp,2012,66.3261032104
esp,2013,65.6240005493
esp,2014,65.0391006470
esp,2015,64.8246994019
esp,2016,64.2753982544
esp,2017,63.8931007385
esp,2018,63.7211990356
lka,1963,82.1100006104
lka,1970,45.1599998474
lka,1971,81.2099990845
lka,1981,52.3800010681
lka,1985,80.2200012207
lka,1986,79.3899993896
lka,1990,77.8700027466
lka,1992,76.3600006104
lka,1993,76.2300033569
lka,1994,76.6699981689
lka,1995,74.8099975586
lka,1996,75.5899963379
lka,1997,75.6999969482
lka,1998,76.8099975586
lka,1999,77.4700012207
lka,2000,75.6800003052
lka,2001,66.1999969482
lka,2002,67.9000015259
lka,2003,76.7799987793
lka,2004,74.8399963379
lka,2005,75.8199996948
lka,2006,67.7900009155
lka,2007,76.1600036621
lka,2008,67.7500000000
lka,2009,71.6399993896
lka,2010,74.9770965576
lka,2011,73.9819030762
lka,2012,74.9800033569
lka,2013,74.8189010620
lka,2014,74.5367965698
lka,2015,74.6377029419
lka,2016,75.0276031494
lka,2017,74.4707031250
kna,1960,45.0200004578
kna,1970,38.3199996948
kna,1980,79.5299987793
kna,1991,76.8499984741
kna,2001,73.0500030518
lca,1991,78.8899993896
lca,1993,78.9000015259
lca,1994,76.3000030518
lca,1995,78.5000000000
lca,1996,77.6999969482
lca,1997,78.4000015259
lca,1998,77.0000000000
lca,1999,77.0000000000
lca,2000,75.0000000000
lca,2001,75.5199966431
lca,2003,75.1800003052
lca,2004,73.8000030518
lca,2005,76.1999969482
lca,2006,69.5999984741
lca,2007,73.1999969482
lca,2008,65.7099990845
lca,2009,70.1999969482
lca,2011,72.7099990845
lca,2012,73.7500000000
lca,2013,75.4700012207
lca,2015,78.2762985229
lca,2016,78.1798019409
vct,1960,40.4599990845
vct,1970,37.2700004578
vct,1991,80.7699966431
sdn,1973,89.1100006104
sdn,1983,85.1900024414
sdn,1990,75.6699981689
sdn,1993,74.5699996948
sdn,1996,74.7200012207
sdn,2008,66.1999969482
sdn,2009,73.0000000000
sdn,2011,70.0559997559
sur,1964,64.5100021362
sur,1980,54.8300018311
sur,1987,68.2099990845
sur,1989,55.6100006104
sur,1990,68.1999969482
sur,1992,67.0699996948
sur,1993,68.1900024414
sur,1994,64.4700012207
sur,1995,64.2300033569
sur,1999,61.1199989319
sur,2009,75.6699981689
sur,2010,76.9400024414
sur,2011,75.0999984741
sur,2012,73.5400009155
sur,2013,75.6800003052
sur,2014,76.1999969482
sur,2015,72.5599975586
swe,1965,74.9800033569
swe,1975,74.2900009155
swe,1976,73.7600021362
swe,1982,77.0400009155
swe,1983,76.6699981689
swe,1984,76.2099990845
swe,1985,76.5000000000
swe,1986,85.7200012207
swe,1987,85.7600021362
swe,1989,86.7500000000
swe,1990,77.4940032959
swe,1991,76.9970016479
swe,1992,75.4120025635
swe,1993,73.8190002441
swe,1994,73.3209991455
swe,1995,71.9707031250
swe,1996,65.4214019775
swe,1997,65.2918014526
swe,1998,65.5879974365
swe,1999,65.5223999023
swe,2000,64.5083999634
swe,2001,67.0170974731
swe,2002,66.7481994629
swe,2003,66.7350997925
swe,2004,66.6411972046
swe,2005,67.0951004028
swe,2006,67.5963973999
swe,2007,67.8019027710
swe,2008,68.1872024536
swe,2009,67.3165969849
swe,2010,73.8842010498
swe,2011,73.9356002808
swe,2012,73.9360961914
swe,2013,74.2538986206
swe,2014,74.7269973755
swe,2015,74.4338989258
swe,2016,74.4427032471
swe,2017,75.1491012573
swe,2018,75.5035018921
che,1960,87.2300033569
che,1970,84.3300018311
che,1978,63.0000000000
che,1979,63.2200012207
che,1980,79.2900009155
che,1985,66.2099990845
che,1986,66.3899993896
che,1988,66.3700027466
che,1989,66.5400009155
che,1990,79.2600021362
che,1991,80.8690032959
che,1992,80.2259979248
che,1993,80.2809982300
che,1994,79.2429962158
che,1995,79.0329971313
che,1996,79.0155029297
che,1997,78.6305999756
che,1998,78.4998016357
che,1999,78.2216033936
che,2000,77.7724990845
che,2001,77.3965988159
che,2002,76.7123031616
che,2003,76.7860031128
che,2004,75.9667968750
che,2005,75.0971984863
che,2006,75.4159011841
che,2007,75.7779006958
che,2008,75.4615020752
che,2009,75.2401962280
che,2010,74.3429031372
che,2011,74.6803970337
che,2012,74.4919967651
che,2013,74.1885986328
che,2014,74.1436996460
che,2015,74.2230987549
che,2016,74.4992980957
che,2017,74.4737014771
che,2018,74.2388992310
syr,1960,83.7900009155
syr,1970,78.9899978638
syr,1981,79.0599975586
syr,1983,75.3000030518
syr,1984,78.8300018311
syr,1989,43.3600006104
syr,1991,44.6500015259
syr,1993,80.5999984741
syr,1995,76.4682006836
syr,1997,71.4000015259
syr,1998,83.8300018311
syr,1999,80.6500015259
syr,2000,79.8600006104
syr,2001,83.2900009155
syr,2002,81.5699996948
syr,2003,76.5100021362
syr,2006,74.1200027466
syr,2007,73.5800018311
syr,2008,72.9800033569
syr,2009,71.6100006104
syr,2010,72.1800003052
syr,2011,71.1999969482
tjk,1996,32.5200004578
tjk,2003,63.0000000000
tjk,2004,73.9899978638
tjk,2009,55.9704017639
tjk,2016,52.8699989319
tza,1978,82.8399963379
tza,2001,88.6546020508
tza,2006,89.6680984497
tza,2011,83.2900009155
tza,2013,82.4599990845
tza,2014,88.1223983765
tha,1976,74.4800033569
tha,1978,88.0000000000
tha,1979,86.0500030518
tha,1980,87.8099975586
tha,1982,87.9100036621
tha,1984,87.8099975586
tha,1987,87.2099990845
tha,1988,87.5899963379
tha,1989,88.1699981689
tha,1990,87.6699981689
tha,1994,83.8300018311
tha,1996,82.5100021362
tha,1997,82.2300033569
tha,1998,81.5299987793
tha,1999,80.2699966431
tha,2000,80.5599975586
tha,2001,81.4400024414
tha,2003,81.0699996948
tha,2004,81.8099975586
tha,2005,81.5100021362
tha,2006,81.2699966431
tha,2007,81.6800003052
tha,2008,81.4899978638
tha,2009,81.3099975586
tha,2010,79.9681015015
tha,2011,81.0899963379
tha,2012,81.1699981689
tha,2013,79.9093017578
tha,2014,78.6894989014
tha,2015,77.9287033081
tha,2016,76.8783035278
tha,2017,76.1847000122
tha,2018,76.5257034302
tls,2001,78.2099990845
tls,2004,75.0000000000
tls,2010,55.9542999268
tls,2013,39.6440010071
tls,2016,72.6091003418
tgo,1960,49.2900009155
tgo,1970,43.1399993896
tgo,1980,83.5000000000
tgo,1981,77.2699966431
tgo,2006,80.6802978516
tgo,2011,80.2036972046
tgo,2014,60.3587989807
tgo,2015,49.3810997009
tgo,2017,60.5954017639
ton,1966,84.8199996948
ton,1976,71.8399963379
ton,1984,50.0400009155
ton,1986,69.1900024414
ton,1990,75.6100006104
ton,1994,74.2099990845
ton,2003,46.3300018311
ton,2018,56.1828002930
tto,1960,86.2500000000
tto,1970,81.5999984741
tto,1971,48.7700004578
tto,1974,50.2000007629
tto,1978,53.2400016785
tto,1979,81.6200027466
tto,1980,75.5199966431
tto,1981,81.5500030518
tto,1983,82.0199966431
tto,1985,81.1699981689
tto,1986,79.5599975586
tto,1987,78.5199966431
tto,1988,72.4599990845
tto,1989,71.3700027466
tto,1990,74.3399963379
tto,1991,67.3000030518
tto,1992,76.1999969482
tto,1993,73.1399993896
tto,1994,74.5999984741
tto,1995,75.4700012207
tto,1996,74.1699981689
tto,1997,74.8000030518
tto,1998,75.2600021362
tto,1999,75.0199966431
tto,2000,75.3300018311
tto,2001,75.0000000000
tto,2002,74.5599975586
tto,2003,74.3000030518
tto,2004,75.1999969482
tto,2005,75.2600021362
tto,2006,74.7300033569
tto,2007,75.1900024414
tto,2008,74.5299987793
tto,2009,74.3600006104
tto,2010,72.2559967041
tto,2011,71.5537033081
tto,2012,71.4303970337
tto,2013,71.1027984619
tto,2014,71.6489028931
tto,2015,70.6405029297
tto,2016,68.9912033081
tun,1966,83.4899978638
tun,1975,83.5999984741
tun,1980,79.2099990845
tun,1984,79.0400009155
tun,1989,75.3700027466
tun,1994,73.7600021362
tun,1997,73.4499969482
tun,2003,48.7999992371
tun,2005,67.8535995483
tun,2006,67.2884979248
tun,2007,67.6826019287
tun,2008,67.9806976318
tun,2009,68.6994018555
tun,2010,69.4907989502
tun,2011,70.1126022339
tun,2012,70.3161010742
tun,2013,70.0370025635
tun,2015,68.7830963135
tur,1960,93.7600021362
tur,1965,91.9400024414
tur,1970,84.6999969482
tur,1975,85.4400024414
tur,1980,84.5500030518
tur,1985,83.1600036621
tur,1988,81.4300003052
tur,1989,80.6399993896
tur,1990,79.7030029297
tur,1991,80.2549972534
tur,1992,79.6409988403
tur,1993,78.0270004272
tur,1994,78.4940032959
tur,1995,77.7819976807
tur,1996,77.3389968872
tur,1997,76.7239990234
tur,1998,76.7440032959
tur,1999,75.7959976196
tur,2000,73.7160034180
tur,2001,72.8720016479
tur,2002,71.5979995728
tur,2003,70.4300003052
tur,2004,70.3069992065
tur,2005,70.5540008545
tur,2006,68.8917999268
tur,2007,68.8301010132
tur,2008,69.2182006836
tur,2009,69.4153976440
tur,2010,69.9171981812
tur,2011,70.9590988159
tur,2012,70.3405990601
tur,2013,70.8649978638
tur,2014,71.2436981201
tur,2015,71.5699996948
tur,2016,71.9670028687
tur,2017,72.4352035522
tur,2018,72.6071014404
tca,1960,92.3099975586
tca,1970,40.2999992371
tca,1980,80.8099975586
tuv,2002,67.4499969482
tuv,2016,71.2014007568
uga,1991,77.2500000000
uga,2002,80.5000000000
uga,2003,38.9000015259
uga,2005,72.1999969482
uga,2012,74.7731018066
uga,2013,88.1699981689
uga,2017,61.8400001526
ukr,1970,54.3800010681
ukr,1979,56.7299995422
ukr,1989,66.7099990845
ukr,1995,73.0599975586
ukr,1998,71.4800033569
ukr,1999,65.7399978638
ukr,2001,67.9400024414
ukr,2002,67.5599975586
ukr,2003,67.2600021362
ukr,2004,66.8207015991
ukr,2005,67.9352035522
ukr,2006,68.2369995117
ukr,2007,68.8768005371
ukr,2008,69.8324966431
ukr,2009,69.1999969482
ukr,2011,70.6999969482
ukr,2012,71.3000030518
ukr,2014,69.2799987793
ukr,2015,69.1600036621
ukr,2016,69.0800018311
ukr,2017,69.0000000000
ukr,2018,69.0391998291
are,1975,93.3099975586
are,1980,94.0100021362
are,1995,92.2399978638
are,2005,92.6999969482
are,2008,89.3700027466
are,2009,88.9300003052
are,2016,93.2200012207
are,2017,92.7787017822
are,2018,93.0780029297
gbr,1961,86.8899993896
gbr,1966,83.8300018311
gbr,1971,81.3199996948
gbr,1978,59.4300003052
gbr,1979,58.9300003052
gbr,1980,58.7500000000
gbr,1981,76.0000000000
gbr,1983,73.3352966309
gbr,1984,73.4587020874
gbr,1985,74.3768005371
gbr,1986,73.8937988281
gbr,1987,73.8459014893
gbr,1988,74.1361007690
gbr,1989,74.4989013672
gbr,1990,74.3749008179
gbr,1991,73.7946014404
gbr,1992,73.0426025391
gbr,1993,71.9108963013
gbr,1994,71.5514984131
gbr,1995,71.2182006836
gbr,1996,70.9621963501
gbr,1997,70.8812026978
gbr,1998,70.6259002686
gbr,1999,70.1685028076
gbr,2000,70.2209014893
gbr,2001,69.5655975342
gbr,2002,69.4430007935
gbr,2003,69.6920013428
gbr,2004,69.2977981567
gbr,2005,69.5964965820
gbr,2006,69.9138031006
gbr,2007,69.7925033569
gbr,2008,69.9702987671
gbr,2009,69.3534011841
gbr,2010,68.9998016357
gbr,2011,68.7914962769
gbr,2012,68.8701019287
gbr,2013,68.7661972046
gbr,2014,68.6168975830
gbr,2015,68.5612030029
gbr,2016,68.6210021973
gbr,2017,68.2490997314
gbr,2018,68.3476028442
usa,1960,83.3000030518
usa,1961,82.9000015259
usa,1962,82.0000000000
usa,1963,81.4000015259
usa,1964,81.0000000000
usa,1965,80.6999969482
usa,1966,80.4000015259
usa,1967,80.4000015259
usa,1968,80.0999984741
usa,1969,79.8000030518
usa,1970,79.6999969482
usa,1971,79.0999984741
usa,1972,78.9000015259
usa,1973,78.8000030518
usa,1974,78.6999969482
usa,1975,77.9000015259
usa,1976,77.5000000000
usa,1977,77.6999969482
usa,1978,77.9000015259
usa,1979,77.8000030518
usa,1980,77.4000015259
usa,1981,77.0000000000
usa,1982,76.5999984741
usa,1983,76.4000015259
usa,1984,76.4000015259
usa,1985,76.3000030518
usa,1986,76.3000030518
usa,1987,76.1999969482
usa,1988,76.1999969482
usa,1989,76.4000015259
usa,1990,76.4000015259
usa,1991,75.8000030518
usa,1992,75.8000030518
usa,1993,75.4000015259
usa,1994,75.1233978271
usa,1995,75.0503005981
usa,1996,75.0318984985
usa,1997,75.0863037109
usa,1998,74.8891983032
usa,1999,74.7197036743
usa,2000,74.8103027344
usa,2001,74.4425964355
usa,2002,74.1019973755
usa,2003,73.5077972412
usa,2004,73.3264007568
usa,2005,73.3225021362
usa,2006,73.4643020630
usa,2007,73.2230987549
usa,2008,72.9533996582
usa,2009,71.9520034790
usa,2010,71.1836013794
usa,2011,70.4749984741
usa,2012,70.1587982178
usa,2013,69.7284011841
usa,2014,69.2141036987
usa,2015,69.0502014160
usa,2016,69.1891021729
usa,2017,69.0690994263
usa,2018,69.0549011230
usa,2019,69.1539993286
ury,1963,81.1600036621
ury,1975,78.3700027466
ury,1984,72.8099975586
ury,1985,70.5999984741
ury,1990,59.3199996948
ury,1991,73.3199996948
ury,1992,72.6500015259
ury,1993,71.7600021362
ury,1994,73.0800018311
ury,1995,73.9599990845
ury,1996,74.7900009155
ury,1998,74.3973999023
ury,1999,72.7510986328
ury,2000,72.9050979614
ury,2001,73.4248962402
ury,2002,71.8628005981
ury,2003,70.3815994263
ury,2004,71.3871994019
ury,2005,70.6396026611
ury,2006,73.7626037598
ury,2007,75.6223983765
ury,2008,74.9368972778
ury,2009,75.5926971436
ury,2010,74.8249969482
ury,2011,76.1746978760
ury,2012,74.9782028198
ury,2013,75.4018020630
ury,2014,75.7548980713
ury,2015,74.4079971313
ury,2016,73.6735992432
ury,2017,72.9291992188
ury,2018,72.1252975464
uzb,2002,41.8800010681
uzb,2003,41.5000000000
uzb,2004,39.8699989319
uzb,2005,41.0699996948
uzb,2006,41.6399993896
uzb,2009,74.8000030518
uzb,2010,74.5999984741
uzb,2011,74.3000030518
uzb,2012,74.5000000000
uzb,2013,74.5000000000
uzb,2014,75.3000030518
uzb,2015,75.5999984741
uzb,2016,76.0999984741
uzb,2017,76.9000015259
vut,1979,89.3600006104
vut,1989,88.5800018311
vut,1999,43.9700012207
vut,2006,79.7087020874
vut,2009,78.1775970459
vut,2010,70.7326965332
ven,1961,89.4499969482
ven,1971,80.3199996948
ven,1977,80.9100036621
ven,1979,80.8300018311
ven,1981,80.3600006104
ven,1982,80.2500000000
ven,1983,79.4899978638
ven,1984,80.5000000000
ven,1985,81.0999984741
ven,1986,81.1100006104
ven,1987,81.0899963379
ven,1988,82.1600036621
ven,1989,81.7099990845
ven,1990,80.7099990845
ven,1991,81.3899993896
ven,1992,80.8399963379
ven,1993,79.5100021362
ven,1994,80.9800033569
ven,1995,82.0599975586
ven,1996,82.4000015259
ven,1997,82.7399978638
ven,1998,83.1999969482
ven,2001,82.7099990845
ven,2002,83.6399993896
ven,2005,79.2891998291
ven,2006,79.9381027222
ven,2007,79.3522033691
ven,2008,79.1122970581
ven,2009,78.3443984985
ven,2010,78.3874969482
ven,2011,77.8983993530
ven,2012,77.0316009521
vnm,1989,81.5100021362
vnm,1996,79.4000015259
vnm,1997,78.1999969482
vnm,1998,77.5000000000
vnm,1999,76.9000015259
vnm,2000,76.0999984741
vnm,2001,76.8000030518
vnm,2002,76.1999969482
vnm,2003,75.8000030518
vnm,2004,75.4899978638
vnm,2007,78.4580001831
vnm,2009,80.4365997314
vnm,2010,81.0482025146
vnm,2011,81.6053009033
vnm,2012,81.1642990112
vnm,2013,82.0757980347
vnm,2014,82.1214981079
vnm,2015,82.4296035767
vnm,2016,81.6496963501
vnm,2017,81.2059020996
vnm,2018,81.5232009888
vir,1960,46.2200012207
vir,1970,51.4000015259
vir,1980,72.1500015259
vir,1990,72.2900009155
pse,2000,67.3809967041
pse,2001,62.5183982849
pse,2002,61.0905990601
pse,2003,64.3784027100
pse,2004,62.9906997681
pse,2005,63.9145011902
pse,2006,63.2417984009
pse,2007,64.4747009277
pse,2008,63.7277984619
pse,2009,64.1462020874
pse,2010,65.5992965698
pse,2011,66.7496032715
pse,2012,66.8455963135
pse,2013,67.4153976440
pse,2014,67.3328018188
pse,2015,69.6028976440
pse,2016,69.7559967041
pse,2017,69.9968032837
pse,2018,68.9033966064
yem,1973,42.4300003052
yem,1994,74.0800018311
yem,1999,69.9000015259
yem,2004,68.4000015259
yem,2005,77.4000015259
yem,2006,76.5999984741
yem,2007,75.5999984741
yem,2008,74.6999969482
yem,2009,73.6699981689
yem,2010,67.1100006104
yem,2014,65.4076004028
zmb,1969,40.9799995422
zmb,1980,80.2600021362
zmb,1990,62.1500015259
zmb,1991,70.5000000000
zmb,1998,68.0000000000
zmb,2000,67.0699996948
zmb,2010,65.5999984741
zmb,2017,45.2350006104
zwe,1982,80.0299987793
zwe,1987,77.1100006104
zwe,1997,79.3899993896
zwe,1999,78.5899963379
zwe,2004,88.3000030518
zwe,2011,88.0927963257
zwe,2012,76.7600021362
zwe,2014,89.4516983032
