country,year,en_urb_lcty_ur_zs
arb,1960,33.8684078431
arb,1961,33.9685441275
arb,1962,34.1043598431
arb,1963,34.2575161332
arb,1964,34.4387500309
arb,1965,34.6209982481
arb,1966,34.7152093345
arb,1967,34.6160771979
arb,1968,34.5457920642
arb,1969,34.5166478140
arb,1970,34.5110701934
arb,1971,34.5603356669
arb,1972,34.6357411732
arb,1973,34.7393152311
arb,1974,34.8135205341
arb,1975,34.8503564508
arb,1976,34.6350958227
arb,1977,34.3647054183
arb,1978,33.9764127360
arb,1979,33.5830353496
arb,1980,33.1909082541
arb,1981,32.8003406406
arb,1982,32.4292339049
arb,1983,32.0200721615
arb,1984,31.6493776185
arb,1985,31.3310808822
arb,1986,31.0584140455
arb,1987,30.9416691303
arb,1988,30.9594227782
arb,1989,30.9453579554
arb,1990,30.8587021118
arb,1991,30.8797908207
arb,1992,30.2940640594
arb,1993,30.3338879997
arb,1994,30.3320254929
arb,1995,30.8042594746
arb,1996,30.8465936191
arb,1997,30.7990683472
arb,1998,30.7401430258
arb,1999,30.6815105396
arb,2000,30.6253771622
arb,2001,30.5686233367
arb,2002,30.5791188936
arb,2003,30.5147064775
arb,2004,30.2617514758
arb,2005,30.0263040324
arb,2006,29.7988515354
arb,2007,29.4024070398
arb,2008,29.3425173662
arb,2009,29.2960163886
arb,2010,29.2118915337
arb,2011,28.7644421570
arb,2012,28.7030352470
arb,2013,28.6692482661
arb,2014,28.6695812266
arb,2015,28.7132495089
arb,2016,28.8039387914
arb,2017,28.8990228316
arb,2018,29.0157691529
ceb,1960,18.5242667367
ceb,1961,18.4097598463
ceb,1962,18.3060353229
ceb,1963,18.1964853137
ceb,1964,18.0834028846
ceb,1965,18.0071247928
ceb,1966,17.9611697471
ceb,1967,17.9236456768
ceb,1968,17.8997161290
ceb,1969,17.8997697757
ceb,1970,17.9420487308
ceb,1971,17.9682101267
ceb,1972,17.9324217427
ceb,1973,17.8965871615
ceb,1974,17.8545148560
ceb,1975,17.8074163967
ceb,1976,17.7735864077
ceb,1977,17.7057967520
ceb,1978,17.6101800282
ceb,1979,17.5166906801
ceb,1980,17.4009439804
ceb,1981,17.3011851840
ceb,1982,17.2120145051
ceb,1983,17.1298381962
ceb,1984,17.0543374428
ceb,1985,16.9853287210
ceb,1986,16.9086837085
ceb,1987,16.8227942885
ceb,1988,16.7453073461
ceb,1989,16.7101797067
ceb,1990,16.6756591008
ceb,1991,16.6420291707
ceb,1992,16.5948367386
ceb,1993,16.4996791568
ceb,1994,16.3997768562
ceb,1995,16.3136145511
ceb,1996,16.2439737998
ceb,1997,16.1683950752
ceb,1998,16.1016366425
ceb,1999,16.0365576042
ceb,2000,16.0402169792
ceb,2001,16.0799839103
ceb,2002,16.1609040092
ceb,2003,16.2036904227
ceb,2004,16.2375851662
ceb,2005,16.2697886842
ceb,2006,16.2920500949
ceb,2007,16.3277384414
ceb,2008,16.3624905957
ceb,2009,16.3778677752
ceb,2010,16.4267129108
ceb,2011,16.4610207749
ceb,2012,16.5313559036
ceb,2013,16.6068816331
ceb,2014,16.6780379803
ceb,2015,16.7505689650
ceb,2016,16.8236209462
ceb,2017,16.8905044503
ceb,2018,16.9480351231
ear,1960,21.3831937758
ear,1961,21.4951785656
ear,1962,21.5517927317
ear,1963,21.6030822932
ear,1964,21.6581058674
ear,1965,21.7159159601
ear,1966,21.7756580202
ear,1967,21.8186128223
ear,1968,21.8788850865
ear,1969,21.9469993507
ear,1970,22.0171350905
ear,1971,22.0643308904
ear,1972,22.0664533756
ear,1973,22.0551833517
ear,1974,22.0400288245
ear,1975,21.6197150856
ear,1976,21.5085494071
ear,1977,21.3797379849
ear,1978,21.2332823642
ear,1979,21.0869251970
ear,1980,20.9755414223
ear,1981,20.7770049193
ear,1982,20.5580586302
ear,1983,20.3421239824
ear,1984,20.1381764520
ear,1985,19.9453293976
ear,1986,19.7710325701
ear,1987,19.6227872179
ear,1988,19.5012563070
ear,1989,19.3943971783
ear,1990,19.3081243707
ear,1991,19.2221317501
ear,1992,19.1283369102
ear,1993,19.0367960404
ear,1994,18.9571499169
ear,1995,18.8884467632
ear,1996,18.8034861233
ear,1997,18.7047060564
ear,1998,18.6013509689
ear,1999,18.4959351543
ear,2000,18.3995579397
ear,2001,18.3182399270
ear,2002,18.2379488632
ear,2003,18.1685726998
ear,2004,18.1056852095
ear,2005,18.0541205626
ear,2006,18.0099054492
ear,2007,17.9704932507
ear,2008,17.9406948066
ear,2009,17.9120006837
ear,2010,17.8365098605
ear,2011,17.7437778310
ear,2012,17.7108115947
ear,2013,17.6761923817
ear,2014,17.6496833670
ear,2015,17.6316713289
ear,2016,17.6083111154
ear,2017,17.5926108830
ear,2018,17.5824846031
eas,1960,19.4057028778
eas,1961,19.4106662088
eas,1962,19.3202661280
eas,1963,19.0871059688
eas,1964,18.8766588956
eas,1965,19.0741476112
eas,1966,19.1517865285
eas,1967,19.2447990941
eas,1968,19.3660815594
eas,1969,19.4014791901
eas,1970,19.4942612386
eas,1971,19.5777520638
eas,1972,19.6570438691
eas,1973,19.7405106893
eas,1974,19.7602678450
eas,1975,19.4075204216
eas,1976,19.4256473985
eas,1977,19.4364040835
eas,1978,19.3423646779
eas,1979,19.1308196371
eas,1980,18.9371037395
eas,1981,18.6457855572
eas,1982,18.2999941848
eas,1983,18.0395139070
eas,1984,17.8002781369
eas,1985,17.5680587348
eas,1986,17.3467573533
eas,1987,17.1493063646
eas,1988,16.9541119838
eas,1989,16.7682972978
eas,1990,16.5941998176
eas,1991,16.3342175929
eas,1992,16.0560078480
eas,1993,15.8027179474
eas,1994,15.5644361650
eas,1995,15.3316414290
eas,1996,15.0870376175
eas,1997,14.8501124656
eas,1998,14.6276362405
eas,1999,14.4203439288
eas,2000,14.2266299370
eas,2001,13.9869344784
eas,2002,13.7374106668
eas,2003,13.4902320989
eas,2004,13.2752253027
eas,2005,13.0767212186
eas,2006,12.9031063240
eas,2007,12.7548893711
eas,2008,12.6272244634
eas,2009,12.5022295360
eas,2010,12.3861914120
eas,2011,12.2723649200
eas,2012,12.1651586059
eas,2013,12.0648453832
eas,2014,11.9699044359
eas,2015,11.8819230647
eas,2016,11.7980583920
eas,2017,11.7161609724
eas,2018,11.6533794894
eap,1960,12.3204138179
eap,1961,12.2337979739
eap,1962,11.9749229865
eap,1963,11.5816022988
eap,1964,11.2185873681
eap,1965,11.2571258884
eap,1966,11.2232838826
eap,1967,11.1992465040
eap,1968,11.1831304255
eap,1969,11.1686317094
eap,1970,11.1737763019
eap,1971,11.2510310414
eap,1972,11.3731241645
eap,1973,11.4829197788
eap,1974,11.5899011600
eap,1975,10.9929444749
eap,1976,11.0219068236
eap,1977,11.0713912288
eap,1978,11.0480790916
eap,1979,10.9479976374
eap,1980,10.8676548630
eap,1981,10.7042686987
eap,1982,10.4866735262
eap,1983,10.3431788257
eap,1984,10.2136612907
eap,1985,10.0870440358
eap,1986,9.9638469025
eap,1987,9.8393102476
eap,1988,9.7144381253
eap,1989,9.6056600754
eap,1990,9.5209711100
eap,1991,9.4048583545
eap,1992,9.2828588812
eap,1993,9.1739868910
eap,1994,9.0774475999
eap,1995,8.9876585309
eap,1996,8.8785816974
eap,1997,8.7748300960
eap,1998,8.6809407135
eap,1999,8.5934898036
eap,2000,8.5209822802
eap,2001,8.4267150455
eap,2002,8.3166740784
eap,2003,8.2167392632
eap,2004,8.1258042469
eap,2005,8.0414224191
eap,2006,7.9695653056
eap,2007,7.9090439815
eap,2008,7.8652516241
eap,2009,7.8297157341
eap,2010,7.7980586893
eap,2011,7.7609851318
eap,2012,7.7271997538
eap,2013,7.6977136999
eap,2014,7.6723456626
eap,2015,7.6518511313
eap,2016,7.6344700717
eap,2017,7.6212047203
eap,2018,7.6203881904
tea,1960,12.2657853055
tea,1961,12.1822289290
tea,1962,11.9170309638
tea,1963,11.5132476082
tea,1964,11.1412972998
tea,1965,11.1823821203
tea,1966,11.1503659466
tea,1967,11.1293568780
tea,1968,11.1176198243
tea,1969,11.1076833180
tea,1970,11.1171657609
tea,1971,11.1840519007
tea,1972,11.2965216170
tea,1973,11.3953167518
tea,1974,11.4897870670
tea,1975,10.8492455062
tea,1976,10.8542510245
tea,1977,10.8785566002
tea,1978,10.8283340369
tea,1979,10.7012420654
tea,1980,10.5955030477
tea,1981,10.4236648954
tea,1982,10.1968968565
tea,1983,10.0457721002
tea,1984,9.9091022415
tea,1985,9.7756772767
tea,1986,9.6460822833
tea,1987,9.5154984304
tea,1988,9.3918491531
tea,1989,9.2846881852
tea,1990,9.2022076924
tea,1991,9.0878835683
tea,1992,8.9673351158
tea,1993,8.8599835403
tea,1994,8.7704865872
tea,1995,8.6925771639
tea,1996,8.5939347747
tea,1997,8.4998672162
tea,1998,8.4151037331
tea,1999,8.3362325337
tea,2000,8.2721662418
tea,2001,8.1861014029
tea,2002,8.0838570996
tea,2003,7.9913813264
tea,2004,7.9075433192
tea,2005,7.8298463427
tea,2006,7.7642224839
tea,2007,7.7095792791
tea,2008,7.6715834108
tea,2009,7.6405098724
tea,2010,7.6127890387
tea,2011,7.5791543019
tea,2012,7.5486327970
tea,2013,7.5223321671
tea,2014,7.5000689535
tea,2015,7.4825839013
tea,2016,7.4681636706
tea,2017,7.4577950052
tea,2018,7.4597537009
emu,1960,15.5727209442
emu,1961,15.5639855523
emu,1962,15.5460031096
emu,1963,15.4853480327
emu,1964,15.4324712867
emu,1965,15.3838645735
emu,1966,15.3478576977
emu,1967,15.3321807482
emu,1968,15.3422310762
emu,1969,15.3757815673
emu,1970,15.4318927666
emu,1971,15.4699263201
emu,1972,15.4560566821
emu,1973,15.4550211698
emu,1974,15.4694613157
emu,1975,15.4906794675
emu,1976,15.5101022584
emu,1977,15.5338845599
emu,1978,15.5589302367
emu,1979,15.5824755328
emu,1980,15.6016248608
emu,1981,15.6009677679
emu,1982,15.5815715346
emu,1983,15.6031407153
emu,1984,15.6458243029
emu,1985,15.6970941636
emu,1986,15.7444528759
emu,1987,15.8400161740
emu,1988,15.8374176665
emu,1989,15.8912355754
emu,1990,15.8750893048
emu,1991,15.8335568889
emu,1992,15.7925997199
emu,1993,15.7502260712
emu,1994,15.7226120117
emu,1995,15.6962150647
emu,1996,15.6724369336
emu,1997,15.6477921126
emu,1998,15.6276629975
emu,1999,15.6096060635
emu,2000,15.5940285852
emu,2001,15.5708373003
emu,2002,15.5368116455
emu,2003,15.4980201813
emu,2004,15.4593210121
emu,2005,15.4300427730
emu,2006,15.4110207119
emu,2007,15.3872620213
emu,2008,15.3720032987
emu,2009,15.3830748343
emu,2010,15.4090385639
emu,2011,15.5016779070
emu,2012,15.5346446432
emu,2013,15.5518865367
emu,2014,15.5697496745
emu,2015,15.5902988169
emu,2016,15.6101430265
emu,2017,15.6554751086
emu,2018,15.6968708283
ecs,1960,15.6435531928
ecs,1961,15.5779314498
ecs,1962,15.5075864070
ecs,1963,15.4252968296
ecs,1964,15.3541617489
ecs,1965,15.2931483907
ecs,1966,15.2535864002
ecs,1967,15.2240141739
ecs,1968,15.2142677503
ecs,1969,15.2231111029
ecs,1970,15.2442350372
ecs,1971,15.2209493023
ecs,1972,15.1743584661
ecs,1973,15.1401295358
ecs,1974,15.1189153289
ecs,1975,15.1090303430
ecs,1976,15.1005597816
ecs,1977,15.0939243132
ecs,1978,15.0863268078
ecs,1979,15.0716963370
ecs,1980,15.0446099854
ecs,1981,15.0120627042
ecs,1982,14.9905389376
ecs,1983,14.9868973744
ecs,1984,14.9870309205
ecs,1985,14.9927947718
ecs,1986,15.0010655994
ecs,1987,15.0305336758
ecs,1988,15.0258229160
ecs,1989,15.0486437477
ecs,1990,15.1480782128
ecs,1991,15.1517212061
ecs,1992,15.1540717680
ecs,1993,15.1564820063
ecs,1994,15.1825366429
ecs,1995,15.2233390045
ecs,1996,15.2776586579
ecs,1997,15.3402519461
ecs,1998,15.3955548392
ecs,1999,15.4488711475
ecs,2000,15.5129617421
ecs,2001,15.5905874097
ecs,2002,15.6726799965
ecs,2003,15.7430450353
ecs,2004,15.8077640183
ecs,2005,15.8751385078
ecs,2006,15.9475462012
ecs,2007,16.0286694191
ecs,2008,16.1105021780
ecs,2009,16.2018324827
ecs,2010,16.3047149263
ecs,2011,16.4286578067
ecs,2012,16.5071755245
ecs,2013,16.5556554471
ecs,2014,16.6031171516
ecs,2015,16.6463947793
ecs,2016,16.6880457287
ecs,2017,16.7434229585
ecs,2018,16.8027375358
eca,1960,13.3475569966
eca,1961,13.3006840826
eca,1962,13.2776767399
eca,1963,13.2642130230
eca,1964,13.2622165415
eca,1965,13.2681390400
eca,1966,13.3202024713
eca,1967,13.3863596143
eca,1968,13.4658835590
eca,1969,13.5571493470
eca,1970,13.6396035685
eca,1971,13.6967420751
eca,1972,13.7534794652
eca,1973,13.8171695498
eca,1974,13.8884104092
eca,1975,13.9718965588
eca,1976,14.0441759694
eca,1977,14.1028415327
eca,1978,14.1523634370
eca,1979,14.1861960367
eca,1980,14.1949127682
eca,1981,14.1802549917
eca,1982,14.1630107275
eca,1983,14.1505094946
eca,1984,14.1305526690
eca,1985,14.1177690709
eca,1986,14.1121165549
eca,1987,14.1084665087
eca,1988,14.1137255928
eca,1989,14.1201628882
eca,1990,14.3798883080
eca,1991,14.4151765327
eca,1992,14.4514627280
eca,1993,14.4904038401
eca,1994,14.5709384899
eca,1995,14.6789890403
eca,1996,14.8125164622
eca,1997,14.9685886820
eca,1998,15.1058549443
eca,1999,15.2376878973
eca,2000,15.3776191137
eca,2001,15.5687895477
eca,2002,15.7933906027
eca,2003,15.9920874960
eca,2004,16.1819210105
eca,2005,16.3742216349
eca,2006,16.5687698475
eca,2007,16.7616143623
eca,2008,16.9514141721
eca,2009,17.1345380063
eca,2010,17.3214222682
eca,2011,17.4944819585
eca,2012,17.6155381601
eca,2013,17.6779052523
eca,2014,17.7404204963
eca,2015,17.7914582758
eca,2016,17.8381753406
eca,2017,17.8921911745
eca,2018,17.9579430164
tec,1960,12.9725720864
tec,1961,12.9316989815
tec,1962,12.9108535958
tec,1963,12.8961559009
tec,1964,12.8909907098
tec,1965,12.8981865017
tec,1966,12.9485046493
tec,1967,13.0088077102
tec,1968,13.0812000458
tec,1969,13.1663274988
tec,1970,13.2491864449
tec,1971,13.3079753604
tec,1972,13.3580998568
tec,1973,13.4135711182
tec,1974,13.4753195091
tec,1975,13.5475966483
tec,1976,13.6099276444
tec,1977,13.6605065008
tec,1978,13.7052692016
tec,1979,13.7318922648
tec,1980,13.7314321724
tec,1981,13.7108465568
tec,1982,13.6873058994
tec,1983,13.6679185944
tec,1984,13.6428223881
tec,1985,13.6255029949
tec,1986,13.6158593126
tec,1987,13.6094505076
tec,1988,13.6128776662
tec,1989,13.6204180970
tec,1990,13.8644900324
tec,1991,13.8999899801
tec,1992,13.9350708403
tec,1993,13.9681937998
tec,1994,14.0373578436
tec,1995,14.1344379775
tec,1996,14.2559832673
tec,1997,14.3969474425
tec,1998,14.5208468660
tec,1999,14.6406611494
tec,2000,14.7818171159
tec,2001,14.9599990481
tec,2002,15.1647955922
tec,2003,15.3506773812
tec,2004,15.5289499008
tec,2005,15.7094071154
tec,2006,15.8926474601
tec,2007,16.0747746385
tec,2008,16.2540008284
tec,2009,16.4277129784
tec,2010,16.6103127090
tec,2011,16.7762459129
tec,2012,16.8966921700
tec,2013,16.9656232599
tec,2014,17.0350453899
tec,2015,17.0945050618
tec,2016,17.1488020537
tec,2017,17.2088311432
tec,2018,17.2782154979
euu,1960,16.7696794079
euu,1961,16.7130618490
euu,1962,16.6387456962
euu,1963,16.5392726582
euu,1964,16.4485004886
euu,1965,16.3674419545
euu,1966,16.2921738664
euu,1967,16.2272193927
euu,1968,16.1858851799
euu,1969,16.1669035347
euu,1970,16.1702299874
euu,1971,16.1234715141
euu,1972,16.0431224822
euu,1973,15.9776004436
euu,1974,15.9263618493
euu,1975,15.8827176754
euu,1976,15.8472054043
euu,1977,15.8140590238
euu,1978,15.7758034042
euu,1979,15.7361957295
euu,1980,15.6906244269
euu,1981,15.6475458912
euu,1982,15.6223876541
euu,1983,15.6238837138
euu,1984,15.6373052523
euu,1985,15.6554257116
euu,1986,15.6690683063
euu,1987,15.7127622906
euu,1988,15.6929970485
euu,1989,15.7200951190
euu,1990,15.7053141663
euu,1991,15.6861935118
euu,1992,15.6662839477
euu,1993,15.6369987505
euu,1994,15.6150982776
euu,1995,15.5987340354
euu,1996,15.5870615414
euu,1997,15.5735906222
euu,1998,15.5617837037
euu,1999,15.5511662071
euu,2000,15.5534697589
euu,2001,15.5524077313
euu,2002,15.5437719138
euu,2003,15.5251904676
euu,2004,15.5023572940
euu,2005,15.4824222404
euu,2006,15.4683350270
euu,2007,15.4752130734
euu,2008,15.4874797886
euu,2009,15.5146988811
euu,2010,15.5559878350
euu,2011,15.6402902957
euu,2012,15.6868663821
euu,2013,15.7232904150
euu,2014,15.7573430628
euu,2015,15.7921924880
euu,2016,15.8275453416
euu,2017,15.8798055452
euu,2018,15.9301239456
fcs,1960,33.6471959712
fcs,1961,33.9446362331
fcs,1962,34.2358514920
fcs,1963,34.4814694800
fcs,1964,34.7788976176
fcs,1965,35.0680393082
fcs,1966,35.2521290381
fcs,1967,35.3766152881
fcs,1968,35.4566801570
fcs,1969,35.5501913529
fcs,1970,35.6950343451
fcs,1971,35.9814423724
fcs,1972,36.3760597650
fcs,1973,36.8490111096
fcs,1974,37.3245649311
fcs,1975,37.7776937716
fcs,1976,37.8371822546
fcs,1977,37.8669609436
fcs,1978,37.8419310817
fcs,1979,37.7839042395
fcs,1980,37.7080451867
fcs,1981,37.6519438480
fcs,1982,37.6350067400
fcs,1983,37.5926690943
fcs,1984,37.5666526118
fcs,1985,37.5340420653
fcs,1986,37.5428593471
fcs,1987,37.5853395616
fcs,1988,37.6757146429
fcs,1989,37.6757647851
fcs,1990,37.3764636156
fcs,1991,37.3441807685
fcs,1992,36.9289092450
fcs,1993,36.5345889663
fcs,1994,36.2017734818
fcs,1995,35.9640629434
fcs,1996,36.2590656149
fcs,1997,36.1686319157
fcs,1998,36.1473486213
fcs,1999,36.0958075768
fcs,2000,36.1569094475
fcs,2001,36.1755280876
fcs,2002,36.2649741542
fcs,2003,36.2727227274
fcs,2004,36.0860549840
fcs,2005,35.7287986567
fcs,2006,35.3855947455
fcs,2007,34.8849624816
fcs,2008,34.8424394005
fcs,2009,34.8557283062
fcs,2010,34.3945396478
fcs,2011,33.8482377987
fcs,2012,33.5424398683
fcs,2013,33.4364301062
fcs,2014,33.3788350667
fcs,2015,33.3249504169
fcs,2016,33.2938010699
fcs,2017,33.2796470462
fcs,2018,33.2095036368
hpc,1960,29.9939166561
hpc,1961,30.3529469813
hpc,1962,30.6778265006
hpc,1963,30.9625661465
hpc,1964,31.3152439932
hpc,1965,31.7015211782
hpc,1966,32.1388089671
hpc,1967,32.5742985837
hpc,1968,33.0232658790
hpc,1969,33.4790925200
hpc,1970,33.9055871674
hpc,1971,34.2986674065
hpc,1972,34.6977789545
hpc,1973,35.0772542092
hpc,1974,35.4358617175
hpc,1975,35.7689481671
hpc,1976,36.0049377665
hpc,1977,36.1852786288
hpc,1978,36.3365714276
hpc,1979,36.4577861069
hpc,1980,36.5285759314
hpc,1981,36.5990872464
hpc,1982,36.6878708550
hpc,1983,36.8173575988
hpc,1984,36.9592071378
hpc,1985,36.9984377680
hpc,1986,37.0338896257
hpc,1987,37.0723946097
hpc,1988,37.1093549101
hpc,1989,37.1129770777
hpc,1990,37.0964202256
hpc,1991,37.0951442758
hpc,1992,36.6491147276
hpc,1993,36.2654334944
hpc,1994,35.9240992880
hpc,1995,35.6534549568
hpc,1996,35.8495094867
hpc,1997,35.6988645010
hpc,1998,35.5716846519
hpc,1999,35.4171656411
hpc,2000,35.3617233519
hpc,2001,35.2559992523
hpc,2002,35.1502670968
hpc,2003,35.0190882125
hpc,2004,34.8974446779
hpc,2005,34.6117973220
hpc,2006,34.3614704163
hpc,2007,33.9606160946
hpc,2008,33.7488482204
hpc,2009,33.5845301773
hpc,2010,33.0893402500
hpc,2011,32.8975060362
hpc,2012,32.6010509241
hpc,2013,32.4770950460
hpc,2014,32.4029412196
hpc,2015,32.3443492287
hpc,2016,32.2951857069
hpc,2017,32.2552453880
hpc,2018,32.1849699779
hic,1960,18.6900362425
hic,1961,18.6976573468
hic,1962,18.7266711766
hic,1963,18.7533097412
hic,1964,18.7938036486
hic,1965,18.8519206475
hic,1966,18.8966721155
hic,1967,18.9574760142
hic,1968,19.0574365734
hic,1969,19.1334070855
hic,1970,19.2336720801
hic,1971,19.2392369878
hic,1972,19.2197997268
hic,1973,19.2309246249
hic,1974,19.2274922128
hic,1975,19.2427121998
hic,1976,19.2579832428
hic,1977,19.2642120931
hic,1978,19.2757732769
hic,1979,19.2827548044
hic,1980,19.3000030504
hic,1981,19.3024891137
hic,1982,19.3126199867
hic,1983,19.3394887960
hic,1984,19.3832898372
hic,1985,19.4340723210
hic,1986,19.4912895866
hic,1987,19.5895643794
hic,1988,19.6643954038
hic,1989,19.7555562891
hic,1990,19.8107991709
hic,1991,19.7817144988
hic,1992,19.6083739993
hic,1993,19.5767600398
hic,1994,19.5524007397
hic,1995,19.6300928641
hic,1996,19.6074010260
hic,1997,19.5741704996
hic,1998,19.5474098843
hic,1999,19.5263687689
hic,2000,19.5081028124
hic,2001,19.4470622220
hic,2002,19.3831769216
hic,2003,19.3038108551
hic,2004,19.2395223682
hic,2005,19.1911022719
hic,2006,19.1537688294
hic,2007,19.1351229163
hic,2008,19.1125126109
hic,2009,19.0979595711
hic,2010,19.1033247567
hic,2011,19.1415396545
hic,2012,19.1661353738
hic,2013,19.1960278401
hic,2014,19.2283945571
hic,2015,19.2668182958
hic,2016,19.3088755978
hic,2017,19.3550792106
hic,2018,19.4095513564
ibd,1960,15.6457796879
ibd,1961,15.6524448077
ibd,1962,15.5817055727
ibd,1963,15.4585574860
ibd,1964,15.3499160597
ibd,1965,15.4083750800
ibd,1966,15.4662959858
ibd,1967,15.5104995230
ibd,1968,15.5621616119
ibd,1969,15.6184244084
ibd,1970,15.6795093746
ibd,1971,15.7237323331
ibd,1972,15.7568284822
ibd,1973,15.7734056993
ibd,1974,15.7720644204
ibd,1975,15.7829001733
ibd,1976,15.7805842309
ibd,1977,15.7739339387
ibd,1978,15.7149131178
ibd,1979,15.6149858590
ibd,1980,15.5176071015
ibd,1981,15.3429819838
ibd,1982,15.1507273707
ibd,1983,14.9774880352
ibd,1984,14.8144760319
ibd,1985,14.6582148784
ibd,1986,14.5056878182
ibd,1987,14.3604063567
ibd,1988,14.2290568575
ibd,1989,14.1053018937
ibd,1990,14.0451982165
ibd,1991,13.9384773495
ibd,1992,13.8365779691
ibd,1993,13.7402000559
ibd,1994,13.6538916392
ibd,1995,13.5789856749
ibd,1996,13.5067579689
ibd,1997,13.4348524698
ibd,1998,13.3658980860
ibd,1999,13.3050129059
ibd,2000,13.2534496736
ibd,2001,13.1862986319
ibd,2002,13.1155497441
ibd,2003,13.0431988658
ibd,2004,12.9607282196
ibd,2005,12.8866736470
ibd,2006,12.8256258614
ibd,2007,12.7731344780
ibd,2008,12.7471534019
ibd,2009,12.7216070838
ibd,2010,12.6966862420
ibd,2011,12.6677186674
ibd,2012,12.6354115260
ibd,2013,12.6020915915
ibd,2014,12.5731018972
ibd,2015,12.5424117586
ibd,2016,12.5093129096
ibd,2017,12.4820195050
ibd,2018,12.4669491553
ibt,1960,16.7104400900
ibt,1961,16.7539747513
ibt,1962,16.7285825395
ibt,1963,16.6516033501
ibt,1964,16.5859054603
ibt,1965,16.6810188439
ibt,1966,16.7780019433
ibt,1967,16.8723512370
ibt,1968,16.9776370299
ibt,1969,17.0913867767
ibt,1970,17.2096920703
ibt,1971,17.3098461387
ibt,1972,17.4075952071
ibt,1973,17.4905141866
ibt,1974,17.5541221881
ibt,1975,17.4432645760
ibt,1976,17.4741230372
ibt,1977,17.4995724246
ibt,1978,17.4727277248
ibt,1979,17.3982548161
ibt,1980,17.3326069949
ibt,1981,17.1975350898
ibt,1982,17.0429342324
ibt,1983,16.9135225374
ibt,1984,16.7971920073
ibt,1985,16.6853493699
ibt,1986,16.5797047921
ibt,1987,16.4822542174
ibt,1988,16.4000208094
ibt,1989,16.3243042554
ibt,1990,16.3008335494
ibt,1991,16.2449611756
ibt,1992,16.1564605667
ibt,1993,16.0719344415
ibt,1994,15.9990525274
ibt,1995,15.9397192594
ibt,1996,15.9115372918
ibt,1997,15.8628237098
ibt,1998,15.8166791029
ibt,1999,15.7734672552
ibt,2000,15.7461648914
ibt,2001,15.6996292806
ibt,2002,15.6486520241
ibt,2003,15.5963628407
ibt,2004,15.5368655264
ibt,2005,15.4728042944
ibt,2006,15.4212356889
ibt,2007,15.3616280914
ibt,2008,15.3434273615
ibt,2009,15.3309962131
ibt,2010,15.2957718000
ibt,2011,15.2543920036
ibt,2012,15.2227511276
ibt,2013,15.2121004118
ibt,2014,15.2099655423
ibt,2015,15.2097957986
ibt,2016,15.2093506059
ibt,2017,15.2155870909
ibt,2018,15.2309728133
idb,1960,21.0502681804
idb,1961,21.4337428344
idb,1962,21.8797176057
idb,1963,22.2806559724
idb,1964,22.5234512376
idb,1965,22.7001550635
idb,1966,22.8732127642
idb,1967,23.0452606045
idb,1968,23.2178900673
idb,1969,23.3926054305
idb,1970,23.5441043056
idb,1971,23.5883037298
idb,1972,23.7170919585
idb,1973,23.7772747742
idb,1974,23.7774744070
idb,1975,23.7635695222
idb,1976,23.7373713041
idb,1977,23.7055533028
idb,1978,23.6691177236
idb,1979,23.6238047889
idb,1980,23.6058164984
idb,1981,23.4981217315
idb,1982,23.3468326609
idb,1983,23.2322015858
idb,1984,23.1324126045
idb,1985,23.0308102609
idb,1986,22.9305994661
idb,1987,22.8430105625
idb,1988,22.7753156260
idb,1989,22.7026630825
idb,1990,22.6077230470
idb,1991,22.6278696068
idb,1992,22.5772651570
idb,1993,22.4548639618
idb,1994,22.3442809859
idb,1995,22.2424589284
idb,1996,22.1419904278
idb,1997,22.0584632763
idb,1998,21.9717647575
idb,1999,21.8704639587
idb,2000,21.7599368554
idb,2001,21.6012592464
idb,2002,21.4607485415
idb,2003,21.3259343784
idb,2004,21.1950917897
idb,2005,21.0617868870
idb,2006,20.9149140226
idb,2007,20.7338976636
idb,2008,20.5538709718
idb,2009,20.3877267396
idb,2010,20.2096135260
idb,2011,20.0572879980
idb,2012,19.9494010707
idb,2013,19.8468144406
idb,2014,19.7502245280
idb,2015,19.6602334856
idb,2016,19.5787293789
idb,2017,19.5058091714
idb,2018,19.4375162081
idx,1960,31.4556932747
idx,1961,31.5709200798
idx,1962,31.7152408695
idx,1963,31.8576755253
idx,1964,32.0555523279
idx,1965,32.2741343529
idx,1966,32.5358081446
idx,1967,32.9058608057
idx,1968,33.3160148567
idx,1969,33.7696891697
idx,1970,34.2404838006
idx,1971,34.7071926937
idx,1972,35.2188112527
idx,1973,35.7741304737
idx,1974,36.3126607552
idx,1975,34.6813727788
idx,1976,34.7081380346
idx,1977,34.6855282236
idx,1978,34.6337730691
idx,1979,34.5371857517
idx,1980,34.4608429848
idx,1981,34.4745033535
idx,1982,34.5906052689
idx,1983,34.7308051248
idx,1984,34.8697874944
idx,1985,34.9570080449
idx,1986,35.0719952181
idx,1987,35.1923922322
idx,1988,35.3201217444
idx,1989,35.4362447016
idx,1990,35.5573455458
idx,1991,35.6515917069
idx,1992,35.3500007148
idx,1993,35.0976392975
idx,1994,34.9113305491
idx,1995,34.7646151492
idx,1996,34.9448678454
idx,1997,34.8752000967
idx,1998,34.8156368730
idx,1999,34.7194701574
idx,2000,34.7019932808
idx,2001,34.6221053264
idx,2002,34.5183487744
idx,2003,34.4051367468
idx,2004,34.3010134839
idx,2005,34.0696138182
idx,2006,33.8516871691
idx,2007,33.5250529473
idx,2008,33.3474514753
idx,2009,33.2235031634
idx,2010,32.8876588685
idx,2011,32.5373346095
idx,2012,32.3660864848
idx,2013,32.3298178576
idx,2014,32.3260175777
idx,2015,32.3169756532
idx,2016,32.3058733161
idx,2017,32.2941730674
idx,2018,32.2489310372
ida,1960,26.8652364721
ida,1961,27.1177370911
ida,1962,27.4219633686
ida,1963,27.7043622380
ida,1964,27.9507468177
ida,1965,28.1806781893
ida,1966,28.4319685156
ida,1967,28.7493814132
ida,1968,29.0915254030
ida,1969,29.4612546790
ida,1970,29.8272503997
ida,1971,30.1381532590
ida,1972,30.5138003425
ida,1973,30.8839275279
ida,1974,31.2172849470
ida,1975,30.1726010966
ida,1976,30.1915260056
ida,1977,30.1820787715
ida,1978,30.1533428498
ida,1979,30.0887194038
ida,1980,30.0607094493
ida,1981,30.0343545063
ida,1982,30.0339653400
ida,1983,30.0655446051
ida,1984,30.1073374922
ida,1985,30.1217398949
ida,1986,30.1533122398
ida,1987,30.1936519139
ida,1988,30.2488617231
ida,1989,30.2930839933
ida,1990,30.3304181978
ida,1991,30.4119952726
ida,1992,30.2263835138
ida,1993,30.0407630373
ida,1994,29.8934097843
ida,1995,29.7714678070
ida,1996,29.8437627869
ida,1997,29.7721869839
ida,1998,29.7049846266
ida,1999,29.6131104755
ida,2000,29.5655527048
ida,2001,29.4590344656
ida,2002,29.3489922216
ida,2003,29.2383473699
ida,2004,29.1340159584
ida,2005,28.9511326825
ida,2006,28.7695705334
ida,2007,28.5021154024
ida,2008,28.3320057745
ida,2009,28.1983933433
ida,2010,27.9265171773
ida,2011,27.6532885923
ida,2012,27.4969516354
ida,2013,27.4364597524
ida,2014,27.3989535145
ida,2015,27.3653696005
ida,2016,27.3354355729
ida,2017,27.3100494937
ida,2018,27.2670204477
lte,1960,13.5438817082
lte,1961,13.4320231466
lte,1962,13.2412893009
lte,1963,12.9805238462
lte,1964,12.7394549396
lte,1965,12.7434738479
lte,1966,12.7609295704
lte,1967,12.7842865316
lte,1968,12.8185304637
lte,1969,12.8603288610
lte,1970,12.9109180848
lte,1971,12.9505129825
lte,1972,13.0039987311
lte,1973,13.0449679177
lte,1974,13.0632654431
lte,1975,13.1003613278
lte,1976,13.1400494460
lte,1977,13.1881911509
lte,1978,13.1811759917
lte,1979,13.1153937145
lte,1980,13.0367502136
lte,1981,12.8875071178
lte,1982,12.7207073462
lte,1983,12.5846944696
lte,1984,12.4581463302
lte,1985,12.3368152630
lte,1986,12.2181432161
lte,1987,12.1005590610
lte,1988,11.9874346403
lte,1989,11.8757296985
lte,1990,11.8723904957
lte,1991,11.7508097869
lte,1992,11.4903808502
lte,1993,11.3924882149
lte,1994,11.3022937778
lte,1995,11.3258249293
lte,1996,11.2530733102
lte,1997,11.1899645840
lte,1998,11.1396909446
lte,1999,11.1001413935
lte,2000,11.0740965775
lte,2001,11.0051609306
lte,2002,10.9265492443
lte,2003,10.8357088962
lte,2004,10.7499086079
lte,2005,10.6704683883
lte,2006,10.6056704052
lte,2007,10.5512963309
lte,2008,10.5030383185
lte,2009,10.4626014501
lte,2010,10.4331964311
lte,2011,10.4019848555
lte,2012,10.3773495137
lte,2013,10.3590377835
lte,2014,10.3455813780
lte,2015,10.3381816847
lte,2016,10.3352107356
lte,2017,10.3319777872
lte,2018,10.3444029816
lcn,1960,28.3593697952
lcn,1961,28.2214983658
lcn,1962,28.0641682508
lcn,1963,27.9177420035
lcn,1964,27.7874538814
lcn,1965,27.6858496202
lcn,1966,27.6876274031
lcn,1967,27.7364876398
lcn,1968,27.8111016747
lcn,1969,27.9076617204
lcn,1970,28.0080859293
lcn,1971,27.9830126184
lcn,1972,27.9194545582
lcn,1973,27.8394687932
lcn,1974,27.7411043652
lcn,1975,27.6455553938
lcn,1976,27.5690520460
lcn,1977,27.5046001652
lcn,1978,27.4564792949
lcn,1979,27.4241602604
lcn,1980,27.4007045575
lcn,1981,27.1672331252
lcn,1982,26.8914623636
lcn,1983,26.6047054895
lcn,1984,26.3371596558
lcn,1985,26.0896684783
lcn,1986,25.8675178007
lcn,1987,25.6680468915
lcn,1988,25.4893523679
lcn,1989,25.3267335704
lcn,1990,25.1736908471
lcn,1991,25.0085834188
lcn,1992,24.8382887025
lcn,1993,24.6743456489
lcn,1994,24.5151767157
lcn,1995,24.3744868214
lcn,1996,24.2474760017
lcn,1997,24.1200861358
lcn,1998,24.0086668415
lcn,1999,23.9166653384
lcn,2000,23.8351287799
lcn,2001,23.7624245873
lcn,2002,23.7066961614
lcn,2003,23.6416691747
lcn,2004,23.5885833622
lcn,2005,23.5485291900
lcn,2006,23.5227155395
lcn,2007,23.5075328376
lcn,2008,23.5012602069
lcn,2009,23.4855078898
lcn,2010,23.3433395261
lcn,2011,23.3113878411
lcn,2012,23.2805360082
lcn,2013,23.2576486729
lcn,2014,23.2461129905
lcn,2015,23.2455988339
lcn,2016,23.2219265355
lcn,2017,23.2079203842
lcn,2018,23.2044007183
lac,1960,26.6668738566
lac,1961,26.5534400294
lac,1962,26.4263975777
lac,1963,26.3081236105
lac,1964,26.2028081623
lac,1965,26.1217041035
lac,1966,26.1477405820
lac,1967,26.2196970305
lac,1968,26.3151913506
lac,1969,26.4316582947
lac,1970,26.5500555246
lac,1971,26.5305792655
lac,1972,26.4679759705
lac,1973,26.3860306114
lac,1974,26.2825640321
lac,1975,26.1806315186
lac,1976,26.0976587127
lac,1977,26.0265320403
lac,1978,25.9713608367
lac,1979,25.9315352620
lac,1980,25.8989635627
lac,1981,25.6387807705
lac,1982,25.3330812257
lac,1983,25.0292262160
lac,1984,24.7428552735
lac,1985,24.4753229737
lac,1986,24.2325975215
lac,1987,24.0114734478
lac,1988,23.8095423703
lac,1989,23.6221073055
lac,1990,23.4520674086
lac,1991,23.2971122207
lac,1992,23.1345669458
lac,1993,22.9771506791
lac,1994,22.8235007553
lac,1995,22.6876168763
lac,1996,22.5646753817
lac,1997,22.4415387653
lac,1998,22.3324682982
lac,1999,22.2415398992
lac,2000,22.1611591154
lac,2001,22.0948676988
lac,2002,22.0469974882
lac,2003,22.0017970436
lac,2004,21.9677626123
lac,2005,21.9443044508
lac,2006,21.9347429097
lac,2007,21.9355013539
lac,2008,21.9449997222
lac,2009,21.9438255157
lac,2010,21.8080883541
lac,2011,21.7873363593
lac,2012,21.7667483725
lac,2013,21.7542462569
lac,2014,21.7529306565
lac,2015,21.7633114009
lac,2016,21.7495400268
lac,2017,21.7455001889
lac,2018,21.7496648203
tla,1960,27.8230370757
tla,1961,27.6884577382
tla,1962,27.5354349784
tla,1963,27.3941600241
tla,1964,27.2680313172
tla,1965,27.1685446294
tla,1966,27.1741688882
tla,1967,27.2260773976
tla,1968,27.3029531117
tla,1969,27.4025441456
tla,1970,27.5078912381
tla,1971,27.5078122458
tla,1972,27.4716638433
tla,1973,27.4165754700
tla,1974,27.3393544299
tla,1975,27.2613975304
tla,1976,27.1998096790
tla,1977,27.1477252441
tla,1978,27.1099710380
tla,1979,27.0865398394
tla,1980,27.0694707586
tla,1981,26.8271189869
tla,1982,26.5330241515
tla,1983,26.2238707591
tla,1984,25.9328902169
tla,1985,25.6615277341
tla,1986,25.4153303115
tla,1987,25.1913399887
tla,1988,24.9869999830
tla,1989,24.7968404035
tla,1990,24.6234482802
tla,1991,24.4657644353
tla,1992,24.3021286144
tla,1993,24.1445757218
tla,1994,23.9916746590
tla,1995,23.8575491354
tla,1996,23.7376106417
tla,1997,23.6168493047
tla,1998,23.5116015599
tla,1999,23.4255917437
tla,2000,23.3506395293
tla,2001,23.2875743141
tla,2002,23.2410272298
tla,2003,23.1866350819
tla,2004,23.1438390583
tla,2005,23.1132836779
tla,2006,23.0959955799
tla,2007,23.0886090554
tla,2008,23.0899369138
tla,2009,23.0814763011
tla,2010,22.9433324421
tla,2011,22.9176487140
tla,2012,22.8931885902
tla,2013,22.8767506955
tla,2014,22.8696383332
tla,2015,22.8720715268
tla,2016,22.8501430835
tla,2017,22.8372211399
tla,2018,22.8327635958
ldc,1960,31.8888375154
ldc,1961,32.0576921962
ldc,1962,32.2708730051
ldc,1963,32.4844587467
ldc,1964,32.7421157415
ldc,1965,33.0181758997
ldc,1966,33.3033232165
ldc,1967,33.7136775157
ldc,1968,34.1650021908
ldc,1969,34.6617009439
ldc,1970,35.1839074893
ldc,1971,35.6803967314
ldc,1972,36.2117053921
ldc,1973,36.7848173738
ldc,1974,37.3225116741
ldc,1975,35.2039045906
ldc,1976,35.1543703040
ldc,1977,35.0382701061
ldc,1978,34.8831731392
ldc,1979,34.7331573036
ldc,1980,34.6195869971
ldc,1981,34.6218449803
ldc,1982,34.7844144853
ldc,1983,34.9814740719
ldc,1984,35.1993872320
ldc,1985,35.3610151042
ldc,1986,35.5470789825
ldc,1987,35.7319341013
ldc,1988,35.9244179459
ldc,1989,36.1209826084
ldc,1990,36.3177804600
ldc,1991,36.4782256476
ldc,1992,36.1690689281
ldc,1993,35.9120663747
ldc,1994,35.7208280061
ldc,1995,35.5876169301
ldc,1996,35.8387152256
ldc,1997,35.7962255511
ldc,1998,35.7618830066
ldc,1999,35.6936532695
ldc,2000,35.7234536254
ldc,2001,35.6729528799
ldc,2002,35.5852576139
ldc,2003,35.4855822367
ldc,2004,35.4039053341
ldc,2005,35.1867124094
ldc,2006,35.0069937655
ldc,2007,34.7145321497
ldc,2008,34.5832778239
ldc,2009,34.4912658691
ldc,2010,34.1328130452
ldc,2011,34.0152359192
ldc,2012,33.7931403326
ldc,2013,33.7107041073
ldc,2014,33.6640670511
ldc,2015,33.5741876513
ldc,2016,33.4951822731
ldc,2017,33.4263282251
ldc,2018,33.3342672035
lmy,1960,16.5809032540
lmy,1961,16.6248015493
lmy,1962,16.6009533734
lmy,1963,16.5251517977
lmy,1964,16.4606167072
lmy,1965,16.5575796983
lmy,1966,16.6548017336
lmy,1967,16.7495053267
lmy,1968,16.8536471315
lmy,1969,16.9646175836
lmy,1970,17.0781418304
lmy,1971,17.1758462491
lmy,1972,17.2728777736
lmy,1973,17.3555530457
lmy,1974,17.4194501662
lmy,1975,17.3060605586
lmy,1976,17.3396497321
lmy,1977,17.3683028517
lmy,1978,17.3439382397
lmy,1979,17.2721760676
lmy,1980,17.2103374950
lmy,1981,17.0737714340
lmy,1982,16.9188924907
lmy,1983,16.7932527315
lmy,1984,16.6806468726
lmy,1985,16.5721798763
lmy,1986,16.4696900321
lmy,1987,16.3751324612
lmy,1988,16.2935099715
lmy,1989,16.2174992020
lmy,1990,16.1977590749
lmy,1991,16.1403946951
lmy,1992,16.0497443553
lmy,1993,15.9637039672
lmy,1994,15.8880050462
lmy,1995,15.8239356595
lmy,1996,15.7913365800
lmy,1997,15.7386672576
lmy,1998,15.6889832950
lmy,1999,15.6421240466
lmy,2000,15.6094419866
lmy,2001,15.5597715255
lmy,2002,15.5069051380
lmy,2003,15.4544903311
lmy,2004,15.3948856211
lmy,2005,15.3305719964
lmy,2006,15.2789951575
lmy,2007,15.2194476646
lmy,2008,15.2018069615
lmy,2009,15.1903763915
lmy,2010,15.1555251677
lmy,2011,15.1147711809
lmy,2012,15.0834844203
lmy,2013,15.0732909664
lmy,2014,15.0719438618
lmy,2015,15.0728723053
lmy,2016,15.0737459421
lmy,2017,15.0814969257
lmy,2018,15.0983410937
lic,1960,26.1560573937
lic,1961,26.4485907946
lic,1962,26.8031812726
lic,1963,27.1306016778
lic,1964,27.4880000772
lic,1965,27.8413662295
lic,1966,28.1757203957
lic,1967,28.4868045630
lic,1968,28.7190547724
lic,1969,28.9085969905
lic,1970,29.0952356528
lic,1971,29.5769222757
lic,1972,30.0825825923
lic,1973,30.5604618062
lic,1974,30.9643451895
lic,1975,31.3602930712
lic,1976,31.7772883253
lic,1977,32.1604784463
lic,1978,32.5316854003
lic,1979,32.9056565235
lic,1980,33.2068883509
lic,1981,33.3790796476
lic,1982,33.5674876086
lic,1983,33.7978165305
lic,1984,34.0529709991
lic,1985,34.2252011852
lic,1986,34.3903112222
lic,1987,34.5403145646
lic,1988,34.6472741434
lic,1989,34.7563446527
lic,1990,34.8375203593
lic,1991,34.9203765732
lic,1992,34.4680702756
lic,1993,34.0854282598
lic,1994,33.7693559003
lic,1995,33.4886382256
lic,1996,33.7576183613
lic,1997,33.6041792444
lic,1998,33.4711094615
lic,1999,33.3218140557
lic,2000,33.3065870058
lic,2001,33.2640908586
lic,2002,33.2547641859
lic,2003,33.2237991132
lic,2004,33.1936487017
lic,2005,32.9417297143
lic,2006,32.6924147309
lic,2007,32.2477907648
lic,2008,32.0412001821
lic,2009,31.9255297004
lic,2010,31.4700329601
lic,2011,30.9818321123
lic,2012,30.7418795969
lic,2013,30.7278059109
lic,2014,30.7598162260
lic,2015,30.7782973859
lic,2016,30.7847415745
lic,2017,30.7819008644
lic,2018,30.7177372317
lmc,1960,16.0218380055
lmc,1961,16.1734311907
lmc,1962,16.2824355359
lmc,1963,16.3802714623
lmc,1964,16.4687311728
lmc,1965,16.5525023485
lmc,1966,16.6436517671
lmc,1967,16.7224170668
lmc,1968,16.8134377824
lmc,1969,16.9139799437
lmc,1970,17.0206347018
lmc,1971,17.1375205145
lmc,1972,17.2253813908
lmc,1973,17.3194376545
lmc,1974,17.4181352420
lmc,1975,16.9726016238
lmc,1976,16.9378332995
lmc,1977,16.8999048887
lmc,1978,16.8619485275
lmc,1979,16.8068748729
lmc,1980,16.7840555762
lmc,1981,16.7282268235
lmc,1982,16.6650855856
lmc,1983,16.6058012005
lmc,1984,16.5576064121
lmc,1985,16.5163115834
lmc,1986,16.4874309126
lmc,1987,16.4843448396
lmc,1988,16.4997607472
lmc,1989,16.5165635682
lmc,1990,16.5640151809
lmc,1991,16.6005068405
lmc,1992,16.5971161009
lmc,1993,16.5839948380
lmc,1994,16.5731471990
lmc,1995,16.5669233605
lmc,1996,16.5394520606
lmc,1997,16.4952935239
lmc,1998,16.4435016497
lmc,1999,16.3864546135
lmc,2000,16.3305632028
lmc,2001,16.2856151906
lmc,2002,16.2353439999
lmc,2003,16.1994048500
lmc,2004,16.1693965958
lmc,2005,16.1435502407
lmc,2006,16.1230143597
lmc,2007,16.1021878970
lmc,2008,16.0957944539
lmc,2009,16.0954238682
lmc,2010,16.0948220430
lmc,2011,16.0928384341
lmc,2012,16.1051896926
lmc,2013,16.1216462224
lmc,2014,16.1423141584
lmc,2015,16.1517072720
lmc,2016,16.1669945004
lmc,2017,16.1874700398
lmc,2018,16.2121523886
mea,1960,32.6824584034
mea,1961,32.8522823826
mea,1962,32.9885824739
mea,1963,33.1568848054
mea,1964,33.3394882014
mea,1965,33.5250412719
mea,1966,33.6552531778
mea,1967,33.5601158334
mea,1968,33.4966446834
mea,1969,33.4570803576
mea,1970,33.4247493683
mea,1971,33.4337676199
mea,1972,33.4675182873
mea,1973,33.4917866086
mea,1974,33.4943189088
mea,1975,33.4963379277
mea,1976,33.3282912943
mea,1977,33.0531511260
mea,1978,32.6440646670
mea,1979,32.2031340199
mea,1980,31.7364134998
mea,1981,31.2481009042
mea,1982,30.7577670036
mea,1983,30.2110300536
mea,1984,29.7080953708
mea,1985,29.2562565252
mea,1986,28.8493017408
mea,1987,28.5350317331
mea,1988,28.3327582829
mea,1989,28.1357285685
mea,1990,27.9247266667
mea,1991,27.7777346683
mea,1992,27.1769702896
mea,1993,27.1735869292
mea,1994,27.1815391444
mea,1995,27.6041306626
mea,1996,27.6097691167
mea,1997,27.5323535630
mea,1998,27.4586897169
mea,1999,27.3867052066
mea,2000,27.3203922508
mea,2001,27.2594868074
mea,2002,27.2392812918
mea,2003,27.1665970858
mea,2004,26.9425218181
mea,2005,26.7389227816
mea,2006,26.5462763755
mea,2007,26.3505433501
mea,2008,26.2848798849
mea,2009,26.2259318250
mea,2010,26.1393951611
mea,2011,25.7458790643
mea,2012,25.6750625663
mea,2013,25.6358542604
mea,2014,25.6277007859
mea,2015,25.6552014116
mea,2016,25.7186898850
mea,2017,25.7832977739
mea,2018,25.8664700270
mna,1960,32.3969623899
mna,1961,32.5934862513
mna,1962,32.8219431438
mna,1963,33.0580255719
mna,1964,33.3037787647
mna,1965,33.5385627440
mna,1966,33.6805819940
mna,1967,33.5906940759
mna,1968,33.4841904760
mna,1969,33.3980517115
mna,1970,33.3422884905
mna,1971,33.3948668624
mna,1972,33.4733759043
mna,1973,33.5688696409
mna,1974,33.6182428263
mna,1975,33.6708053311
mna,1976,33.5369255705
mna,1977,33.2897131366
mna,1978,32.8829682817
mna,1979,32.4437603316
mna,1980,31.9706655116
mna,1981,31.4721345104
mna,1982,30.9659940441
mna,1983,30.3816215507
mna,1984,29.8239871088
mna,1985,29.3145260180
mna,1986,28.8412635379
mna,1987,28.4464017964
mna,1988,28.1622885637
mna,1989,27.8573501377
mna,1990,27.5233640240
mna,1991,27.3181263589
mna,1992,27.1756039787
mna,1993,27.0538375615
mna,1994,26.9668180320
mna,1995,26.8821431065
mna,1996,26.8144996161
mna,1997,26.6984509093
mna,1998,26.5862608800
mna,1999,26.4820707829
mna,2000,26.3889169265
mna,2001,26.3025529589
mna,2002,26.2566477890
mna,2003,26.1601329143
mna,2004,25.9025297068
mna,2005,25.6538749077
mna,2006,25.4172365089
mna,2007,25.1878555241
mna,2008,25.1554191044
mna,2009,25.1212063567
mna,2010,25.0205299024
mna,2011,24.5328402544
mna,2012,24.4021785416
mna,2013,24.2783627065
mna,2014,24.1648353783
mna,2015,24.0767814074
mna,2016,24.0093275546
mna,2017,23.9573528006
mna,2018,23.9129400408
tmn,1960,32.3969623899
tmn,1961,32.5934862513
tmn,1962,32.8219431438
tmn,1963,33.0580255719
tmn,1964,33.3037787647
tmn,1965,33.5385627440
tmn,1966,33.6805819940
tmn,1967,33.5906940759
tmn,1968,33.4841904760
tmn,1969,33.3980517115
tmn,1970,33.3422884905
tmn,1971,33.3948668624
tmn,1972,33.4733759043
tmn,1973,33.5688696409
tmn,1974,33.6182428263
tmn,1975,33.6708053311
tmn,1976,33.5369255705
tmn,1977,33.2897131366
tmn,1978,32.8829682817
tmn,1979,32.4437603316
tmn,1980,31.9706655116
tmn,1981,31.4721345104
tmn,1982,30.9659940441
tmn,1983,30.3816215507
tmn,1984,29.8239871088
tmn,1985,29.3145260180
tmn,1986,28.8412635379
tmn,1987,28.4464017964
tmn,1988,28.1622885637
tmn,1989,27.8573501377
tmn,1990,27.6085104016
tmn,1991,27.4064068772
tmn,1992,27.2677598790
tmn,1993,27.1502430343
tmn,1994,27.0680661352
tmn,1995,26.9885592169
tmn,1996,26.9265586609
tmn,1997,26.8157332254
tmn,1998,26.7014699654
tmn,1999,26.5949797920
tmn,2000,26.4996586746
tmn,2001,26.4112263524
tmn,2002,26.3637879769
tmn,2003,26.2650137902
tmn,2004,26.0028656036
tmn,2005,25.7497012276
tmn,2006,25.5086544197
tmn,2007,25.2749601170
tmn,2008,25.2425061733
tmn,2009,25.2085800242
tmn,2010,25.1069546163
tmn,2011,24.6125194467
tmn,2012,24.4800624205
tmn,2013,24.3543338687
tmn,2014,24.2388569211
tmn,2015,24.1489949005
tmn,2016,24.0799306240
tmn,2017,24.0257302602
tmn,2018,23.9811704317
mic,1960,16.2081430060
mic,1961,16.2373647297
mic,1962,16.1953953663
mic,1963,16.1015510671
mic,1964,16.0174931900
mic,1965,16.0966698267
mic,1966,16.1760634689
mic,1967,16.2527530360
mic,1968,16.3396636359
mic,1969,16.4335448887
mic,1970,16.5305613817
mic,1971,16.6034773377
mic,1972,16.6742980215
mic,1973,16.7314849826
mic,1974,16.7723813673
mic,1975,16.6254004814
mic,1976,16.6329477840
mic,1977,16.6358501192
mic,1978,16.5859031124
mic,1979,16.4903487824
mic,1980,16.4090731482
mic,1981,16.2549353131
mic,1982,16.0803168890
mic,1983,15.9322607562
mic,1984,15.7957672680
mic,1985,15.6660523186
mic,1986,15.5426619088
mic,1987,15.4279712718
mic,1988,15.3279132821
mic,1989,15.2331744683
mic,1990,15.2004109533
mic,1991,15.1236422128
mic,1992,15.0396285926
mic,1993,14.9566260446
mic,1994,14.8818609899
mic,1995,14.8184125349
mic,1996,14.7576071328
mic,1997,14.6995977257
mic,1998,14.6440537166
mic,1999,14.5917222148
mic,2000,14.5453073169
mic,2001,14.4816546484
mic,2002,14.4134470121
mic,2003,14.3459697952
mic,2004,14.2704030587
mic,2005,14.2026914243
mic,2006,14.1473692995
mic,2007,14.0987546496
mic,2008,14.0747081945
mic,2009,14.0521292290
mic,2010,14.0291072977
mic,2011,14.0053391458
mic,2012,13.9832222408
mic,2013,13.9607830914
mic,2014,13.9435494563
mic,2015,13.9263959080
mic,2016,13.9086912130
mic,2017,13.8977358618
mic,2018,13.8993703456
nac,1960,11.6650272828
nac,1961,11.6016164331
nac,1962,11.5337471983
nac,1963,11.4778286253
nac,1964,11.4286338828
nac,1965,11.3955420951
nac,1966,11.3728961219
nac,1967,11.3547082710
nac,1968,11.3489529594
nac,1969,11.3485783860
nac,1970,11.2989219013
nac,1971,11.1293132638
nac,1972,10.9805763646
nac,1973,10.8446946348
nac,1974,10.7126522200
nac,1975,10.5747423269
nac,1976,10.4453660807
nac,1977,10.3305317777
nac,1978,10.2144938675
nac,1979,10.0962894462
nac,1980,9.9996706080
nac,1981,9.9328287359
nac,1982,9.8767994827
nac,1983,9.8271035759
nac,1984,9.7832943441
nac,1985,9.7386348949
nac,1986,9.6912877466
nac,1987,9.6506559257
nac,1988,9.6100498588
nac,1989,9.5625024537
nac,1990,9.5101180248
nac,1991,9.4640648855
nac,1992,9.3998397969
nac,1993,9.3431572303
nac,1994,9.2955044466
nac,1995,9.2524609837
nac,1996,9.2125380112
nac,1997,9.1703778638
nac,1998,9.1338715457
nac,1999,9.0998594798
nac,2000,9.0603474476
nac,2001,9.0046834708
nac,2002,8.9559103271
nac,2003,8.9149677297
nac,2004,8.8690960213
nac,2005,8.8241721530
nac,2006,8.7758327804
nac,2007,8.7287230255
nac,2008,8.6818582611
nac,2009,8.6404540377
nac,2010,8.6038051609
nac,2011,8.5748003907
nac,2012,8.5360021576
nac,2013,8.5002788989
nac,2014,8.4618810428
nac,2015,8.4253671879
nac,2016,8.3867771354
nac,2017,8.3537576693
nac,2018,8.3204304074
oed,1960,17.8680031875
oed,1961,17.8817997083
oed,1962,17.9217968755
oed,1963,17.9603631589
oed,1964,18.0120130168
oed,1965,18.0812046265
oed,1966,18.1329881259
oed,1967,18.1977181538
oed,1968,18.3009722127
oed,1969,18.3837694450
oed,1970,18.4879523861
oed,1971,18.4978153237
oed,1972,18.4829414586
oed,1973,18.4977659339
oed,1974,18.4991552519
oed,1975,18.5203116448
oed,1976,18.5396879838
oed,1977,18.5501028487
oed,1978,18.5660994171
oed,1979,18.5839492413
oed,1980,18.6075024423
oed,1981,18.5819888568
oed,1982,18.5632136625
oed,1983,18.5571181212
oed,1984,18.5651735844
oed,1985,18.5770371356
oed,1986,18.5943743860
oed,1987,18.6341187105
oed,1988,18.6496492505
oed,1989,18.6821869861
oed,1990,18.6907362374
oed,1991,18.6361529172
oed,1992,18.5696092805
oed,1993,18.5180386325
oed,1994,18.4769728707
oed,1995,18.4416121816
oed,1996,18.4096173665
oed,1997,18.3641298789
oed,1998,18.3211953024
oed,1999,18.2787640947
oed,2000,18.2352933906
oed,2001,18.1611375590
oed,2002,18.0928856939
oed,2003,18.0276737286
oed,2004,17.9678994000
oed,2005,17.9157022188
oed,2006,17.8685321847
oed,2007,17.8368619398
oed,2008,17.8043434922
oed,2009,17.7874768934
oed,2010,17.7844527013
oed,2011,17.8157735485
oed,2012,17.8181604550
oed,2013,17.8069344396
oed,2014,17.7938926083
oed,2015,17.7806612256
oed,2016,17.7485287636
oed,2017,17.7280327898
oed,2018,17.7105365027
pst,1960,17.7518098039
pst,1961,17.7524772338
pst,1962,17.7766771129
pst,1963,17.7976178398
pst,1964,17.8316443666
pst,1965,17.8790176258
pst,1966,17.9097776580
pst,1967,17.9566317768
pst,1968,18.0408099410
pst,1969,18.1021984401
pst,1970,18.1839575746
pst,1971,18.1675731372
pst,1972,18.1250905598
pst,1973,18.1136186816
pst,1974,18.0873000033
pst,1975,18.0844110173
pst,1976,18.0832128588
pst,1977,18.0741872821
pst,1978,18.0696442416
pst,1979,18.0598334289
pst,1980,18.0571350843
pst,1981,18.0441049412
pst,1982,18.0469625399
pst,1983,18.0702585020
pst,1984,18.1064923566
pst,1985,18.1476874653
pst,1986,18.1907696744
pst,1987,18.2633174316
pst,1988,18.3035105846
pst,1989,18.3557283757
pst,1990,18.3753329580
pst,1991,18.3294815388
pst,1992,18.2559947810
pst,1993,18.1944060968
pst,1994,18.1471591437
pst,1995,18.1024443375
pst,1996,18.0591017125
pst,1997,18.0131481477
pst,1998,17.9713728384
pst,1999,17.9342054484
pst,2000,17.8946621077
pst,2001,17.8265256299
pst,2002,17.7604491943
pst,2003,17.6793430193
pst,2004,17.6152811914
pst,2005,17.5615043153
pst,2006,17.5173672847
pst,2007,17.4930785622
pst,2008,17.4727545780
pst,2009,17.4550787388
pst,2010,17.4494622394
pst,2011,17.4744305617
pst,2012,17.4758714325
pst,2013,17.4748199352
pst,2014,17.4714766790
pst,2015,17.4695523527
pst,2016,17.4664629133
pst,2017,17.4708861350
pst,2018,17.4789961543
pre,1960,25.0039242762
pre,1961,25.7651009829
pre,1962,26.5274314192
pre,1963,27.2469273416
pre,1964,27.9097640110
pre,1965,28.5358859838
pre,1966,29.0632808624
pre,1967,29.5289927224
pre,1968,29.9443669984
pre,1969,30.3638736581
pre,1970,30.7377328160
pre,1971,31.0049973961
pre,1972,31.3368430726
pre,1973,31.6431510403
pre,1974,31.9076944967
pre,1975,32.1323490816
pre,1976,32.2589109835
pre,1977,32.3435075833
pre,1978,32.3594511333
pre,1979,32.3332223433
pre,1980,32.3249557634
pre,1981,32.2688812527
pre,1982,32.2480533784
pre,1983,32.2839560272
pre,1984,32.3696171650
pre,1985,32.4144193544
pre,1986,32.4597122068
pre,1987,32.5105297755
pre,1988,32.5827876353
pre,1989,32.6407896812
pre,1990,32.6772830722
pre,1991,32.8147116702
pre,1992,32.5622570047
pre,1993,32.3058890235
pre,1994,32.0670153455
pre,1995,31.9027359828
pre,1996,32.1107405712
pre,1997,32.0592739687
pre,1998,32.0160052511
pre,1999,31.9500198774
pre,2000,31.9281987511
pre,2001,31.8250554737
pre,2002,31.7232246327
pre,2003,31.6078321485
pre,2004,31.3545322333
pre,2005,30.9932815164
pre,2006,30.6740853445
pre,2007,30.2270174594
pre,2008,30.0814598214
pre,2009,29.9636655040
pre,2010,29.7810724683
pre,2011,29.5949636266
pre,2012,29.2929940368
pre,2013,29.1342998737
pre,2014,29.0162085125
pre,2015,28.8714382806
pre,2016,28.7496724011
pre,2017,28.6469528727
pre,2018,28.5312613287
sas,1960,9.5529991545
sas,1961,9.5890530049
sas,1962,9.5987246220
sas,1963,9.6104558003
sas,1964,9.6224416327
sas,1965,9.6377366086
sas,1966,9.6573494436
sas,1967,9.6805258326
sas,1968,9.7078158495
sas,1969,9.7378576287
sas,1970,9.7717479781
sas,1971,9.7974554876
sas,1972,9.7966652476
sas,1973,9.7958743360
sas,1974,9.7816067046
sas,1975,9.7377108373
sas,1976,9.6978659755
sas,1977,9.6606380796
sas,1978,9.6271480168
sas,1979,9.5963792101
sas,1980,9.6015541445
sas,1981,9.6248006783
sas,1982,9.6570799133
sas,1983,9.6931013303
sas,1984,9.7343371883
sas,1985,9.7805007389
sas,1986,9.8331410602
sas,1987,9.8901443984
sas,1988,9.9534894675
sas,1989,10.0240744301
sas,1990,10.1013706391
sas,1991,10.1658062068
sas,1992,10.1908025098
sas,1993,10.2186365961
sas,1994,10.2509658986
sas,1995,10.2880318663
sas,1996,10.3297404584
sas,1997,10.3752490448
sas,1998,10.4190631926
sas,1999,10.4538180493
sas,2000,10.4940797913
sas,2001,10.4948578467
sas,2002,10.4882283451
sas,2003,10.5082599529
sas,2004,10.5278471750
sas,2005,10.5463457400
sas,2006,10.5713067164
sas,2007,10.6020148579
sas,2008,10.6391347225
sas,2009,10.6820189427
sas,2010,10.7316550376
sas,2011,10.7874218356
sas,2012,10.8481274585
sas,2013,10.9133920754
sas,2014,10.9808780573
sas,2015,11.0502055254
sas,2016,11.1211793001
sas,2017,11.1935646483
sas,2018,11.2673104474
tsa,1960,9.5529991545
tsa,1961,9.5890530049
tsa,1962,9.5987246220
tsa,1963,9.6104558003
tsa,1964,9.6224416327
tsa,1965,9.6377366086
tsa,1966,9.6573494436
tsa,1967,9.6805258326
tsa,1968,9.7078158495
tsa,1969,9.7378576287
tsa,1970,9.7717479781
tsa,1971,9.7974554876
tsa,1972,9.7966652476
tsa,1973,9.7958743360
tsa,1974,9.7816067046
tsa,1975,9.7377108373
tsa,1976,9.6978659755
tsa,1977,9.6606380796
tsa,1978,9.6271480168
tsa,1979,9.5963792101
tsa,1980,9.6015541445
tsa,1981,9.6248006783
tsa,1982,9.6570799133
tsa,1983,9.6931013303
tsa,1984,9.7343371883
tsa,1985,9.7805007389
tsa,1986,9.8331410602
tsa,1987,9.8901443984
tsa,1988,9.9534894675
tsa,1989,10.0240744301
tsa,1990,10.1013706391
tsa,1991,10.1658062068
tsa,1992,10.1908025098
tsa,1993,10.2186365961
tsa,1994,10.2509658986
tsa,1995,10.2880318663
tsa,1996,10.3297404584
tsa,1997,10.3752490448
tsa,1998,10.4190631926
tsa,1999,10.4538180493
tsa,2000,10.4940797913
tsa,2001,10.4948578467
tsa,2002,10.4882283451
tsa,2003,10.5082599529
tsa,2004,10.5278471750
tsa,2005,10.5463457400
tsa,2006,10.5713067164
tsa,2007,10.6020148579
tsa,2008,10.6391347225
tsa,2009,10.6820189427
tsa,2010,10.7316550376
tsa,2011,10.7874218356
tsa,2012,10.8481274585
tsa,2013,10.9133920754
tsa,2014,10.9808780573
tsa,2015,11.0502055254
tsa,2016,11.1211793001
tsa,2017,11.1935646483
tsa,2018,11.2673104474
ssf,1960,22.4284792711
ssf,1961,22.8818802992
ssf,1962,23.3406864479
ssf,1963,23.7623838364
ssf,1964,24.1439411380
ssf,1965,24.4962040136
ssf,1966,24.8803533917
ssf,1967,25.2705576816
ssf,1968,25.6767309150
ssf,1969,26.0910112227
ssf,1970,26.4742760997
ssf,1971,26.7487198387
ssf,1972,27.0626285737
ssf,1973,27.3386552608
ssf,1974,27.5685639094
ssf,1975,27.7841925724
ssf,1976,27.9371217940
ssf,1977,28.0634703291
ssf,1978,28.1431584538
ssf,1979,28.1816299749
ssf,1980,28.2859272649
ssf,1981,28.3162833587
ssf,1982,28.3547831545
ssf,1983,28.4431550950
ssf,1984,28.5685904266
ssf,1985,28.6240887830
ssf,1986,28.6449678641
ssf,1987,28.6793790902
ssf,1988,28.7272767775
ssf,1989,28.7552188141
ssf,1990,28.7885139048
ssf,1991,28.9199359722
ssf,1992,28.7361124245
ssf,1993,28.5377799044
ssf,1994,28.3429900535
ssf,1995,28.1963389633
ssf,1996,28.3815301576
ssf,1997,28.3520255282
ssf,1998,28.3309628792
ssf,1999,28.2986702897
ssf,2000,28.3135271947
ssf,2001,28.2735686151
ssf,2002,28.2273476695
ssf,2003,28.1624152169
ssf,2004,28.1035628722
ssf,2005,27.9411483158
ssf,2006,27.7890655314
ssf,2007,27.5029597473
ssf,2008,27.3524258959
ssf,2009,27.2323341686
ssf,2010,27.1082423646
ssf,2011,26.9984023828
ssf,2012,26.8010780236
ssf,2013,26.7412753214
ssf,2014,26.7122272606
ssf,2015,26.6515357173
ssf,2016,26.6026120853
ssf,2017,26.5649197079
ssf,2018,26.5124975214
ssa,1960,22.4284792711
ssa,1961,22.8818802992
ssa,1962,23.3406864479
ssa,1963,23.7623838364
ssa,1964,24.1439411380
ssa,1965,24.4962040136
ssa,1966,24.8803533917
ssa,1967,25.2705576816
ssa,1968,25.6767309150
ssa,1969,26.0910112227
ssa,1970,26.4742760997
ssa,1971,26.7487198387
ssa,1972,27.0626285737
ssa,1973,27.3386552608
ssa,1974,27.5685639094
ssa,1975,27.7841925724
ssa,1976,27.9371217940
ssa,1977,28.0634703291
ssa,1978,28.1431584538
ssa,1979,28.1816299749
ssa,1980,28.2859272649
ssa,1981,28.3162833587
ssa,1982,28.3547831545
ssa,1983,28.4431550950
ssa,1984,28.5685904266
ssa,1985,28.6240887830
ssa,1986,28.6449678641
ssa,1987,28.6793790902
ssa,1988,28.7272767775
ssa,1989,28.7552188141
ssa,1990,28.7885139048
ssa,1991,28.9199359722
ssa,1992,28.7361124245
ssa,1993,28.5377799044
ssa,1994,28.3429900535
ssa,1995,28.1963389633
ssa,1996,28.3815301576
ssa,1997,28.3520255282
ssa,1998,28.3309628792
ssa,1999,28.2986702897
ssa,2000,28.3135271947
ssa,2001,28.2735686151
ssa,2002,28.2273476695
ssa,2003,28.1624152169
ssa,2004,28.1035628722
ssa,2005,27.9411483158
ssa,2006,27.7890655314
ssa,2007,27.5029597473
ssa,2008,27.3524258959
ssa,2009,27.2323341686
ssa,2010,27.1082423646
ssa,2011,26.9984023828
ssa,2012,26.8010780236
ssa,2013,26.7412753214
ssa,2014,26.7122272606
ssa,2015,26.6515357173
ssa,2016,26.6026120853
ssa,2017,26.5649197079
ssa,2018,26.5124975214
tss,1960,22.4284792711
tss,1961,22.8818802992
tss,1962,23.3406864479
tss,1963,23.7623838364
tss,1964,24.1439411380
tss,1965,24.4962040136
tss,1966,24.8803533917
tss,1967,25.2705576816
tss,1968,25.6767309150
tss,1969,26.0910112227
tss,1970,26.4742760997
tss,1971,26.7487198387
tss,1972,27.0626285737
tss,1973,27.3386552608
tss,1974,27.5685639094
tss,1975,27.7841925724
tss,1976,27.9371217940
tss,1977,28.0634703291
tss,1978,28.1431584538
tss,1979,28.1816299749
tss,1980,28.2859272649
tss,1981,28.3162833587
tss,1982,28.3547831545
tss,1983,28.4431550950
tss,1984,28.5685904266
tss,1985,28.6240887830
tss,1986,28.6449678641
tss,1987,28.6793790902
tss,1988,28.7272767775
tss,1989,28.7552188141
tss,1990,28.7885139048
tss,1991,28.9199359722
tss,1992,28.7361124245
tss,1993,28.5377799044
tss,1994,28.3429900535
tss,1995,28.1963389633
tss,1996,28.3815301576
tss,1997,28.3520255282
tss,1998,28.3309628792
tss,1999,28.2986702897
tss,2000,28.3135271947
tss,2001,28.2735686151
tss,2002,28.2273476695
tss,2003,28.1624152169
tss,2004,28.1035628722
tss,2005,27.9411483158
tss,2006,27.7890655314
tss,2007,27.5029597473
tss,2008,27.3524258959
tss,2009,27.2323341686
tss,2010,27.1082423646
tss,2011,26.9984023828
tss,2012,26.8010780236
tss,2013,26.7412753214
tss,2014,26.7122272606
tss,2015,26.6515357173
tss,2016,26.6026120853
tss,2017,26.5649197079
tss,2018,26.5124975214
umc,1960,16.3098641301
umc,1961,16.2722999480
umc,1962,16.1479819354
umc,1963,15.9509278654
umc,1964,15.7753759836
umc,1965,15.8503928208
umc,1966,15.9219491025
umc,1967,15.9958335484
umc,1968,16.0787852403
umc,1969,16.1672721949
umc,1970,16.2571510182
umc,1971,16.3032731605
umc,1972,16.3608686705
umc,1973,16.3934142363
umc,1974,16.3973502751
umc,1975,16.4227743553
umc,1976,16.4527665397
umc,1977,16.4777451170
umc,1978,16.4192830904
umc,1979,16.2987008808
umc,1980,16.1810625798
umc,1981,15.9660239192
umc,1982,15.7232882014
umc,1983,15.5197675417
umc,1984,15.3274669392
umc,1985,15.1414672056
umc,1986,14.9576639547
umc,1987,14.7716503956
umc,1988,14.5972730373
umc,1989,14.4294583202
umc,1990,14.3435802796
umc,1991,14.1926991636
umc,1992,14.0544296242
umc,1993,13.9235698689
umc,1994,13.8050637670
umc,1995,13.7022026053
umc,1996,13.6167522712
umc,1997,13.5463105762
umc,1998,13.4847070721
umc,1999,13.4316733751
umc,2000,13.3873707301
umc,2001,13.3094402937
umc,2002,13.2267267203
umc,2003,13.1358800896
umc,2004,13.0274652732
umc,2005,12.9289353452
umc,2006,12.8465367720
umc,2007,12.7745927909
umc,2008,12.7336746645
umc,2009,12.6911389980
umc,2010,12.6475391231
umc,2011,12.6028198221
umc,2012,12.5509816155
umc,2013,12.4954655306
umc,2014,12.4454496310
umc,2015,12.4023924033
umc,2016,12.3539289492
umc,2017,12.3125823135
umc,2018,12.2876490329
wld,1960,17.5812683730
wld,1961,17.6020157903
wld,1962,17.5937370747
wld,1963,17.5541733838
wld,1964,17.5260305369
wld,1965,17.5978988772
wld,1966,17.6632843643
wld,1967,17.7345066117
wld,1968,17.8277211727
wld,1969,17.9151088479
wld,1970,18.0139802159
wld,1971,18.0631271995
wld,1972,18.1014458079
wld,1973,18.1444623593
wld,1974,18.1714613575
wld,1975,18.1033530047
wld,1976,18.1196554451
wld,1977,18.1299272339
wld,1978,18.1092144256
wld,1979,18.0563733094
wld,1980,18.0126403457
wld,1981,17.9160408410
wld,1982,17.8090649155
wld,1983,17.7252843282
wld,1984,17.6539958798
wld,1985,17.5861793407
wld,1986,17.5233599952
wld,1987,17.4785948789
wld,1988,17.4328223854
wld,1989,17.3955512952
wld,1990,17.3813452924
wld,1991,17.3178738952
wld,1992,17.1838695168
wld,1993,17.1007534471
wld,1994,17.0269061616
wld,1995,16.9939039740
wld,1996,16.9498689490
wld,1997,16.8885495945
wld,1998,16.8313462754
wld,1999,16.7780976334
wld,2000,16.7357249573
wld,2001,16.6698691406
wld,2002,16.6012089377
wld,2003,16.5284700139
wld,2004,16.4552678362
wld,2005,16.3832087073
wld,2006,16.3240146996
wld,2007,16.2645140379
wld,2008,16.2348350908
wld,2009,16.2112101176
wld,2010,16.1749417336
wld,2011,16.1409719824
wld,2012,16.1114671741
wld,2013,16.0986489121
wld,2014,16.0932128169
wld,2015,16.0909246197
wld,2016,16.0895244809
wld,2017,16.0938307992
wld,2018,16.1072951752
afg,1960,37.7531633846
afg,1961,37.7206532441
afg,1962,37.6676971831
afg,1963,37.5981103173
afg,1964,37.5087112676
afg,1965,37.4017568661
afg,1966,37.2872988722
afg,1967,37.1233871144
afg,1968,36.8847596127
afg,1969,36.6030190357
afg,1970,36.2728842912
afg,1971,35.9054936595
afg,1972,36.1177893651
afg,1973,36.9534060116
afg,1974,37.8858019048
afg,1975,38.9533244595
afg,1976,40.1504492452
afg,1977,41.4825127427
afg,1978,43.0666036570
afg,1979,45.0225622726
afg,1980,45.7702630719
afg,1981,47.0017309254
afg,1982,48.6758290187
afg,1983,50.6750121682
afg,1984,52.7591354730
afg,1985,54.6743883441
afg,1986,56.3923606789
afg,1987,57.6294517773
afg,1988,58.1846890552
afg,1989,59.2476993770
afg,1990,58.9419125496
afg,1991,57.2348045679
afg,1992,54.6741307589
afg,1993,52.0949302299
afg,1994,50.2036258593
afg,1995,49.2485154158
afg,1996,49.2247733482
afg,1997,49.8787321234
afg,1998,50.8971941769
afg,1999,51.8192182579
afg,2000,52.3368509250
afg,2001,52.3684602237
afg,2002,52.0914771692
afg,2003,51.7279774662
afg,2004,50.9402168130
afg,2005,49.8803717053
afg,2006,49.1853287331
afg,2007,48.7410810175
afg,2008,48.4133624447
afg,2009,48.0244230722
afg,2010,47.4757078907
afg,2011,46.7472386204
afg,2012,45.9116105171
afg,2013,45.0502455987
afg,2014,44.2696337800
afg,2015,43.6236513260
afg,2016,43.1187371221
afg,2017,42.6990168187
afg,2018,42.3311983624
alb,1960,27.2805486840
alb,1961,26.8138911821
alb,1962,26.2942615013
alb,1963,25.8125155130
alb,1964,25.3577190897
alb,1965,24.9418758392
alb,1966,24.5624895712
alb,1967,24.1902294032
alb,1968,23.7737528384
alb,1969,23.3728166546
alb,1970,23.1238962468
alb,1971,22.9071333592
alb,1972,22.6767816232
alb,1973,22.4780523027
alb,1974,22.2963335192
alb,1975,22.1154286179
alb,1976,21.9576739196
alb,1977,21.7989470130
alb,1978,21.6724899312
alb,1979,21.5654055879
alb,1980,21.4654369707
alb,1981,21.3755494532
alb,1982,21.2638205825
alb,1983,21.1510769403
alb,1984,21.0444654309
alb,1985,20.9476342793
alb,1986,20.8782209844
alb,1987,20.7957579968
alb,1988,20.7382670552
alb,1989,20.5500531204
alb,1990,20.6536465250
alb,1991,21.2624446165
alb,1992,21.7293239299
alb,1993,22.2096071587
alb,1994,22.7041873879
alb,1995,23.2143044295
alb,1996,23.7396822757
alb,1997,24.2807521973
alb,1998,24.8385705086
alb,1999,25.4140123905
alb,2000,26.0073166324
alb,2001,26.5442974809
alb,2002,26.4677295399
alb,2003,26.4232592881
alb,2004,26.4029242424
alb,2005,26.4196353580
alb,2006,26.4804463808
alb,2007,26.5865830165
alb,2008,26.7090495944
alb,2009,26.8204860693
alb,2010,26.8964718441
alb,2011,26.9245711988
alb,2012,26.9370625998
alb,2013,26.9777768077
alb,2014,27.0449580675
alb,2015,27.1560704332
alb,2016,27.2514695756
alb,2017,27.3479864857
alb,2018,27.5063925380
dza,1960,25.8357900428
dza,1961,25.3509943916
dza,1962,24.6953549895
dza,1963,24.0741583875
dza,1964,23.4744747383
dza,1965,22.8889222843
dza,1966,22.4541742993
dza,1967,22.4488589825
dza,1968,22.4354989425
dza,1969,22.4233859901
dza,1970,22.4221424097
dza,1971,22.4332683853
dza,1972,22.4525557180
dza,1973,22.4722720400
dza,1974,22.4883605797
dza,1975,22.4945236469
dza,1976,22.4936651252
dza,1977,22.1172566965
dza,1978,21.1680380604
dza,1979,20.2540946621
dza,1980,19.3732311512
dza,1981,18.5270535677
dza,1982,17.7168285275
dza,1983,16.9470218006
dza,1984,16.2212586227
dza,1985,15.5422291735
dza,1986,14.9072713464
dza,1987,14.3737243624
dza,1988,14.0217014508
dza,1989,13.6952612604
dza,1990,13.3944550545
dza,1991,13.1174176722
dza,1992,12.8634204555
dza,1993,12.6335754108
dza,1994,12.4298912330
dza,1995,12.2520841281
dza,1996,12.0986170376
dza,1997,11.9666321946
dza,1998,11.8513082333
dza,1999,11.6736214123
dza,2000,11.5083566050
dza,2001,11.3540708347
dza,2002,11.2085873609
dza,2003,11.0677623465
dza,2004,10.9270831085
dza,2005,10.7830305193
dza,2006,10.6349539884
dza,2007,10.4832427445
dza,2008,10.3274323060
dza,2009,10.1691924846
dza,2010,10.0086657270
dza,2011,9.8466627943
dza,2012,9.6840807937
dza,2013,9.5226899466
dza,2014,9.3640737168
dza,2015,9.2101290991
dza,2016,9.0609141645
dza,2017,8.9175633418
dza,2018,8.7823099029
ago,1960,38.5485803430
ago,1961,39.0320917212
ago,1962,40.0032782659
ago,1963,41.0553182465
ago,1964,42.2647108160
ago,1965,43.6708650243
ago,1966,45.3294980615
ago,1967,47.2018358080
ago,1968,49.1281632917
ago,1969,50.8386670136
ago,1970,52.1241240287
ago,1971,51.7413009084
ago,1972,49.9951857568
ago,1973,48.0837150906
ago,1974,46.2255810892
ago,1975,44.5464295736
ago,1976,43.0529488944
ago,1977,41.6948550840
ago,1978,40.4350550637
ago,1979,39.2302230222
ago,1980,38.0581182041
ago,1981,36.9189260511
ago,1982,35.8292911109
ago,1983,34.7940288053
ago,1984,34.4985629058
ago,1985,34.2345540820
ago,1986,34.0069016561
ago,1987,33.8133574045
ago,1988,33.6607560969
ago,1989,33.5498054439
ago,1990,33.4892082735
ago,1991,33.4752898346
ago,1992,33.5065943709
ago,1993,33.5767626996
ago,1994,33.4192870850
ago,1995,33.5468802612
ago,1996,33.6964081989
ago,1997,33.8610735254
ago,1998,34.0431022319
ago,1999,34.2388910736
ago,2000,34.4473898627
ago,2001,34.6644546147
ago,2002,34.8948047414
ago,2003,35.1292377835
ago,2004,35.3605921438
ago,2005,35.5794827755
ago,2006,36.0470418932
ago,2007,36.5076057321
ago,2008,36.9739247013
ago,2009,37.4523562079
ago,2010,37.9606196777
ago,2011,38.4987273778
ago,2012,39.0711524386
ago,2013,39.6730340606
ago,2014,40.1716967203
ago,2015,39.6981401941
ago,2016,39.2681018681
ago,2017,38.8733836411
ago,2018,38.5152977450
arg,1960,44.8491600562
arg,1961,44.7849022165
arg,1962,44.7122323401
arg,1963,44.6579375935
arg,1964,44.6230866279
arg,1965,44.6047689954
arg,1966,44.6052532221
arg,1967,44.6219408721
arg,1968,44.6467292897
arg,1969,44.6671084739
arg,1970,44.6789606002
arg,1971,44.5157248955
arg,1972,44.2901868598
arg,1973,44.0630891902
arg,1974,43.8495983248
arg,1975,43.6570954092
arg,1976,43.4883007058
arg,1977,43.3370313913
arg,1978,43.1957542294
arg,1979,43.0527086642
arg,1980,42.9008119547
arg,1981,42.5647595961
arg,1982,42.1505036171
arg,1983,41.7410226486
arg,1984,41.3412507836
arg,1985,40.9547046293
arg,1986,40.5837237469
arg,1987,40.2276093621
arg,1988,39.8906298032
arg,1989,39.5764429000
arg,1990,39.2893358113
arg,1991,39.0369598967
arg,1992,38.8625598391
arg,1993,38.7075616150
arg,1994,38.5705995818
arg,1995,38.4499523675
arg,1996,38.3450185323
arg,1997,38.2541412356
arg,1998,38.1759534009
arg,1999,38.1061688768
arg,2000,38.0434331851
arg,2001,37.9842769380
arg,2002,37.9741678169
arg,2003,37.9974405352
arg,2004,38.0287269153
arg,2005,38.0673295218
arg,2006,38.1155954082
arg,2007,38.1716544747
arg,2008,38.2318637986
arg,2009,38.2894949903
arg,2010,38.4442699573
arg,2011,38.2604784861
arg,2012,37.9961446074
arg,2013,37.7410622908
arg,2014,37.4954324955
arg,2015,37.2602857528
arg,2016,37.0355002157
arg,2017,36.8197273819
arg,2018,36.6134837504
arm,1960,55.9608348353
arm,1961,55.1267741967
arm,1962,54.3706725260
arm,1963,53.7026186465
arm,1964,53.1327475821
arm,1965,52.6598806485
arm,1966,52.2930648770
arm,1967,52.0216151897
arm,1968,51.8302924475
arm,1969,51.6910082921
arm,1970,51.4788566076
arm,1971,51.1658191187
arm,1972,50.8970023781
arm,1973,50.6772683677
arm,1974,50.5237026749
arm,1975,50.5672756009
arm,1976,50.6804860160
arm,1977,50.8532788006
arm,1978,51.0842070907
arm,1979,51.1097617289
arm,1980,50.8739427993
arm,1981,50.6897032787
arm,1982,50.5638678902
arm,1983,50.4598410713
arm,1984,50.3350387507
arm,1985,50.1697435572
arm,1986,49.9304380737
arm,1987,49.6587913217
arm,1988,49.5031742232
arm,1989,49.3366512953
arm,1990,49.2365865008
arm,1991,49.6241578974
arm,1992,50.4494053604
arm,1993,51.5702900673
arm,1994,52.7435102350
arm,1995,53.7565802970
arm,1996,54.5163421681
arm,1997,55.0557204384
arm,1998,55.4169510651
arm,1999,55.7003270318
arm,2000,55.9854447043
arm,2001,56.2665431209
arm,2002,56.4571097836
arm,2003,56.6176261656
arm,2004,56.8021144868
arm,2005,57.0335501038
arm,2006,57.3352416717
arm,2007,57.6967089499
arm,2008,58.0500084306
arm,2009,58.3007192002
arm,2010,58.3770093860
arm,2011,58.2512394354
arm,2012,58.2395369263
arm,2013,58.2038869432
arm,2014,58.1184347111
arm,2015,58.0447392019
arm,2016,58.0009502316
arm,2017,57.9734407885
arm,2018,57.9567675617
aus,1960,25.4785661403
aus,1961,25.4197296235
aus,1962,25.2855903340
aus,1963,25.2855382235
aus,1964,25.2759242100
aus,1965,25.2672154036
aus,1966,25.1805391649
aus,1967,25.8797861482
aus,1968,26.4675657359
aus,1969,26.9771182404
aus,1970,27.5323096722
aus,1971,27.7011225154
aus,1972,27.3716600878
aus,1973,27.1300245701
aus,1974,26.6227122110
aus,1975,26.4674491070
aus,1976,26.3740212018
aus,1977,26.2524227085
aus,1978,26.1226151062
aus,1979,26.0152180758
aus,1980,25.8734456175
aus,1981,25.6381367150
aus,1982,25.5115649143
aus,1983,25.4914066189
aus,1984,25.5021088308
aus,1985,25.4518162968
aus,1986,25.3333938507
aus,1987,25.2428875739
aus,1988,25.1238478566
aus,1989,24.9907951174
aus,1990,24.9117460068
aus,1991,24.8837904879
aus,1992,24.8593371947
aus,1993,24.8956458848
aus,1994,24.9127159196
aus,1995,24.8929023037
aus,1996,24.8464841285
aus,1997,24.4846876426
aus,1998,24.1470813762
aus,1999,23.7903236412
aus,2000,23.4276317706
aus,2001,23.0356504428
aus,2002,22.8934283668
aus,2003,22.7493458580
aus,2004,22.6235964435
aus,2005,22.4623239092
aus,2006,22.2686387254
aus,2007,22.4596404460
aus,2008,22.3427824982
aus,2009,22.2131715220
aus,2010,22.1970487159
aus,2011,22.2181733456
aus,2012,22.1972539142
aus,2013,22.1812951526
aus,2014,22.2168650669
aus,2015,22.2644362380
aus,2016,22.2853199863
aus,2017,22.2776285132
aus,2018,22.2933745854
aut,1960,35.6646445964
aut,1961,35.4318413103
aut,1962,35.1723289403
aut,1963,34.9039315728
aut,1964,34.6297013719
aut,1965,34.3635058912
aut,1966,34.0811942712
aut,1967,33.7861946388
aut,1968,33.5702497743
aut,1969,33.4138197748
aut,1970,33.2563082421
aut,1971,33.0476592982
aut,1972,32.6667333713
aut,1973,32.2994692983
aut,1974,32.0588986506
aut,1975,31.9590091619
aut,1976,31.8309572573
aut,1977,31.6357921744
aut,1978,31.4791342423
aut,1979,31.3513064513
aut,1980,31.1705306230
aut,1981,30.9560617172
aut,1982,31.0765165243
aut,1983,31.2707940704
aut,1984,31.4190018143
aut,1985,31.5510999321
aut,1986,31.6805326656
aut,1987,31.8111447096
aut,1988,31.9183810578
aut,1989,31.9277290985
aut,1990,31.8393520528
aut,1991,31.6772889813
aut,1992,31.4880765682
aut,1993,31.3875148920
aut,1994,31.4262956419
aut,1995,31.5387756211
aut,1996,31.6590680117
aut,1997,31.7867613908
aut,1998,31.9178682719
aut,1999,32.0229833181
aut,2000,32.1149609329
aut,2001,32.2169728726
aut,2002,32.6562947559
aut,2003,33.1044701525
aut,2004,33.5160780114
aut,2005,33.9116306915
aut,2006,34.2329364368
aut,2007,34.5800053725
aut,2008,35.0487329273
aut,2009,35.5416598531
aut,2010,36.0513570433
aut,2011,36.5339303848
aut,2012,36.7760203608
aut,2013,36.8679209813
aut,2014,36.8894411474
aut,2015,36.7869427726
aut,2016,36.6996193690
aut,2017,36.7542201329
aut,2018,36.8497527027
aze,1960,49.0046226223
aze,1961,48.7778840222
aze,1962,48.5388001074
aze,1963,48.3287236052
aze,1964,48.1993068505
aze,1965,48.1763259428
aze,1966,48.2703498358
aze,1967,48.4679614560
aze,1968,48.7604691394
aze,1969,49.1244775732
aze,1970,49.1926038420
aze,1971,48.8942055290
aze,1972,48.6552585071
aze,1973,48.4618956699
aze,1974,48.4244708105
aze,1975,48.5306677579
aze,1976,48.6569772530
aze,1977,48.7967969378
aze,1978,48.9487867690
aze,1979,48.8644548907
aze,1980,48.4967216771
aze,1981,48.1329521735
aze,1982,47.7713620995
aze,1983,47.4078222230
aze,1984,47.0039268982
aze,1985,46.5572159838
aze,1986,46.1057913942
aze,1987,45.6549579759
aze,1988,45.2107118030
aze,1989,44.8298256388
aze,1990,45.0494049857
aze,1991,44.7750788469
aze,1992,44.5215496185
aze,1993,44.2678861849
aze,1994,44.0919498742
aze,1995,44.0062153059
aze,1996,43.9855823958
aze,1997,43.9842407600
aze,1998,43.9932394000
aze,1999,43.9047658439
aze,2000,43.6663624973
aze,2001,43.4494213523
aze,2002,43.2478152215
aze,2003,43.0420272738
aze,2004,42.7878015602
aze,2005,42.4733520971
aze,2006,42.2297924221
aze,2007,42.0736951410
aze,2008,41.8849432546
aze,2009,42.0786843730
aze,2010,42.6392037153
aze,2011,42.7764225841
aze,2012,42.5181683529
aze,2013,42.2634120242
aze,2014,42.0192704783
aze,2015,41.7900044322
aze,2016,41.5829770494
aze,2017,41.4222785039
aze,2018,41.2892628686
bhr,1960,48.5289058410
bhr,1961,48.9919631942
bhr,1962,49.5753648496
bhr,1963,50.2852041407
bhr,1964,51.1166121357
bhr,1965,51.5401180876
bhr,1966,51.2251211260
bhr,1967,50.9571788413
bhr,1968,50.6403581218
bhr,1969,50.1577580346
bhr,1970,49.4419179159
bhr,1971,48.5937938933
bhr,1972,47.7744346106
bhr,1973,46.7378093968
bhr,1974,45.4471780842
bhr,1975,43.9276805227
bhr,1976,42.2034627379
bhr,1977,40.3984325232
bhr,1978,38.7283278717
bhr,1979,37.3803935422
bhr,1980,36.4227232974
bhr,1981,35.7100167529
bhr,1982,34.8676212549
bhr,1983,34.1924208763
bhr,1984,33.5334752967
bhr,1985,32.7986168862
bhr,1986,31.9717435796
bhr,1987,31.0992454961
bhr,1988,30.2403057100
bhr,1989,29.4617724427
bhr,1990,28.7968356081
bhr,1991,28.2290912483
bhr,1992,27.7998607260
bhr,1993,27.4524613752
bhr,1994,27.1137350320
bhr,1995,26.7601421802
bhr,1996,26.3886879367
bhr,1997,25.9822902482
bhr,1998,25.4973432009
bhr,1999,24.8845878315
bhr,2000,24.1273219485
bhr,2001,23.6256801435
bhr,2002,24.2168728479
bhr,2003,24.6957115562
bhr,2004,25.0336026086
bhr,2005,25.2309476900
bhr,2006,25.2794488876
bhr,2007,25.2565825646
bhr,2008,25.3489083819
bhr,2009,25.7404775332
bhr,2010,26.5653413637
bhr,2011,27.9837093439
bhr,2012,29.8560044373
bhr,2013,32.0155862921
bhr,2014,34.1839152639
bhr,2015,36.1145647512
bhr,2016,37.6952489968
bhr,2017,39.0210918533
bhr,2018,40.2932266709
bgd,1960,20.6011941628
bgd,1961,20.8632474991
bgd,1962,21.5938909543
bgd,1963,22.3415837991
bgd,1964,23.1035868457
bgd,1965,23.8589359381
bgd,1966,24.6131287731
bgd,1967,25.3728763583
bgd,1968,26.1864913693
bgd,1969,27.0986128495
bgd,1970,28.1662816075
bgd,1971,29.4105399859
bgd,1972,30.8226372159
bgd,1973,32.3449733606
bgd,1974,33.1117667736
bgd,1975,32.2278716739
bgd,1976,31.2913000173
bgd,1977,30.3286997670
bgd,1978,29.3731440712
bgd,1979,28.4600330589
bgd,1980,27.6113209982
bgd,1981,27.2377155413
bgd,1982,27.7439105948
bgd,1983,28.2678682188
bgd,1984,28.8041361832
bgd,1985,29.3473196424
bgd,1986,29.9028972674
bgd,1987,30.4742961274
bgd,1988,31.0729933914
bgd,1989,31.7077449955
bgd,1990,32.3918426944
bgd,1991,32.9166950077
bgd,1992,33.0005547857
bgd,1993,33.1071962600
bgd,1994,33.2257018212
bgd,1995,33.3514904230
bgd,1996,33.4814158149
bgd,1997,33.6193286852
bgd,1998,33.7718166885
bgd,1999,33.9470813406
bgd,2000,34.1528203966
bgd,2001,34.1216379390
bgd,2002,33.7936274775
bgd,2003,33.5051913784
bgd,2004,33.2674440523
bgd,2005,33.0816907397
bgd,2006,32.9504716654
bgd,2007,32.8671417553
bgd,2008,32.8210631680
bgd,2009,32.7911407241
bgd,2010,32.7677116205
bgd,2011,32.7474504426
bgd,2012,32.7381387056
bgd,2013,32.7461220170
bgd,2014,32.7728824495
bgd,2015,32.8254079869
bgd,2016,32.9013886636
bgd,2017,33.0005943095
bgd,2018,33.1231636140
blr,1960,20.7327366490
blr,1961,20.9484552294
blr,1962,21.1621023485
blr,1963,21.3806976940
blr,1964,21.6125870849
blr,1965,21.9005798519
blr,1966,22.2053588449
blr,1967,22.5226851311
blr,1968,22.8606984653
blr,1969,23.2258433283
blr,1970,23.4149821139
blr,1971,23.3806575656
blr,1972,23.3706255832
blr,1973,23.3915178217
blr,1974,23.4511130625
blr,1975,23.6220613611
blr,1976,23.8230393591
blr,1977,24.0189787732
blr,1978,24.2065698515
blr,1979,24.2865547915
blr,1980,24.2233166706
blr,1981,24.1529947924
blr,1982,24.0982682978
blr,1983,24.0537030593
blr,1984,24.0220039567
blr,1985,24.0140879095
blr,1986,24.0109309302
blr,1987,24.0193864999
blr,1988,24.1322884193
blr,1989,24.1438897846
blr,1990,24.0605556848
blr,1991,24.0124761941
blr,1992,23.9259531302
blr,1993,23.8391361257
blr,1994,23.8360411951
blr,1995,23.8832062268
blr,1996,23.9350394872
blr,1997,24.0100968994
blr,1998,24.0993670742
blr,1999,24.1989482082
blr,2000,24.3501068948
blr,2001,24.5151817815
blr,2002,24.7147647339
blr,2003,24.9346087416
blr,2004,25.1547955526
blr,2005,25.3793890332
blr,2006,25.5910096783
blr,2007,25.7575764064
blr,2008,25.8883848508
blr,2009,25.9908800546
blr,2010,26.1047145626
blr,2011,26.2352743465
blr,2012,26.3462826089
blr,2013,26.4322240623
blr,2014,26.5031094973
blr,2015,26.5589149149
blr,2016,26.6280082385
blr,2017,26.7426894265
blr,2018,26.8901611380
bel,1960,17.5424857113
bel,1961,17.5509825695
bel,1962,17.5484659306
bel,1963,17.4851852204
bel,1964,17.3882635439
bel,1965,17.2990305617
bel,1966,17.2508997888
bel,1967,17.2239471059
bel,1968,17.2258558557
bel,1969,17.2470936243
bel,1970,17.3007961433
bel,1971,17.3389637104
bel,1972,17.3397935952
bel,1973,17.3542892282
bel,1974,17.3693281867
bel,1975,17.3894275852
bel,1976,17.4292905405
bel,1977,17.4628040674
bel,1978,17.5031709825
bel,1979,17.5457741679
bel,1980,17.5862126169
bel,1981,17.6341984066
bel,1982,17.6605324289
bel,1983,17.6839001380
bel,1984,17.7065898873
bel,1985,17.7242434897
bel,1986,17.7413069883
bel,1987,17.7497832509
bel,1988,17.7176145996
bel,1989,17.6775776718
bel,1990,17.6497182411
bel,1991,17.6091897281
bel,1992,17.5633618195
bel,1993,17.5203854833
bel,1994,17.4923541586
bel,1995,17.4818161931
bel,1996,17.5701561635
bel,1997,17.6505334883
bel,1998,17.7367071826
bel,1999,17.8210676030
bel,2000,17.9045724604
bel,2001,17.9711408482
bel,2002,18.0197205272
bel,2003,18.0737932173
bel,2004,18.1258567664
bel,2005,18.1565606266
bel,2006,18.1679838146
bel,2007,18.1658397993
bel,2008,18.1539653951
bel,2009,18.1394404719
bel,2010,18.1053717092
bel,2011,18.0016937800
bel,2012,18.0212612699
bel,2013,18.0675257107
bel,2014,18.1192554511
bel,2015,18.1467116737
bel,2016,18.1877074862
bel,2017,18.2506778338
bel,2018,18.3094284565
ben,1960,32.4032403240
ben,1961,32.0643855231
ben,1962,32.4499242520
ben,1963,32.8818775092
ben,1964,33.3060261494
ben,1965,33.7131499492
ben,1966,33.7044349641
ben,1967,33.6844840579
ben,1968,33.6599916833
ben,1969,33.6313706306
ben,1970,33.6087916248
ben,1971,33.5956716088
ben,1972,33.5888111297
ben,1973,33.5861127378
ben,1974,33.5869885304
ben,1975,33.5903702730
ben,1976,33.5959890951
ben,1977,33.6061672372
ben,1978,33.6254507534
ben,1979,33.5468124209
ben,1980,33.1720190979
ben,1981,32.7936539385
ben,1982,32.4129944806
ben,1983,32.0310268983
ben,1984,31.6515555072
ben,1985,31.2715399964
ben,1986,30.8981333671
ben,1987,30.5305308043
ben,1988,30.1561628194
ben,1989,29.7594217215
ben,1990,29.3359171591
ben,1991,28.8854705451
ben,1992,28.3513722205
ben,1993,27.7266476357
ben,1994,27.1372407044
ben,1995,26.5975358917
ben,1996,26.1084550614
ben,1997,25.6579930684
ben,1998,25.2354333856
ben,1999,24.8219654790
ben,2000,24.4084842843
ben,2001,23.9932479196
ben,2002,23.3706717044
ben,2003,22.4255186194
ben,2004,21.5279031036
ben,2005,20.6797841812
ben,2006,19.8781246350
ben,2007,19.1173662208
ben,2008,18.3932962128
ben,2009,17.7016727944
ben,2010,17.0383354981
ben,2011,16.4017850153
ben,2012,15.7915235180
ben,2013,15.2070149262
ben,2014,15.2508472059
ben,2015,15.6832615271
ben,2016,16.1300091046
ben,2017,16.5918193700
ben,2018,17.0698953919
bol,1960,32.7470859957
bol,1961,32.8920622584
bol,1962,33.0351668880
bol,1963,33.1741455924
bol,1964,33.3084594667
bol,1965,33.4354377016
bol,1966,33.5576034489
bol,1967,33.6751089524
bol,1968,33.7888241564
bol,1969,33.8942009368
bol,1970,33.9935309048
bol,1971,34.0882124400
bol,1972,34.1801636024
bol,1973,34.2664782030
bol,1974,34.3517763390
bol,1975,34.4348749399
bol,1976,34.5183880099
bol,1977,34.0717579074
bol,1978,33.4790012524
bol,1979,32.9210438187
bol,1980,32.3998397562
bol,1981,31.9162963472
bol,1982,31.4655244248
bol,1983,31.0408324880
bol,1984,30.6317948451
bol,1985,30.2328367503
bol,1986,29.8434832888
bol,1987,29.4657174427
bol,1988,29.1004998279
bol,1989,28.7494342627
bol,1990,28.4147425361
bol,1991,28.0959211093
bol,1992,27.8080022522
bol,1993,27.6983351502
bol,1994,27.5978651305
bol,1995,27.5064637395
bol,1996,27.4265091360
bol,1997,27.3546848473
bol,1998,27.2945806862
bol,1999,27.2447821130
bol,2000,27.2063272281
bol,2001,27.1771554102
bol,2002,26.8787526182
bol,2003,26.5334458893
bol,2004,26.2034709392
bol,2005,25.8878959471
bol,2006,25.5866308942
bol,2007,25.2997071288
bol,2008,25.0252591644
bol,2009,24.7617815231
bol,2010,24.5092713742
bol,2011,24.2662937525
bol,2012,24.0336697667
bol,2013,23.8295393230
bol,2014,23.6474025539
bol,2015,23.4754848379
bol,2016,23.3133958799
bol,2017,23.1611671148
bol,2018,23.0158036387
bih,1960,27.5688859870
bih,1961,26.9769259524
bih,1962,26.3740352751
bih,1963,25.8055303773
bih,1964,25.2878443093
bih,1965,24.8320375641
bih,1966,24.4387966206
bih,1967,24.0978646168
bih,1968,23.7970052128
bih,1969,23.5178525007
bih,1970,23.2477043233
bih,1971,22.9767916959
bih,1972,22.6902393842
bih,1973,22.4162745641
bih,1974,22.1615254301
bih,1975,21.9308502959
bih,1976,21.7265931074
bih,1977,21.5451789887
bih,1978,21.3781680885
bih,1979,21.2142203552
bih,1980,21.0476789222
bih,1981,20.8582001140
bih,1982,20.6012594181
bih,1983,20.3504753812
bih,1984,20.1056340635
bih,1985,19.8719167901
bih,1986,19.6334245908
bih,1987,19.4014179861
bih,1988,19.2327079089
bih,1989,19.2014114535
bih,1990,19.3544649111
bih,1991,19.7043987442
bih,1992,20.1822008354
bih,1993,20.7908780961
bih,1994,21.3824404463
bih,1995,21.8194603248
bih,1996,22.0295315919
bih,1997,22.0339442822
bih,1998,21.8832891247
bih,1999,21.6719414373
bih,2000,21.4702452610
bih,2001,21.2919753868
bih,2002,21.1179774690
bih,2003,20.9526117228
bih,2004,20.7928812930
bih,2005,20.6408252126
bih,2006,20.4966399885
bih,2007,20.3683620936
bih,2008,20.2736093462
bih,2009,20.2334061692
bih,2010,20.2609500758
bih,2011,20.3671069505
bih,2012,20.5450022546
bih,2013,20.7670098739
bih,2014,20.9871994055
bih,2015,21.1637650736
bih,2016,21.2817089950
bih,2017,21.3457503130
bih,2018,21.3625961101
bra,1960,13.4919155231
bra,1961,13.3680418172
bra,1962,13.2561841306
bra,1963,13.1518134550
bra,1964,13.0590071778
bra,1965,12.9788458646
bra,1966,13.1588185309
bra,1967,13.4231845668
bra,1968,13.7066166765
bra,1969,14.0081138275
bra,1970,14.3304584935
bra,1971,14.4321241021
bra,1972,14.4989865671
bra,1973,14.5756537607
bra,1974,14.6604592832
bra,1975,14.7509302514
bra,1976,14.8476875381
bra,1977,14.9499192334
bra,1978,15.0593616014
bra,1979,15.1756447317
bra,1980,15.3000165005
bra,1981,15.0993543439
bra,1982,14.8427020810
bra,1983,14.6008320646
bra,1984,14.3773641907
bra,1985,14.1736307824
bra,1986,13.9894383393
bra,1987,13.8234248200
bra,1988,13.6738120228
bra,1989,13.5379134840
bra,1990,13.4147568990
bra,1991,13.3038108849
bra,1992,13.1363710639
bra,1993,12.9664810867
bra,1994,12.8066974322
bra,1995,12.6554892744
bra,1996,12.5123423549
bra,1997,12.3659786561
bra,1998,12.2288837358
bra,1999,12.1028227591
bra,2000,11.9888562352
bra,2001,11.9439377967
bra,2002,11.9121579279
bra,2003,11.8878089646
bra,2004,11.8713056983
bra,2005,11.8618149674
bra,2006,11.8599105000
bra,2007,11.8649456890
bra,2008,11.8761163946
bra,2009,11.8916739706
bra,2010,11.9110580132
bra,2011,11.9059886416
bra,2012,11.9020348232
bra,2013,11.9010377793
bra,2014,11.9029092737
bra,2015,11.9076231406
bra,2016,11.9152906841
bra,2017,11.9253580991
bra,2018,11.9392949336
bgr,1960,24.2586669298
bgr,1961,23.5856841422
bgr,1962,22.9774017324
bgr,1963,22.4267097301
bgr,1964,21.9153311518
bgr,1965,21.4612220042
bgr,1966,21.1104752998
bgr,1967,20.8222952840
bgr,1968,20.5344573273
bgr,1969,20.2524687550
bgr,1970,20.0099007961
bgr,1971,19.8790345597
bgr,1972,19.7744329326
bgr,1973,19.6684034774
bgr,1974,19.5430507590
bgr,1975,19.4628746688
bgr,1976,19.4257263574
bgr,1977,19.3964240322
bgr,1978,19.4525152840
bgr,1979,19.5110873131
bgr,1980,19.5241043407
bgr,1981,19.6725861850
bgr,1982,19.8320607214
bgr,1983,20.0039676803
bgr,1984,20.1832231664
bgr,1985,20.4138248955
bgr,1986,20.4811083201
bgr,1987,20.3346602020
bgr,1988,20.1971257397
bgr,1989,20.3209603426
bgr,1990,20.5763703402
bgr,1991,20.6674091237
bgr,1992,20.7770035476
bgr,1993,20.7718136571
bgr,1994,20.6276141752
bgr,1995,20.5069500509
bgr,1996,20.4013428500
bgr,1997,20.3161049807
bgr,1998,20.2433785673
bgr,1999,20.1496237681
bgr,2000,20.0432142091
bgr,2001,20.2254746414
bgr,2002,20.7880473683
bgr,2003,21.0913914344
bgr,2004,21.3545120449
bgr,2005,21.6213846481
bgr,2006,21.8409079233
bgr,2007,22.0425327147
bgr,2008,22.2792817874
bgr,2009,22.5065308755
bgr,2010,22.7407004009
bgr,2011,22.9748403707
bgr,2012,23.1974396564
bgr,2013,23.3698078619
bgr,2014,23.4983045776
bgr,2015,23.6441714511
bgr,2016,23.8066575199
bgr,2017,23.9771107964
bgr,2018,24.1504015014
bfa,1960,26.0493353952
bfa,1961,26.8760862897
bfa,1962,27.7389796011
bfa,1963,28.6190591900
bfa,1964,29.5148351733
bfa,1965,30.4160005948
bfa,1966,31.3221761825
bfa,1967,32.2263767204
bfa,1968,33.1491970569
bfa,1969,34.3995606189
bfa,1970,35.6985055231
bfa,1971,37.0502642742
bfa,1972,38.4380427450
bfa,1973,39.8671491241
bfa,1974,41.3401949384
bfa,1975,42.8437212803
bfa,1976,43.5844848728
bfa,1977,43.7542068411
bfa,1978,43.9054440746
bfa,1979,44.0396004210
bfa,1980,44.1447454936
bfa,1981,44.2177717782
bfa,1982,44.2716726195
bfa,1983,44.3128536171
bfa,1984,44.3659873914
bfa,1985,44.4350371396
bfa,1986,44.4387014613
bfa,1987,44.3749941263
bfa,1988,44.3084820522
bfa,1989,44.2339438386
bfa,1990,44.1522817118
bfa,1991,44.0681919383
bfa,1992,43.9788752481
bfa,1993,43.8826450348
bfa,1994,43.7839375628
bfa,1995,43.6799264295
bfa,1996,43.5702624757
bfa,1997,43.6589089599
bfa,1998,43.9189457827
bfa,1999,44.1833076207
bfa,2000,44.4551085998
bfa,2001,44.7331844377
bfa,2002,45.0218699378
bfa,2003,45.3199036681
bfa,2004,45.6228752697
bfa,2005,45.9252681289
bfa,2006,46.2356844593
bfa,2007,46.2027311325
bfa,2008,45.8989089058
bfa,2009,45.6010916596
bfa,2010,45.3180552820
bfa,2011,45.0481219389
bfa,2012,44.7962991283
bfa,2013,44.5555606689
bfa,2014,44.3342697258
bfa,2015,44.1322100222
bfa,2016,43.9497770861
bfa,2017,43.7913900382
bfa,2018,43.6546158282
bdi,1960,78.4058644365
bdi,1961,82.4943227967
bdi,1962,86.8149591211
bdi,1963,91.3551761267
bdi,1964,96.0178759045
bdi,1965,99.8422201874
bdi,1966,99.0175549498
bdi,1967,97.7778597151
bdi,1968,96.6210244815
bdi,1969,95.7050600131
bdi,1970,95.2111537684
bdi,1971,95.4082849267
bdi,1972,95.9203216044
bdi,1973,96.5952923831
bdi,1974,97.1333441611
bdi,1975,97.3171030846
bdi,1976,97.1664034955
bdi,1977,96.6829802479
bdi,1978,95.9808557989
bdi,1979,95.1985395336
bdi,1980,92.6972863597
bdi,1981,90.0224337787
bdi,1982,87.3913085957
bdi,1983,84.8333562554
bdi,1984,82.3015736521
bdi,1985,79.8206748078
bdi,1986,77.3639574637
bdi,1987,74.9788514291
bdi,1988,72.7184031062
bdi,1989,70.6248948329
bdi,1990,68.7349190945
bdi,1991,67.5276156964
bdi,1992,66.5179103805
bdi,1993,65.6494801580
bdi,1994,64.9489793452
bdi,1995,64.4070544744
bdi,1996,64.0578838983
bdi,1997,63.8336649628
bdi,1998,63.6029153676
bdi,1999,63.2902193294
bdi,2000,62.7052748849
bdi,2001,61.8099854019
bdi,2002,60.6682232313
bdi,2003,59.3667897710
bdi,2004,59.5361825198
bdi,2005,59.6744759985
bdi,2006,59.8013796271
bdi,2007,59.9104611175
bdi,2008,60.0134517313
bdi,2009,60.1296620615
bdi,2010,60.2568296186
bdi,2011,60.4124523169
bdi,2012,60.6030361470
bdi,2013,60.8002804414
bdi,2014,61.0034470147
bdi,2015,61.1925569297
bdi,2016,61.3686479846
bdi,2017,61.5423477228
bdi,2018,61.7264097502
khm,1960,66.1426634452
khm,1961,64.8298439713
khm,1962,63.6619908238
khm,1963,63.0566438296
khm,1964,62.5804559305
khm,1965,62.2505521868
khm,1966,62.1243204290
khm,1967,66.1595787688
khm,1968,70.6411378969
khm,1969,75.4448593696
khm,1970,80.5475082628
khm,1971,80.1489604349
khm,1972,80.0240400458
khm,1973,80.6030710436
khm,1974,82.4724016829
khm,1975,29.6851298279
khm,1976,28.0185819235
khm,1977,26.7962174459
khm,1978,25.7681485070
khm,1979,24.6210815549
khm,1980,35.9621703451
khm,1981,43.4530605791
khm,1982,42.8499344031
khm,1983,41.8122423859
khm,1984,40.6985704207
khm,1985,39.7298001414
khm,1986,40.5118019259
khm,1987,41.3964454208
khm,1988,42.3367425531
khm,1989,43.2455472191
khm,1990,44.0750896193
khm,1991,43.3229366489
khm,1992,42.5458702384
khm,1993,41.7814244987
khm,1994,43.4664343875
khm,1995,45.3131810109
khm,1996,47.3438926445
khm,1997,49.5532771681
khm,1998,51.0774334714
khm,1999,50.9104143199
khm,2000,50.8461724711
khm,2001,50.8785729402
khm,2002,51.0075175957
khm,2003,51.2112601311
khm,2004,51.4639234385
khm,2005,51.7399185001
khm,2006,52.0438003364
khm,2007,52.3688185109
khm,2008,52.6674652814
khm,2009,52.5542258322
khm,2010,52.4268037404
khm,2011,52.2779025085
khm,2012,52.1119753107
khm,2013,51.9431838699
khm,2014,51.7829442930
khm,2015,51.6453168156
khm,2016,51.5323238429
khm,2017,51.4442520895
khm,2018,51.3702791446
cmr,1960,21.1518391367
cmr,1961,21.0546524521
cmr,1962,20.9502288604
cmr,1963,20.8389215884
cmr,1964,20.7240786852
cmr,1965,21.0177985458
cmr,1966,21.3125913024
cmr,1967,21.6064526970
cmr,1968,21.9019458923
cmr,1969,22.1964471671
cmr,1970,22.4922025641
cmr,1971,22.2174434880
cmr,1972,21.9594547388
cmr,1973,21.7157329929
cmr,1974,21.4875577448
cmr,1975,21.2747019732
cmr,1976,21.1032039156
cmr,1977,21.0160967310
cmr,1978,20.9262919160
cmr,1979,20.8334839200
cmr,1980,20.7388412737
cmr,1981,20.6412628139
cmr,1982,20.5453515173
cmr,1983,20.4507301806
cmr,1984,20.3591236381
cmr,1985,20.2689392341
cmr,1986,20.1838559003
cmr,1987,20.1204330718
cmr,1988,20.1122042850
cmr,1989,20.1141614326
cmr,1990,20.1319282845
cmr,1991,20.1647975537
cmr,1992,20.2126806746
cmr,1993,20.2744476919
cmr,1994,20.3526030197
cmr,1995,20.4466277013
cmr,1996,20.5573396755
cmr,1997,20.6804235667
cmr,1998,20.8145033376
cmr,1999,20.9525392571
cmr,2000,21.0925245009
cmr,2001,21.2309509296
cmr,2002,21.3708677427
cmr,2003,21.5108950581
cmr,2004,21.6518036543
cmr,2005,21.7909090117
cmr,2006,21.9314266062
cmr,2007,22.0724274988
cmr,2008,22.2152142465
cmr,2009,22.3617888376
cmr,2010,22.5130867089
cmr,2011,22.7608126021
cmr,2012,23.1385589139
cmr,2013,23.5291661532
cmr,2014,23.9338760214
cmr,2015,24.3538443523
cmr,2016,24.7899154890
cmr,2017,25.2439115082
cmr,2018,25.7161651648
can,1960,16.4220960935
can,1961,16.6117554820
can,1962,16.5862213684
can,1963,16.5655438032
can,1964,16.5468911445
can,1965,16.5448732571
can,1966,16.5375756888
can,1967,16.5169415769
can,1968,16.5297004723
can,1969,16.5859224903
can,1970,16.6385979967
can,1971,16.4214516145
can,1972,16.3270800018
can,1973,16.2232965331
can,1974,16.0923741930
can,1975,15.9524316496
can,1976,15.8544479512
can,1977,15.9343910082
can,1978,16.0431353435
can,1979,16.1535606018
can,1980,16.2164274868
can,1981,16.2930043305
can,1982,16.4381505832
can,1983,16.6182697381
can,1984,16.8086647662
can,1985,17.0056045948
can,1986,17.1979345162
can,1987,17.4114123368
can,1988,17.6319635027
can,1989,17.7654297867
can,1990,17.9519020342
can,1991,18.1738420486
can,1992,18.2248184568
can,1993,18.2912157674
can,1994,18.3599189206
can,1995,18.4404740303
can,1996,18.5181345323
can,1997,18.5887805869
can,1998,18.6924347322
can,1999,18.8015100758
can,2000,18.8907072394
can,2001,18.9576917674
can,2002,19.0664169555
can,2003,19.2112557390
can,2004,19.3518008853
can,2005,19.4904611459
can,2006,19.6144377952
can,2007,19.7256195488
can,2008,19.8160998434
can,2009,19.8949091397
can,2010,19.9808360690
can,2011,20.0827454328
can,2012,20.0955986843
can,2013,20.1136777010
can,2014,20.1426808594
can,2015,20.2237942555
can,2016,20.2273439740
can,2017,20.2178277323
can,2018,20.1605171497
caf,1960,31.2588003379
caf,1961,32.3152516468
caf,1962,33.3965125095
caf,1963,34.4982394618
caf,1964,35.6110606767
caf,1965,36.7340694219
caf,1966,37.7578307344
caf,1967,38.5231200067
caf,1968,39.2440879129
caf,1969,40.0322377832
caf,1970,40.9242448586
caf,1971,41.9301126467
caf,1972,43.0379306430
caf,1973,44.2013324553
caf,1974,45.3671249661
caf,1975,46.4884764658
caf,1976,47.0211075021
caf,1977,47.0283367508
caf,1978,46.9510902713
caf,1979,46.7840060155
caf,1980,46.5325297647
caf,1981,46.1824905356
caf,1982,45.7624092149
caf,1983,45.3501279126
caf,1984,45.0393825350
caf,1985,44.8772975911
caf,1986,44.8883570428
caf,1987,45.0321658327
caf,1988,45.2291084314
caf,1989,45.2944960467
caf,1990,45.1707656882
caf,1991,44.9001876042
caf,1992,44.5253820579
caf,1993,44.0945244508
caf,1994,43.6776753415
caf,1995,43.3150779237
caf,1996,43.0166692591
caf,1997,42.7627844940
caf,1998,42.5532519323
caf,1999,42.3744072176
caf,2000,42.2216870284
caf,2001,42.0992275338
caf,2002,42.0140125793
caf,2003,41.9591429778
caf,2004,41.9270642794
caf,2005,41.8880401100
caf,2006,41.8314562307
caf,2007,41.7644884201
caf,2008,41.7366250542
caf,2009,41.8040146544
caf,2010,42.0035883625
caf,2011,42.3528813063
caf,2012,42.8217109273
caf,2013,43.3325378772
caf,2014,43.7838595390
caf,2015,44.0931550510
caf,2016,44.2335216736
caf,2017,44.2230542642
caf,2018,44.0858978344
tcd,1960,35.4700982295
tcd,1961,37.2035501237
tcd,1962,39.0190576509
tcd,1963,39.5335250201
tcd,1964,39.7960340830
tcd,1965,39.2528504263
tcd,1966,38.7506696030
tcd,1967,38.2822892663
tcd,1968,37.8284449053
tcd,1969,37.3651634808
tcd,1970,36.8735349663
tcd,1971,36.3519657546
tcd,1972,35.8143973877
tcd,1973,35.9464546086
tcd,1974,36.1252609887
tcd,1975,36.3745352955
tcd,1976,36.7019488881
tcd,1977,37.0888812712
tcd,1978,37.5191401169
tcd,1979,37.8542753841
tcd,1980,38.1538827957
tcd,1981,38.4156891588
tcd,1982,38.6424517293
tcd,1983,38.8207941612
tcd,1984,38.9347315192
tcd,1985,38.9772369840
tcd,1986,38.9441760883
tcd,1987,38.8493178767
tcd,1988,38.7135202658
tcd,1989,38.5645579857
tcd,1990,38.4269451061
tcd,1991,38.2988142024
tcd,1992,38.1798785796
tcd,1993,38.1016564143
tcd,1994,38.1838528935
tcd,1995,38.2385297697
tcd,1996,38.2740742403
tcd,1997,38.2902811827
tcd,1998,38.2808785038
tcd,1999,38.2361258151
tcd,2000,38.1554864642
tcd,2001,38.0321227907
tcd,2002,37.8861973869
tcd,2003,37.7387883996
tcd,2004,37.6240170188
tcd,2005,37.5537158244
tcd,2006,37.5386736557
tcd,2007,37.5652295213
tcd,2008,37.6216563141
tcd,2009,37.6789663051
tcd,2010,37.6968706580
tcd,2011,37.6733295599
tcd,2012,37.6151397538
tcd,2013,37.5346447805
tcd,2014,37.4452983845
tcd,2015,37.3537574998
tcd,2016,37.2617952733
tcd,2017,37.1657207183
tcd,2018,37.0600571866
chl,1960,35.8871290054
chl,1961,35.9040775445
chl,1962,35.7811752189
chl,1963,35.6814213154
chl,1964,35.6150738655
chl,1965,35.5851231281
chl,1966,35.5953345311
chl,1967,35.6415581174
chl,1968,35.7178718915
chl,1969,35.8128996913
chl,1970,35.9622276229
chl,1971,36.2942885469
chl,1972,36.6436588060
chl,1973,37.0073087892
chl,1974,37.3909840222
chl,1975,37.7936418734
chl,1976,38.2158680141
chl,1977,38.6520363298
chl,1978,39.1102911827
chl,1979,39.5931545961
chl,1980,40.1042487993
chl,1981,40.6412199749
chl,1982,41.1213820922
chl,1983,41.2583839531
chl,1984,41.3838918974
chl,1985,41.4862365228
chl,1986,41.5677067551
chl,1987,41.6314473168
chl,1988,41.6821653880
chl,1989,41.7214624106
chl,1990,41.7582428518
chl,1991,41.7919238723
chl,1992,41.8215970058
chl,1993,41.8396778459
chl,1994,41.8839931920
chl,1995,41.9617770671
chl,1996,42.0769613800
chl,1997,42.2234289966
chl,1998,42.4035757969
chl,1999,42.6120877753
chl,2000,42.8481337079
chl,2001,43.1080221976
chl,2002,43.3137246948
chl,2003,43.1743330950
chl,2004,43.0398508631
chl,2005,42.9039940683
chl,2006,42.7626097178
chl,2007,42.6168272184
chl,2008,42.4702949220
chl,2009,42.3290026332
chl,2010,42.1977254813
chl,2011,42.0838522535
chl,2012,41.9856742936
chl,2013,41.8802151563
chl,2014,41.7411286715
chl,2015,41.5540373322
chl,2016,41.3044921734
chl,2017,41.0126197827
chl,2018,40.7339645446
chn,1960,6.3517506054
chn,1961,6.1200428874
chn,1962,5.7902992827
chn,1963,5.3902897096
chn,1964,5.0261502715
chn,1965,4.9696270209
chn,1966,4.8484157997
chn,1967,4.6961983079
chn,1968,4.5468331315
chn,1969,4.3966855739
chn,1970,4.2507223808
chn,1971,4.1056805712
chn,1972,3.9771679484
chn,1973,3.8354242360
chn,1974,3.6835637761
chn,1975,3.5484679378
chn,1976,3.4353097927
chn,1977,3.3320663735
chn,1978,3.2479037024
chn,1979,3.1819954473
chn,1980,3.1208091210
chn,1981,3.0613066329
chn,1982,2.9981566174
chn,1983,2.9797002923
chn,1984,2.9660909952
chn,1985,2.9516807382
chn,1986,2.9345884240
chn,1987,2.9148684722
chn,1988,2.8959206310
chn,1989,2.8800194691
chn,1990,2.8670212323
chn,1991,2.8795336384
chn,1992,2.8975065075
chn,1993,2.9187912122
chn,1994,2.9420748926
chn,1995,2.9681017438
chn,1996,2.9967712409
chn,1997,3.0276509598
chn,1998,3.0621282487
chn,1999,3.1012748706
chn,2000,3.1449377100
chn,2001,3.1434006426
chn,2002,3.1214334655
chn,2003,3.1033292414
chn,2004,3.0886593093
chn,2005,3.0766194296
chn,2006,3.0711476948
chn,2007,3.0707012566
chn,2008,3.0727769650
chn,2009,3.0775065440
chn,2010,3.0849430897
chn,2011,3.0854132071
chn,2012,3.0829295694
chn,2013,3.0821634527
chn,2014,3.0829526700
chn,2015,3.0855906445
chn,2016,3.0891395216
chn,2017,3.0940121299
chn,2018,3.1052779061
col,1960,17.0755767345
col,1961,17.2135585474
col,1962,17.3687463043
col,1963,17.5450880017
col,1964,17.7471496149
col,1965,17.9943045337
col,1966,18.2628471517
col,1967,18.5521665897
col,1968,18.8676910375
col,1969,19.2120058629
col,1970,19.5920999471
col,1971,20.0093141604
col,1972,20.4633079292
col,1973,20.9446868968
col,1974,21.0388477239
col,1975,20.9500208262
col,1976,20.8627851087
col,1977,20.7779725848
col,1978,20.6981718880
col,1979,20.6245833770
col,1980,20.5598149289
col,1981,20.5014889593
col,1982,20.4509376406
col,1983,20.4085691645
col,1984,20.3770322187
col,1985,20.3550115433
col,1986,20.3797527183
col,1987,20.4278613888
col,1988,20.4846360472
col,1989,20.5453938833
col,1990,20.6106434783
col,1991,20.6798415779
col,1992,20.7543637328
col,1993,20.8355250117
col,1994,20.9117129133
col,1995,20.9931361595
col,1996,21.0886499909
col,1997,21.1966290159
col,1998,21.3177628804
col,1999,21.4504369129
col,2000,21.5952603173
col,2001,21.7494724632
col,2002,21.9163608222
col,2003,22.0972670475
col,2004,22.2961824841
col,2005,22.5124338789
col,2006,22.7476813715
col,2007,23.0002788905
col,2008,23.2722847461
col,2009,23.5627656089
col,2010,23.8749845210
col,2011,24.2134924140
col,2012,24.5763636374
col,2013,24.9435818261
col,2014,25.2940107098
col,2015,25.6111423520
col,2016,25.8854259485
col,2017,26.1255510823
col,2018,26.3666682749
cod,1960,13.0237092543
cod,1961,13.8442096273
cod,1962,14.7141162060
cod,1963,15.6331250810
cod,1964,16.6025089455
cod,1965,17.6151676298
cod,1966,18.6783884399
cod,1967,19.7956063190
cod,1968,20.5724394398
cod,1969,21.1333309576
cod,1970,21.7230981927
cod,1971,22.3455119566
cod,1972,22.9991891136
cod,1973,23.6735690810
cod,1974,24.3622531348
cod,1975,25.0564176063
cod,1976,25.7542241273
cod,1977,26.4529484879
cod,1978,27.1761493647
cod,1979,27.9420240751
cod,1980,28.7683207855
cod,1981,29.6500254625
cod,1982,30.5873704753
cod,1983,31.5641142633
cod,1984,32.5605538954
cod,1985,33.0033386013
cod,1986,33.4339471814
cod,1987,33.8515742284
cod,1988,34.2286071335
cod,1989,34.5273803536
cod,1990,34.7390160300
cod,1991,34.8487765891
cod,1992,34.8869871454
cod,1993,34.9260562773
cod,1994,35.0600811984
cod,1995,35.3384110693
cod,1996,35.7797777757
cod,1997,36.3453158191
cod,1998,36.7799434616
cod,1999,36.9798732400
cod,2000,37.1145458058
cod,2001,37.1683192078
cod,2002,37.1654462551
cod,2003,37.1167948904
cod,2004,37.0449043125
cod,2005,36.9580045177
cod,2006,36.8558922613
cod,2007,36.7359385803
cod,2008,36.6040290638
cod,2009,36.4620681428
cod,2010,36.3153077532
cod,2011,36.1649008511
cod,2012,36.0151962770
cod,2013,35.8684538732
cod,2014,35.7258366024
cod,2015,35.5900671552
cod,2016,35.4622332088
cod,2017,35.3447070532
cod,2018,35.2392413311
cog,1960,38.4249389331
cog,1961,39.1164413225
cog,1962,39.8355644865
cog,1963,40.5840019004
cog,1964,41.3364151376
cog,1965,42.0877899402
cog,1966,42.8454833950
cog,1967,43.6096910920
cog,1968,44.3812961095
cog,1969,45.1536705180
cog,1970,45.9330466085
cog,1971,46.7181290153
cog,1972,47.5167855553
cog,1973,48.3259531716
cog,1974,49.0202376620
cog,1975,49.5210719325
cog,1976,50.0537882061
cog,1977,50.6107180923
cog,1978,51.1972944256
cog,1979,51.8081862859
cog,1980,52.4456259858
cog,1981,53.0994926098
cog,1982,53.7836409920
cog,1983,54.5034376415
cog,1984,55.2730973893
cog,1985,55.5621738620
cog,1986,55.4097207796
cog,1987,55.2787300706
cog,1988,55.1665313503
cog,1989,55.0566242575
cog,1990,54.9498779168
cog,1991,54.8414001970
cog,1992,54.7331757319
cog,1993,54.6160782751
cog,1994,54.4946160401
cog,1995,54.3620118593
cog,1996,54.2529458727
cog,1997,54.5954983892
cog,1998,54.9375736050
cog,1999,55.2883892591
cog,2000,55.6557026074
cog,2001,56.0436015970
cog,2002,56.4527023090
cog,2003,56.8463440922
cog,2004,57.1828976297
cog,2005,57.4306458869
cog,2006,57.5883986976
cog,2007,57.6839293619
cog,2008,57.7845030850
cog,2009,57.9738609291
cog,2010,58.3015923335
cog,2011,58.7836686794
cog,2012,59.3926228401
cog,2013,60.0855148295
cog,2014,60.8044280682
cog,2015,61.5085945526
cog,2016,62.1890921059
cog,2017,62.8606447597
cog,2018,63.5363623359
cri,1960,50.4100068883
cri,1961,50.6500107562
cri,1962,50.9000760456
cri,1963,51.0002196576
cri,1964,50.6164981283
cri,1965,50.3152111757
cri,1966,50.1010613952
cri,1967,49.9636752954
cri,1968,49.9023054097
cri,1969,49.9074978421
cri,1970,49.9811791080
cri,1971,50.1212716003
cri,1972,50.3195162967
cri,1973,50.5352092507
cri,1974,50.6699627400
cri,1975,50.7849400526
cri,1976,50.8749881411
cri,1977,50.9409913810
cri,1978,50.9908388154
cri,1979,51.0300715741
cri,1980,51.0671264475
cri,1981,51.0962525997
cri,1982,51.1216361095
cri,1983,51.1498951068
cri,1984,51.1457000854
cri,1985,50.4463700622
cri,1986,49.7896948560
cri,1987,49.1724948221
cri,1988,48.5896471542
cri,1989,48.0276118918
cri,1990,47.4844372071
cri,1991,46.9616156957
cri,1992,46.4665338788
cri,1993,46.0022792555
cri,1994,45.5787038035
cri,1995,45.1999220462
cri,1996,44.8655970283
cri,1997,44.5746233769
cri,1998,44.3444256833
cri,1999,44.1898966654
cri,2000,44.1065704786
cri,2001,42.9982305998
cri,2002,42.0128539861
cri,2003,41.1275809623
cri,2004,40.3201184491
cri,2005,39.5728714191
cri,2006,38.8789184632
cri,2007,38.2375047913
cri,2008,37.6452148912
cri,2009,37.1018193945
cri,2010,36.6033545822
cri,2011,36.1482116458
cri,2012,35.7453784528
cri,2013,35.3893976020
cri,2014,35.0792438199
cri,2015,34.8107776483
cri,2016,34.5815130658
cri,2017,34.3879060371
cri,2018,34.2298205294
civ,1960,30.9737113593
civ,1961,30.3753987911
civ,1962,29.7683158547
civ,1963,29.1799338572
civ,1964,29.5240789572
civ,1965,29.9277600796
civ,1966,31.4379137020
civ,1967,33.0487556446
civ,1968,34.7378181022
civ,1969,36.4457124379
civ,1970,38.1549369682
civ,1971,39.8553267277
civ,1972,41.5691946923
civ,1973,43.3109162324
civ,1974,45.1307812031
civ,1975,46.7434542712
civ,1976,46.9139218013
civ,1977,47.1400634398
civ,1978,47.4329265056
civ,1979,47.0845613659
civ,1980,46.7607368474
civ,1981,46.4541083870
civ,1982,46.1782668138
civ,1983,45.9446817972
civ,1984,45.7691604242
civ,1985,45.6516084626
civ,1986,45.6039749029
civ,1987,45.6126995178
civ,1988,45.5358051669
civ,1989,45.1644195713
civ,1990,44.8022024607
civ,1991,44.4460466645
civ,1992,44.1100236106
civ,1993,43.7983708636
civ,1994,43.5314352425
civ,1995,43.3164630856
civ,1996,43.1493743181
civ,1997,43.0248631728
civ,1998,42.9647152572
civ,1999,42.7032424164
civ,2000,42.3530899539
civ,2001,42.0943419199
civ,2002,41.9122152573
civ,2003,41.7785729835
civ,2004,41.6604211956
civ,2005,41.5319589409
civ,2006,41.3900196613
civ,2007,41.2356645394
civ,2008,41.0675794653
civ,2009,40.8821237045
civ,2010,40.6821396250
civ,2011,40.4648538305
civ,2012,40.2330758535
civ,2013,39.9863747080
civ,2014,39.7345893689
civ,2015,39.4731892399
civ,2016,39.2054772664
civ,2017,38.9318253649
civ,2018,38.6552483035
hrv,1960,34.4197912578
hrv,1961,34.0848702810
hrv,1962,33.7283226234
hrv,1963,33.3938008805
hrv,1964,33.0935286655
hrv,1965,32.8051515423
hrv,1966,32.5221060718
hrv,1967,32.2709748577
hrv,1968,32.0459471670
hrv,1969,31.8467286239
hrv,1970,31.7010694376
hrv,1971,31.5525633035
hrv,1972,31.3194287436
hrv,1973,31.0925585825
hrv,1974,30.8678846781
hrv,1975,30.6445598682
hrv,1976,30.4130298357
hrv,1977,30.1907662705
hrv,1978,29.9909377137
hrv,1979,29.8491052667
hrv,1980,29.7700651078
hrv,1981,29.6668542910
hrv,1982,29.5361264016
hrv,1983,29.4000899569
hrv,1984,29.2796732086
hrv,1985,29.1668734548
hrv,1986,29.0636904843
hrv,1987,28.9733570370
hrv,1988,28.9021154074
hrv,1989,28.8539348720
hrv,1990,28.8188333726
hrv,1991,29.3332907002
hrv,1992,29.8599534943
hrv,1993,29.5046957298
hrv,1994,28.9863027277
hrv,1995,28.9956340918
hrv,1996,29.2042746708
hrv,1997,29.1563931661
hrv,1998,28.9857330371
hrv,1999,28.9230949954
hrv,2000,29.0214482827
hrv,2001,29.9874176969
hrv,2002,29.8607775378
hrv,2003,29.7434879712
hrv,2004,29.6276147540
hrv,2005,29.4827759279
hrv,2006,29.3697892031
hrv,2007,29.2707901291
hrv,2008,29.1694902556
hrv,2009,29.0959282555
hrv,2010,29.0581868634
hrv,2011,29.0556330195
hrv,2012,29.0329376114
hrv,2013,28.9944125595
hrv,2014,28.9847753429
hrv,2015,29.0888417621
hrv,2016,29.1488317056
hrv,2017,29.3482762634
hrv,2018,29.4396105103
cub,1960,34.4200936037
cub,1961,34.3333486275
cub,1962,34.2051494981
cub,1963,34.0613621190
cub,1964,33.9354241933
cub,1965,33.8458906017
cub,1966,33.8045671939
cub,1967,33.8025877608
cub,1968,33.8281510298
cub,1969,33.8597894733
cub,1970,33.8905479269
cub,1971,33.2274722686
cub,1972,32.4393567700
cub,1973,31.7027757439
cub,1974,31.0372126233
cub,1975,30.4549799296
cub,1976,29.9526460485
cub,1977,29.5188987411
cub,1978,29.1436077299
cub,1979,28.8157249588
cub,1980,28.5234969864
cub,1981,28.2697314810
cub,1982,28.1899839594
cub,1983,28.1512937953
cub,1984,28.0899786019
cub,1985,27.9891622646
cub,1986,27.8388240118
cub,1987,27.6498099485
cub,1988,27.4465340972
cub,1989,27.2623719409
cub,1990,27.1196240366
cub,1991,26.9908628597
cub,1992,26.8658394177
cub,1993,26.7671351815
cub,1994,26.6789325221
cub,1995,26.5901301359
cub,1996,26.4997215562
cub,1997,26.3962934120
cub,1998,26.2818417447
cub,1999,26.1767351870
cub,2000,26.0827507192
cub,2001,25.9983801721
cub,2002,25.9231641810
cub,2003,25.7432141824
cub,2004,25.5744959900
cub,2005,25.4300700977
cub,2006,25.3123444801
cub,2007,25.2171341874
cub,2008,25.1312087674
cub,2009,25.0375422314
cub,2010,24.9233048300
cub,2011,24.7837661260
cub,2012,24.6239550450
cub,2013,24.4689106992
cub,2014,24.3879074835
cub,2015,24.3870333420
cub,2016,24.4028536832
cub,2017,24.4277532499
cub,2018,24.4599356510
cze,1960,17.5037510037
cze,1961,17.5031043603
cze,1962,17.4189412775
cze,1963,17.3230964738
cze,1964,17.2100829442
cze,1965,17.1099400851
cze,1966,17.0297138102
cze,1967,16.9686223995
cze,1968,16.9240198151
cze,1969,16.8867644800
cze,1970,16.9517207596
cze,1971,16.9141697261
cze,1972,16.6953946073
cze,1973,16.4674656162
cze,1974,16.2340899896
cze,1975,16.0078689718
cze,1976,15.7991689610
cze,1977,15.6130277981
cze,1978,15.4465828581
cze,1979,15.2982221441
cze,1980,15.2162593493
cze,1981,15.2310311950
cze,1982,15.2552255676
cze,1983,15.2871832267
cze,1984,15.3232496542
cze,1985,15.3584802342
cze,1986,15.3965259221
cze,1987,15.4347104914
cze,1988,15.4687633294
cze,1989,15.5060282687
cze,1990,15.5938374449
cze,1991,15.6518800819
cze,1992,15.6033151315
cze,1993,15.5550514950
cze,1994,15.5174248023
cze,1995,15.4950249534
cze,1996,15.4813512432
cze,1997,15.4667692359
cze,1998,15.4501597726
cze,1999,15.4347641562
cze,2000,15.4470712154
cze,2001,15.5193070862
cze,2002,15.6532968246
cze,2003,15.7627442879
cze,2004,15.8637307905
cze,2005,15.9479162107
cze,2006,16.0114645103
cze,2007,16.0252916138
cze,2008,15.9996830094
cze,2009,16.0156188789
cze,2010,16.0761806061
cze,2011,16.1508687947
cze,2012,16.2187065344
cze,2013,16.2859415695
cze,2014,16.3416093976
cze,2015,16.3827564277
cze,2016,16.4248969274
cze,2017,16.4521157775
cze,2018,16.4719593241
dnk,1960,38.0613304443
dnk,1961,37.8782002512
dnk,1962,37.7592963906
dnk,1963,37.6462738079
dnk,1964,37.5388017144
dnk,1965,37.4467235603
dnk,1966,37.0061436552
dnk,1967,36.4734308464
dnk,1968,36.0188645044
dnk,1969,35.5963946185
dnk,1970,35.1146794068
dnk,1971,33.8825215080
dnk,1972,32.3211899453
dnk,1973,30.8305118991
dnk,1974,29.4519248268
dnk,1975,28.1889409148
dnk,1976,27.3225259215
dnk,1977,26.8507561314
dnk,1978,26.3882423998
dnk,1979,25.9520903222
dnk,1980,25.5559373974
dnk,1981,25.2781735259
dnk,1982,25.0879253251
dnk,1983,24.8982596006
dnk,1984,24.7057891900
dnk,1985,24.4928594264
dnk,1986,24.2849621280
dnk,1987,24.1065505938
dnk,1988,23.9483129076
dnk,1989,23.8206918963
dnk,1990,23.7357817213
dnk,1991,23.6621111788
dnk,1992,23.5971747385
dnk,1993,23.5570103952
dnk,1994,23.5627394153
dnk,1995,23.5729216229
dnk,1996,23.5950324648
dnk,1997,23.6389476959
dnk,1998,23.6563751380
dnk,1999,23.6790172315
dnk,2000,23.7043996133
dnk,2001,23.7137420874
dnk,2002,23.7941418478
dnk,2003,23.9607605869
dnk,2004,24.1051337310
dnk,2005,24.2219274484
dnk,2006,24.3405686611
dnk,2007,24.4501244367
dnk,2008,24.5306305601
dnk,2009,24.6313244322
dnk,2010,24.7628143983
dnk,2011,24.9165669213
dnk,2012,25.0939948381
dnk,2013,25.2704235088
dnk,2014,25.4336087393
dnk,2015,25.5475045356
dnk,2016,25.6434328664
dnk,2017,25.7744496976
dnk,2018,25.9267736171
dji,1960,94.9441672606
dji,1961,92.6927300681
dji,1962,88.8579555771
dji,1963,84.9311778291
dji,1964,81.1566501463
dji,1965,77.6234400434
dji,1966,74.2797037795
dji,1967,71.0689201340
dji,1968,68.0656694288
dji,1969,65.3337292553
dji,1970,62.8592864457
dji,1971,62.4866194670
dji,1972,62.3083230117
dji,1973,61.8540481665
dji,1974,60.6733371183
dji,1975,58.6768623647
dji,1976,55.9528095325
dji,1977,53.0074913781
dji,1978,50.5316343244
dji,1979,49.0267426201
dji,1980,48.6209214980
dji,1981,49.3201465255
dji,1982,50.8802044391
dji,1983,53.7839385408
dji,1984,57.4809794433
dji,1985,60.4065338940
dji,1986,62.3443083953
dji,1987,63.6538357425
dji,1988,65.0182160301
dji,1989,67.2028636713
dji,1990,70.7224232856
dji,1991,74.0600095693
dji,1992,74.3819260467
dji,1993,75.2919361135
dji,1994,76.1635049170
dji,1995,76.5421446778
dji,1996,76.3090366313
dji,1997,75.6521205182
dji,1998,74.7900080555
dji,1999,74.0085472640
dji,2000,73.4874294631
dji,2001,73.2279522846
dji,2002,73.1507835419
dji,2003,73.2172996324
dji,2004,73.3763217067
dji,2005,73.5796711430
dji,2006,73.8328308317
dji,2007,74.1404461619
dji,2008,74.4632995153
dji,2009,74.7475508666
dji,2010,74.9562558738
dji,2011,75.0752042561
dji,2012,75.1189777545
dji,2013,75.1148297090
dji,2014,75.1045597552
dji,2015,75.1144030549
dji,2016,75.1522235889
dji,2017,75.2119846345
dji,2018,75.2949442157
dom,1960,36.9337565695
dom,1961,36.9351797856
dom,1962,36.9055662158
dom,1963,36.9065954354
dom,1964,36.9451504238
dom,1965,37.0179086162
dom,1966,37.1322372589
dom,1967,37.2878885428
dom,1968,37.4859848782
dom,1969,37.7231972313
dom,1970,37.8923716089
dom,1971,37.9794480814
dom,1972,38.1102972438
dom,1973,38.2791352451
dom,1974,38.4893494551
dom,1975,38.7413281782
dom,1976,39.0357598849
dom,1977,39.3675071005
dom,1978,39.7450049268
dom,1979,40.1680146067
dom,1980,40.6405597356
dom,1981,41.1571412221
dom,1982,41.1853609498
dom,1983,40.8023062182
dom,1984,40.4418117547
dom,1985,40.0995821261
dom,1986,39.7772983779
dom,1987,39.4731847562
dom,1988,39.1855332138
dom,1989,38.9093085790
dom,1990,38.6448631224
dom,1991,38.3901147475
dom,1992,38.1478236244
dom,1993,37.9183652332
dom,1994,37.8322119809
dom,1995,37.8142117756
dom,1996,37.8289656288
dom,1997,37.8728548346
dom,1998,37.9460429433
dom,1999,38.0445936937
dom,2000,38.1685987886
dom,2001,38.3134236665
dom,2002,38.4830345025
dom,2003,38.2292360960
dom,2004,37.8309626799
dom,2005,37.4808894760
dom,2006,37.1775953209
dom,2007,36.9179409304
dom,2008,36.6994251000
dom,2009,36.5184779903
dom,2010,36.3722359580
dom,2011,36.3092067732
dom,2012,36.3090208346
dom,2013,36.3321101605
dom,2014,36.3804058468
dom,2015,36.4519142030
dom,2016,36.5477614945
dom,2017,36.6659020198
dom,2018,36.8175557007
ecu,1960,29.6384142693
ecu,1961,29.9735567970
ecu,1962,30.3136932079
ecu,1963,30.4297738654
ecu,1964,30.3911082705
ecu,1965,30.3476175879
ecu,1966,30.3037129217
ecu,1967,30.2613506314
ecu,1968,30.2222045499
ecu,1969,30.1878069315
ecu,1970,30.1616238732
ecu,1971,30.1456407287
ecu,1972,30.1399600599
ecu,1973,30.1436038185
ecu,1974,30.1540258315
ecu,1975,30.0488692242
ecu,1976,29.9672055467
ecu,1977,29.9055361406
ecu,1978,29.8657934936
ecu,1979,29.8452273311
ecu,1980,29.8433392807
ecu,1981,29.8568252425
ecu,1982,29.8892236595
ecu,1983,29.7178645471
ecu,1984,29.4082567625
ecu,1985,29.1138152760
ecu,1986,28.8354435410
ecu,1987,28.5736262188
ecu,1988,28.3277900317
ecu,1989,28.0976433582
ecu,1990,27.8841926383
ecu,1991,27.7238297317
ecu,1992,27.6022193930
ecu,1993,27.4928065373
ecu,1994,27.3979126477
ecu,1995,27.3181171590
ecu,1996,27.2531145811
ecu,1997,27.2011701105
ecu,1998,27.1678910796
ecu,1999,27.1554796464
ecu,2000,27.1673386438
ecu,2001,27.2015189020
ecu,2002,27.1566009459
ecu,2003,27.0576738599
ecu,2004,26.9667354641
ecu,2005,26.8777276506
ecu,2006,26.7899339399
ecu,2007,26.7028384903
ecu,2008,26.6209867416
ecu,2009,26.5469374034
ecu,2010,26.4843760709
ecu,2011,26.4865540757
ecu,2012,26.5361435060
ecu,2013,26.5851115791
ecu,2014,26.6229438213
ecu,2015,26.6407708198
ecu,2016,26.6361281092
ecu,2017,26.6138054927
ecu,2018,26.5861487148
egy,1960,36.4940319481
egy,1961,36.8770316546
egy,1962,37.4355571953
egy,1963,38.0142304424
egy,1964,38.6147377283
egy,1965,39.2292241644
egy,1966,39.7865073680
egy,1967,39.5508933278
egy,1968,39.3373622890
egy,1969,39.1542764611
egy,1970,39.0107304697
egy,1971,38.9051101758
egy,1972,38.8309744947
egy,1973,38.7711439175
egy,1974,38.7155016319
egy,1975,38.6493442805
egy,1976,38.5740250931
egy,1977,38.5825411513
egy,1978,38.6395392599
egy,1979,38.6752518997
egy,1980,38.6890007939
egy,1981,38.6793891163
egy,1982,38.6535890951
egy,1983,38.6107956607
egy,1984,38.5530453177
egy,1985,38.4795952115
egy,1986,38.3933168235
egy,1987,38.6911538191
egy,1988,39.2513264500
egy,1989,39.8566570964
egy,1990,40.5313587597
egy,1991,41.2815869849
egy,1992,42.1038113370
egy,1993,42.9779761497
egy,1994,43.8901039111
egy,1995,44.8221058298
egy,1996,45.7747311362
egy,1997,46.1415564662
egy,1998,46.1646294717
egy,1999,46.2007943411
egy,2000,46.2544559016
egy,2001,46.3201100763
egy,2002,46.3964216963
egy,2003,46.4835245492
egy,2004,46.5849342873
egy,2005,46.6958128328
egy,2006,46.8242447638
egy,2007,47.0072447760
egy,2008,47.2056202995
egy,2009,47.3630945321
egy,2010,47.4650687289
egy,2011,47.5048433764
egy,2012,47.5353951560
egy,2013,47.5396368329
egy,2014,47.5491892535
egy,2015,47.5836594394
egy,2016,47.6465581276
egy,2017,47.7065097835
egy,2018,47.7649634749
slv,1960,29.3303650532
slv,1961,29.7454203937
slv,1962,30.2081410558
slv,1963,30.6688958920
slv,1964,31.1422568187
slv,1965,31.6317941945
slv,1966,32.1482459743
slv,1967,32.6923744246
slv,1968,33.2648878152
slv,1969,33.8596225643
slv,1970,34.4815517654
slv,1971,35.1252186698
slv,1972,34.9311985701
slv,1973,34.7641973726
slv,1974,34.6312854995
slv,1975,34.5346970080
slv,1976,34.4742596061
slv,1977,34.4470166489
slv,1978,34.4602709265
slv,1979,34.5200768378
slv,1980,34.6303350120
slv,1981,34.7886738036
slv,1982,34.9934651896
slv,1983,35.2354783345
slv,1984,35.5014743359
slv,1985,35.7805857002
slv,1986,36.0752812968
slv,1987,36.3845859570
slv,1988,36.7040888407
slv,1989,37.0220717720
slv,1990,37.3397582159
slv,1991,37.6523160460
slv,1992,37.9654068676
slv,1993,37.0015787951
slv,1994,35.7168052716
slv,1995,34.5339839915
slv,1996,33.4478641149
slv,1997,32.4512885926
slv,1998,31.5331526170
slv,1999,31.0522777573
slv,2000,30.6053764796
slv,2001,30.1909951524
slv,2002,29.8068592522
slv,2003,29.4482232175
slv,2004,29.1083961204
slv,2005,28.7842738688
slv,2006,28.4724948130
slv,2007,28.1492336925
slv,2008,27.6961828210
slv,2009,27.2614208487
slv,2010,26.8421507757
slv,2011,26.4360030773
slv,2012,26.0426148626
slv,2013,25.6612723404
slv,2014,25.2904140641
slv,2015,24.9297341045
slv,2016,24.5830528990
slv,2017,24.2502636645
slv,2018,23.9316479587
gnq,1960,23.0584013251
gnq,1961,22.7704040912
gnq,1962,22.8678170109
gnq,1963,22.9409160371
gnq,1964,22.9469207309
gnq,1965,22.8706043018
gnq,1966,22.6820533227
gnq,1967,22.4263053112
gnq,1968,22.2412115466
gnq,1969,22.2913401254
gnq,1970,22.6850552267
gnq,1971,23.4821771031
gnq,1972,24.6693567892
gnq,1973,26.1750115748
gnq,1974,27.8269013580
gnq,1975,29.4230906368
gnq,1976,30.8908277733
gnq,1977,32.1889825055
gnq,1978,33.0952380952
gnq,1979,33.3606069622
gnq,1980,32.8710881424
gnq,1981,31.6236541687
gnq,1982,29.8931894166
gnq,1983,28.0949252562
gnq,1984,27.0097565537
gnq,1985,26.3213310062
gnq,1986,26.0048630191
gnq,1987,25.9558648536
gnq,1988,26.0828930701
gnq,1989,26.2642526684
gnq,1990,26.4241625300
gnq,1991,26.5529676352
gnq,1992,26.6774911519
gnq,1993,26.7844886754
gnq,1994,26.8739350351
gnq,1995,28.5393291940
gnq,1996,30.3161890058
gnq,1997,32.1865391476
gnq,1998,34.1809218015
gnq,1999,36.3210971873
gnq,2000,38.6375703158
gnq,2001,41.1363862866
gnq,2002,40.6056071094
gnq,2003,40.0802344821
gnq,2004,39.5675681058
gnq,2005,39.0540734134
gnq,2006,38.5508135400
gnq,2007,38.0708334412
gnq,2008,37.6338093880
gnq,2009,37.2502589397
gnq,2010,36.9396820499
gnq,2011,36.7005151598
gnq,2012,36.5343587408
gnq,2013,36.9246614595
gnq,2014,37.3718572201
gnq,2015,37.8793644177
gnq,2016,38.4521327913
gnq,2017,39.0942883718
gnq,2018,39.8054499843
eri,1960,100.0000000000
eri,1961,100.0000000000
eri,1962,100.0000000000
eri,1963,100.0000000000
eri,1964,100.0000000000
eri,1965,100.0000000000
eri,1966,100.0000000000
eri,1967,100.0000000000
eri,1968,100.0000000000
eri,1969,100.0000000000
eri,1970,100.0000000000
eri,1971,100.0000000000
eri,1972,100.0000000000
eri,1973,100.0000000000
eri,1974,100.0000000000
eri,1975,100.0000000000
eri,1976,100.0000000000
eri,1977,100.0000000000
eri,1978,100.0000000000
eri,1979,100.0000000000
eri,1980,100.0000000000
eri,1981,99.2766664359
eri,1982,97.4334281592
eri,1983,95.6292994488
eri,1984,93.7753817414
eri,1985,91.5825310362
eri,1986,89.3955819368
eri,1987,87.2917780925
eri,1988,85.5084110983
eri,1989,84.3157925777
eri,1990,83.8645614265
eri,1991,81.3610973467
eri,1992,79.5327802478
eri,1993,78.1303738785
eri,1994,76.8247831105
eri,1995,75.3654845554
eri,1996,73.7415513797
eri,1997,71.9716325469
eri,1998,73.1647702869
eri,1999,73.7542462956
eri,2000,73.6100150127
eri,2001,72.6850516887
eri,2002,71.1932043626
eri,2003,68.2519335971
eri,2004,65.6266874370
eri,2005,63.5128540275
eri,2006,61.9043444234
eri,2007,60.6901793674
eri,2008,59.7968012522
eri,2009,59.8463982265
eri,2010,60.0499820212
eri,2011,60.4074212600
est,1960,42.5065348319
est,1961,42.4466132508
est,1962,42.3002459602
est,1963,42.1486890143
est,1964,41.9837878281
est,1965,41.8616451983
est,1966,41.8671448033
est,1967,42.0051833226
est,1968,42.0953132643
est,1969,42.1421379766
est,1970,42.1523577285
est,1971,42.0788735581
est,1972,42.0567193046
est,1973,42.1079746470
est,1974,42.2054519152
est,1975,42.3420299456
est,1976,42.5153859806
est,1977,42.6836339591
est,1978,42.8800007926
est,1979,43.0747505750
est,1980,43.1755591464
est,1981,43.2324972410
est,1982,43.2846017996
est,1983,43.3520483683
est,1984,43.4358743675
est,1985,43.5135579810
est,1986,43.5597127567
est,1987,43.5913285794
est,1988,43.6928720046
est,1989,43.3756800946
est,1990,42.6227792202
est,1991,42.1227476919
est,1992,42.1822473093
est,1993,42.5625023675
est,1994,42.7592100745
est,1995,42.8057119433
est,1996,42.7199550221
est,1997,42.6699652666
est,1998,42.5439268038
est,1999,41.8895199402
est,2000,41.3001864692
est,2001,41.5759515335
est,2002,41.8521175809
est,2003,42.1284497582
est,2004,42.3940000789
est,2005,42.6506515751
est,2006,42.9170373353
est,2007,43.1276440936
est,2008,43.2578995398
est,2009,43.3561133774
est,2010,43.4706696594
est,2011,43.6186673820
est,2012,44.0925203178
est,2013,44.8762928164
est,2014,45.6330152759
est,2015,46.2509542207
est,2016,46.8955655687
est,2017,47.4986937555
est,2018,48.0341823977
eth,1960,36.4336782242
eth,1961,35.4163543672
eth,1962,34.4035789149
eth,1963,33.4080584867
eth,1964,32.4316991295
eth,1965,31.4817176243
eth,1966,30.5671212352
eth,1967,29.6889496879
eth,1968,29.7858067485
eth,1969,29.8537385070
eth,1970,29.8836161484
eth,1971,29.8665253683
eth,1972,29.8151856709
eth,1973,29.7871082639
eth,1974,29.8536233918
eth,1975,30.0481299808
eth,1976,30.3935141206
eth,1977,30.8553212207
eth,1978,31.3609966035
eth,1979,31.8061968146
eth,1980,32.1255069361
eth,1981,32.2839067376
eth,1982,32.3182084526
eth,1983,32.2603330746
eth,1984,32.1196004004
eth,1985,31.7094476029
eth,1986,31.3087295633
eth,1987,30.9088738581
eth,1988,30.5033775436
eth,1989,30.0777811197
eth,1990,29.6307351164
eth,1991,29.1601307471
eth,1992,28.6859478315
eth,1993,28.2202790299
eth,1994,27.7950905078
eth,1995,27.1841809611
eth,1996,26.5414059780
eth,1997,25.9492582288
eth,1998,25.3939801163
eth,1999,24.8640968731
eth,2000,24.3476129167
eth,2001,23.8451205343
eth,2002,23.3539615550
eth,2003,22.8788279745
eth,2004,22.4201403064
eth,2005,21.9762094799
eth,2006,21.5474734792
eth,2007,21.1550717541
eth,2008,20.9698403225
eth,2009,20.7849550286
eth,2010,20.5981935472
eth,2011,20.4105498728
eth,2012,20.2234747481
eth,2013,20.0580429633
eth,2014,19.9020860009
eth,2015,19.7586684807
eth,2016,19.6285692575
eth,2017,19.5094643205
eth,2018,19.4003737935
fin,1960,18.2999373251
fin,1961,18.1289982858
fin,1962,17.9548640472
fin,1963,17.7829855506
fin,1964,17.6438406741
fin,1965,17.5501931771
fin,1966,17.4545841740
fin,1967,17.3357500697
fin,1968,17.2381378303
fin,1969,17.2330132969
fin,1970,17.2879516849
fin,1971,17.4016030883
fin,1972,17.5828404376
fin,1973,17.7755417466
fin,1974,17.9843274029
fin,1975,18.2154985720
fin,1976,18.4817408334
fin,1977,18.7607906409
fin,1978,19.0485767466
fin,1979,19.3522697028
fin,1980,19.6559902713
fin,1981,19.7179344145
fin,1982,19.6377354612
fin,1983,19.5577075350
fin,1984,19.4969532384
fin,1985,19.4659206127
fin,1986,19.7255584180
fin,1987,20.2782622747
fin,1988,20.8519654611
fin,1989,21.4311330847
fin,1990,22.0153169322
fin,1991,22.3501918504
fin,1992,22.4387488561
fin,1993,22.5458586276
fin,1994,22.6666803063
fin,1995,22.8008279691
fin,1996,22.9840868052
fin,1997,23.2115213490
fin,1998,23.4499684024
fin,1999,23.6995496467
fin,2000,23.9589709739
fin,2001,24.1417438404
fin,2002,24.2477303550
fin,2003,24.3552183171
fin,2004,24.4511391547
fin,2005,24.5344972359
fin,2006,24.6192788348
fin,2007,24.7052703828
fin,2008,24.8102353181
fin,2009,24.9264565069
fin,2010,25.0618979363
fin,2011,25.2279433874
fin,2012,25.3981534276
fin,2013,25.6134386626
fin,2014,25.8811615095
fin,2015,26.1737113833
fin,2016,26.4812254061
fin,2017,26.8065126714
fin,2018,27.1488368371
fra,1960,25.6875780365
fra,1961,25.4933622109
fra,1962,25.1550889158
fra,1963,24.5540414764
fra,1964,24.0014195189
fra,1965,23.5090509959
fra,1966,23.0781592111
fra,1967,22.7009662810
fra,1968,22.4377739855
fra,1969,22.3356200549
fra,1970,22.2330409267
fra,1971,22.1263889836
fra,1972,22.0200969767
fra,1973,21.9203486052
fra,1974,21.8361527208
fra,1975,21.7590717316
fra,1976,21.6783076495
fra,1977,21.6145574477
fra,1978,21.5605167991
fra,1979,21.5068479284
fra,1980,21.4463256123
fra,1981,21.3771554115
fra,1982,21.3413316464
fra,1983,21.3842564542
fra,1984,21.4247265614
fra,1985,21.4642728892
fra,1986,21.5031802748
fra,1987,21.5409429770
fra,1988,21.5805337327
fra,1989,21.6246296368
fra,1990,21.6345234826
fra,1991,21.5469102310
fra,1992,21.4723856044
fra,1993,21.4119831253
fra,1994,21.3650169160
fra,1995,21.3211757763
fra,1996,21.2788865541
fra,1997,21.2372031899
fra,1998,21.1929524848
fra,1999,21.1325846798
fra,2000,21.0679524447
fra,2001,20.9946201390
fra,2002,20.9229238554
fra,2003,20.8558219508
fra,2004,20.7839138605
fra,2005,20.7095151792
fra,2006,20.6474806085
fra,2007,20.6028073959
fra,2008,20.5701487724
fra,2009,20.5459321405
fra,2010,20.5255675143
fra,2011,20.4661364353
fra,2012,20.4063864664
fra,2013,20.3402171105
fra,2014,20.2812067933
fra,2015,20.2347307508
fra,2016,20.1919564752
fra,2017,20.2282166732
fra,2018,20.2291975765
gab,1960,33.5612901745
gab,1961,35.1698251594
gab,1962,36.4776107484
gab,1963,37.8196189966
gab,1964,39.1895583289
gab,1965,38.9087353222
gab,1966,38.5993260112
gab,1967,38.2683889680
gab,1968,38.6347023478
gab,1969,39.0609344853
gab,1970,40.5939123979
gab,1971,43.0403368816
gab,1972,45.7622300633
gab,1973,48.7509816699
gab,1974,52.0166990036
gab,1975,55.5562743259
gab,1976,59.4000974691
gab,1977,63.5686589822
gab,1978,61.8928411407
gab,1979,60.3510370446
gab,1980,58.9428734726
gab,1981,57.6636661115
gab,1982,57.3946954730
gab,1983,57.1427656303
gab,1984,56.9082345668
gab,1985,56.6878240450
gab,1986,56.4892332350
gab,1987,56.3169217660
gab,1988,56.0593338931
gab,1989,55.8509873811
gab,1990,55.7032401935
gab,1991,55.6139427188
gab,1992,55.5849806767
gab,1993,55.6132005193
gab,1994,54.8886611314
gab,1995,54.1497485542
gab,1996,53.4627877838
gab,1997,52.8185849172
gab,1998,52.2206633964
gab,1999,51.6680477189
gab,2000,51.1573734826
gab,2001,50.6831798408
gab,2002,50.2333896405
gab,2003,49.7815010787
gab,2004,49.4217355881
gab,2005,49.0922649548
gab,2006,48.7181924958
gab,2007,48.3059025401
gab,2008,47.8399718975
gab,2009,47.2988251782
gab,2010,46.6869568723
gab,2011,46.0038915120
gab,2012,45.2838067844
gab,2013,44.5876897314
gab,2014,43.9932290436
gab,2015,43.5399140691
gab,2016,43.2310061232
gab,2017,43.0429616421
gab,2018,42.9509354824
gmb,1960,83.7184091063
gmb,1961,83.6105909507
gmb,1962,83.5384292314
gmb,1963,82.7329616110
gmb,1964,79.2419039179
gmb,1965,75.8166938332
gmb,1966,72.4552018839
gmb,1967,69.1834339849
gmb,1968,68.9899997375
gmb,1969,68.7977753969
gmb,1970,68.6296815807
gmb,1971,68.4959699904
gmb,1972,68.3926343816
gmb,1973,68.3188729491
gmb,1974,68.2943170810
gmb,1975,68.2360968953
gmb,1976,68.1358875100
gmb,1977,67.9874772207
gmb,1978,67.8419586112
gmb,1979,67.7456137773
gmb,1980,67.7218930009
gmb,1981,67.7993149012
gmb,1982,67.9500489716
gmb,1983,67.9846903527
gmb,1984,67.6122493790
gmb,1985,66.9424931778
gmb,1986,65.9756921501
gmb,1987,64.8304924924
gmb,1988,63.6997536369
gmb,1989,62.7790784324
gmb,1990,62.1807285848
gmb,1991,61.9058208848
gmb,1992,61.8896412247
gmb,1993,61.6859713942
gmb,1994,60.2183184359
gmb,1995,58.8074944878
gmb,1996,57.4449294744
gmb,1997,56.1405871263
gmb,1998,54.8825676071
gmb,1999,53.6613344805
gmb,2000,52.4722635305
gmb,2001,51.3045392055
gmb,2002,50.1649039171
gmb,2003,48.9477633320
gmb,2004,47.3665833267
gmb,2005,45.8715105086
gmb,2006,44.4619018634
gmb,2007,43.1250833802
gmb,2008,41.8478059093
gmb,2009,40.6156745884
gmb,2010,39.4196541730
gmb,2011,38.2586782514
gmb,2012,37.1347520860
gmb,2013,36.0505117939
gmb,2014,35.0105644711
gmb,2015,34.0161549215
gmb,2016,33.0666347757
gmb,2017,32.1591117458
gmb,2018,31.2924386085
geo,1960,45.7139982027
geo,1961,45.4994913997
geo,1962,45.3178182257
geo,1963,45.1623796066
geo,1964,45.0406851069
geo,1965,44.9639657247
geo,1966,44.9709508662
geo,1967,45.0553955163
geo,1968,45.1789475678
geo,1969,45.2930831752
geo,1970,45.3657828728
geo,1971,45.3687437840
geo,1972,45.3907328786
geo,1973,45.4744995294
geo,1974,45.5693593129
geo,1975,45.7270468400
geo,1976,45.8983167608
geo,1977,46.0906462132
geo,1978,46.3333125337
geo,1979,46.4608340204
geo,1980,46.4822751521
geo,1981,46.5159634588
geo,1982,46.5395029720
geo,1983,46.5499055079
geo,1984,46.5757249267
geo,1985,46.5907957699
geo,1986,46.6041541121
geo,1987,46.6485166888
geo,1988,46.6188630735
geo,1989,46.5884404471
geo,1990,46.3060056566
geo,1991,45.6911161215
geo,1992,45.0534105222
geo,1993,44.4285923133
geo,1994,44.8364463647
geo,1995,46.2630454859
geo,1996,47.6758747790
geo,1997,48.9264637584
geo,1998,49.8432706179
geo,1999,50.5680799825
geo,2000,51.2458762791
geo,2001,51.7305133326
geo,2002,51.8392923988
geo,2003,51.7936467944
geo,2004,51.7227322574
geo,2005,51.6639028567
geo,2006,51.5734266569
geo,2007,51.4615921472
geo,2008,51.2418135674
geo,2009,51.3255044085
geo,2010,51.3302560557
geo,2011,51.3757733637
geo,2012,51.3900188048
geo,2013,51.1850372029
geo,2014,50.8061028250
geo,2015,50.3773894361
geo,2016,49.9964051752
geo,2017,49.6393124549
geo,2018,49.2481577648
deu,1960,6.2715402853
deu,1961,6.1820436023
deu,1962,6.1128865397
deu,1963,6.0417859304
deu,1964,5.9786334657
deu,1965,5.9134140145
deu,1966,5.8499863813
deu,1967,5.8091235813
deu,1968,5.7692575641
deu,1969,5.7097752267
deu,1970,5.6752812833
deu,1971,5.6332424725
deu,1972,5.5750869741
deu,1973,5.5266406870
deu,1974,5.4937214776
deu,1975,5.4835366251
deu,1976,5.4764003824
deu,1977,5.4582910423
deu,1978,5.4327068223
deu,1979,5.4000815885
deu,1980,5.3588651154
deu,1981,5.3321500668
deu,1982,5.3232747263
deu,1983,5.3250003791
deu,1984,5.3576547775
deu,1985,5.4181813341
deu,1986,5.4846722832
deu,1987,5.7729289338
deu,1988,5.7042194388
deu,1989,5.8832822315
deu,1990,5.8913073489
deu,1991,5.8674944901
deu,1992,5.8429378521
deu,1993,5.8184391055
deu,1994,5.7867879643
deu,1995,5.7494322150
deu,1996,5.7026141159
deu,1997,5.6443293344
deu,1998,5.5786629667
deu,1999,5.5277769179
deu,2000,5.4915217473
deu,2001,5.4738408611
deu,2002,5.4541224834
deu,2003,5.4354392416
deu,2004,5.4184426076
deu,2005,5.4125144408
deu,2006,5.4199732455
deu,2007,5.4324076952
deu,2008,5.4481479657
deu,2009,5.4676272265
deu,2010,5.4820008226
deu,2011,5.5907880276
deu,2012,5.5998984155
deu,2013,5.6041923787
deu,2014,5.6004496020
deu,2015,5.5716460533
deu,2016,5.5452558441
deu,2017,5.5420355254
deu,2018,5.5403895935
gha,1960,25.4456762405
gha,1961,25.2712634128
gha,1962,25.0892771080
gha,1963,24.9231921285
gha,1964,24.7994485454
gha,1965,24.7316907301
gha,1966,24.7282889823
gha,1967,24.7769244859
gha,1968,24.8531235375
gha,1969,24.9175977285
gha,1970,24.9313633444
gha,1971,24.8589493532
gha,1972,24.7547804405
gha,1973,24.6497206374
gha,1974,24.5867691863
gha,1975,24.5873514544
gha,1976,24.6602923538
gha,1977,24.7829424178
gha,1978,24.9209501173
gha,1979,25.0209695155
gha,1980,25.0516555761
gha,1981,25.0029407628
gha,1982,24.8946840467
gha,1983,24.7480577316
gha,1984,24.5056796753
gha,1985,24.0768012343
gha,1986,23.6759983719
gha,1987,23.2963843185
gha,1988,22.9334642627
gha,1989,22.5811724250
gha,1990,22.2374724391
gha,1991,21.9006619634
gha,1992,21.5760381448
gha,1993,21.2674907275
gha,1994,20.9830151650
gha,1995,20.7264078090
gha,1996,20.4971615056
gha,1997,20.2901173475
gha,1998,20.1005478803
gha,1999,19.9227245831
gha,2000,19.6981724780
gha,2001,19.3350679039
gha,2002,18.9831200379
gha,2003,18.6387896344
gha,2004,18.2992441793
gha,2005,17.9631225405
gha,2006,17.6300678417
gha,2007,17.3018711073
gha,2008,16.9834799827
gha,2009,16.6796425326
gha,2010,16.3934107923
gha,2011,16.2356220531
gha,2012,16.4964496539
gha,2013,16.7732395278
gha,2014,17.0642164868
gha,2015,17.3682546235
gha,2016,17.6856169215
gha,2017,18.0177378428
gha,2018,18.3654162433
grc,1960,38.9166760006
grc,1961,39.4290301672
grc,1962,39.8278813687
grc,1963,40.3344779540
grc,1964,40.8655159538
grc,1965,41.3703311270
grc,1966,41.7832105775
grc,1967,42.1804748324
grc,1968,42.6655791197
grc,1969,43.2905814751
grc,1970,43.9995112224
grc,1971,44.5183326052
grc,1972,44.6630891259
grc,1973,44.9000842431
grc,1974,45.1821670358
grc,1975,45.2126118048
grc,1976,44.9713807393
grc,1977,44.8485456312
grc,1978,44.7326834363
grc,1979,44.6441961804
grc,1980,44.6796797441
grc,1981,44.6284994972
grc,1982,44.2977105313
grc,1983,43.9849906593
grc,1984,43.7120334741
grc,1985,43.4899014627
grc,1986,43.2942043501
grc,1987,43.0981541014
grc,1988,42.8916353937
grc,1989,42.6191440597
grc,1990,42.1230048107
grc,1991,41.6113777412
grc,1992,41.3761814106
grc,1993,41.2149141538
grc,1994,41.0911266263
grc,1995,40.9809803160
grc,1996,40.8828722348
grc,1997,40.7637970858
grc,1998,40.6200711942
grc,1999,40.5467017038
grc,2000,40.4634217455
grc,2001,40.2428639936
grc,2002,39.8589302721
grc,2003,39.5324549789
grc,2004,39.2073275479
grc,2005,38.8707714594
grc,2006,38.5373952579
grc,2007,38.2267771629
grc,2008,37.9170124412
grc,2009,37.6141184617
grc,2010,37.3665140271
grc,2011,37.2257129343
grc,2012,37.2331777404
grc,2013,37.3120860198
grc,2014,37.3718087396
grc,2015,37.4310886122
grc,2016,37.4016450889
grc,2017,37.2934052071
grc,2018,37.2075254567
gtm,1960,46.1536583114
gtm,1961,46.2244084599
gtm,1962,46.3154789539
gtm,1963,46.4236716279
gtm,1964,46.4961025268
gtm,1965,46.3784945093
gtm,1966,46.2630517078
gtm,1967,46.1520931878
gtm,1968,46.0528919328
gtm,1969,45.9632770723
gtm,1970,45.8966423890
gtm,1971,45.8461372217
gtm,1972,45.8175252538
gtm,1973,45.5931828312
gtm,1974,44.8202516373
gtm,1975,44.0868872047
gtm,1976,43.3929704599
gtm,1977,42.7315470445
gtm,1978,42.0969732638
gtm,1979,41.4745564333
gtm,1980,40.8597289720
gtm,1981,40.3039678402
gtm,1982,39.9058035599
gtm,1983,39.5144032816
gtm,1984,39.1398102675
gtm,1985,38.7835952231
gtm,1986,38.4491180596
gtm,1987,38.1315377673
gtm,1988,37.8260939753
gtm,1989,37.5254938717
gtm,1990,37.2267522866
gtm,1991,36.9284812353
gtm,1992,36.6328043294
gtm,1993,36.3411109493
gtm,1994,36.1533586028
gtm,1995,36.3343091853
gtm,1996,36.5312334187
gtm,1997,36.7376017619
gtm,1998,36.9492227646
gtm,1999,37.1567110463
gtm,2000,37.3554368396
gtm,2001,37.5400761382
gtm,2002,37.7186455845
gtm,2003,37.7083753960
gtm,2004,37.5812579678
gtm,2005,37.4667059478
gtm,2006,37.3695715899
gtm,2007,37.2859093857
gtm,2008,37.2152968323
gtm,2009,36.6750233603
gtm,2010,36.1494026529
gtm,2011,35.6397481009
gtm,2012,35.1462263325
gtm,2013,34.6596917868
gtm,2014,34.1833619246
gtm,2015,33.7161689693
gtm,2016,33.2609537140
gtm,2017,32.8144564765
gtm,2018,32.3779554027
gin,1960,30.6518833918
gin,1961,32.6795450684
gin,1962,34.8504800499
gin,1963,37.1647492073
gin,1964,39.6360318564
gin,1965,42.2546287382
gin,1966,45.0469451756
gin,1967,48.0240653294
gin,1968,51.2216350216
gin,1969,54.6566647616
gin,1970,58.3903425979
gin,1971,62.4340100006
gin,1972,66.8232401291
gin,1973,67.7906287145
gin,1974,65.7493666281
gin,1975,63.8010330109
gin,1976,61.9346114433
gin,1977,60.1418310383
gin,1978,58.3872251614
gin,1979,56.6413423307
gin,1980,54.8851051772
gin,1981,53.1292215892
gin,1982,51.3732571747
gin,1983,50.3619636250
gin,1984,50.3509270760
gin,1985,50.2453383651
gin,1986,50.0508849221
gin,1987,49.7832159139
gin,1988,49.4895999406
gin,1989,49.2109795963
gin,1990,48.9815429051
gin,1991,48.8138400106
gin,1992,48.6982873243
gin,1993,48.6184570742
gin,1994,48.5550551173
gin,1995,48.4972385592
gin,1996,48.4393114572
gin,1997,48.1155055987
gin,1998,47.6203681368
gin,1999,47.1905156291
gin,2000,46.8391964718
gin,2001,46.5664358499
gin,2002,46.3590318429
gin,2003,46.1814957714
gin,2004,45.9959673252
gin,2005,45.7710760469
gin,2006,45.4994035086
gin,2007,45.1905554679
gin,2008,44.8636280739
gin,2009,44.5383495490
gin,2010,44.2313972733
gin,2011,43.9479157161
gin,2012,43.6771500524
gin,2013,43.3907328908
gin,2014,43.0632963269
gin,2015,42.6614061508
gin,2016,42.1844004890
gin,2017,41.6495922751
gin,2018,41.0811684295
gnb,1960,30.5141179559
gnb,1961,32.2575369988
gnb,1962,34.1370747171
gnb,1963,36.1274625226
gnb,1964,38.1999165917
gnb,1965,40.3204701946
gnb,1966,42.4874965995
gnb,1967,44.7139056240
gnb,1968,47.0051385830
gnb,1969,49.3667222935
gnb,1970,51.8219572330
gnb,1971,54.3523971636
gnb,1972,56.9767955411
gnb,1973,59.7818718519
gnb,1974,62.9281509232
gnb,1975,66.5316144874
gnb,1976,70.7141476614
gnb,1977,75.4528891824
gnb,1978,80.6179222639
gnb,1979,84.7362263512
gnb,1980,82.9251993964
gnb,1981,80.6990273126
gnb,1982,78.1787577226
gnb,1983,75.5362196938
gnb,1984,72.9810850309
gnb,1985,70.6372316652
gnb,1986,68.5106116348
gnb,1987,66.5555030155
gnb,1988,64.7513752603
gnb,1989,63.0607171600
gnb,1990,61.4631177392
gnb,1991,59.9550599356
gnb,1992,59.5405928461
gnb,1993,59.8874499580
gnb,1994,60.2792770679
gnb,1995,60.7283901136
gnb,1996,61.2428289361
gnb,1997,61.8009907712
gnb,1998,62.3842036015
gnb,1999,62.9490404521
gnb,2000,63.4767150220
gnb,2001,63.9478761257
gnb,2002,64.3768391936
gnb,2003,64.7688879903
gnb,2004,65.1364959325
gnb,2005,65.4798951645
gnb,2006,65.8081429182
gnb,2007,66.1187837764
gnb,2008,66.4103140905
gnb,2009,66.6709651585
gnb,2010,66.8994482013
gnb,2011,67.1018548937
gnb,2012,67.2841226687
gnb,2013,67.4635589922
gnb,2014,67.6554282501
gnb,2015,67.8730242893
gnb,2016,68.1218375886
gnb,2017,68.4009746566
gnb,2018,68.7091177556
hti,1960,41.0541594095
hti,1961,41.8075480447
hti,1962,42.5823048083
hti,1963,43.3797858680
hti,1964,44.2001514186
hti,1965,45.0416396749
hti,1966,45.9062984257
hti,1967,46.7975167343
hti,1968,47.7247270577
hti,1969,48.6944738495
hti,1970,49.7246560771
hti,1971,50.8161667864
hti,1972,51.9287634614
hti,1973,53.0583251743
hti,1974,54.1890691110
hti,1975,55.2972254850
hti,1976,56.3819055682
hti,1977,57.4345519771
hti,1978,58.4657477822
hti,1979,59.4668991024
hti,1980,60.4394201338
hti,1981,61.3765783610
hti,1982,62.2932260717
hti,1983,61.5900500222
hti,1984,60.6331028381
hti,1985,59.7552562117
hti,1986,58.9644704939
hti,1987,58.2545337175
hti,1988,57.6177114073
hti,1989,57.0449604037
hti,1990,56.5295463267
hti,1991,56.0719443597
hti,1992,55.6722752444
hti,1993,55.9365218988
hti,1994,56.2298242339
hti,1995,56.5495769699
hti,1996,56.8966827504
hti,1997,56.3476349824
hti,1998,55.8291129987
hti,1999,55.3368872046
hti,2000,56.2032315395
hti,2001,55.5079702302
hti,2002,54.8999714825
hti,2003,54.3768022033
hti,2004,54.8050497370
hti,2005,55.3634095249
hti,2006,55.9574201782
hti,2007,56.5887401334
hti,2008,57.2595749678
hti,2009,57.9701393009
hti,2010,45.2870352878
hti,2011,44.8604662416
hti,2012,44.4675939938
hti,2013,44.1074239070
hti,2014,43.7808467260
hti,2015,43.4893511233
hti,2016,43.2428201952
hti,2017,43.0424880585
hti,2018,42.8834760824
hnd,1960,27.6362436601
hnd,1961,27.7413310258
hnd,1962,27.8225931677
hnd,1963,27.9084460474
hnd,1964,27.9927641985
hnd,1965,28.0720374117
hnd,1966,28.1469001741
hnd,1967,28.2192377647
hnd,1968,28.2917620688
hnd,1969,28.3656782636
hnd,1970,28.4465597765
hnd,1971,28.5341506955
hnd,1972,28.6285567450
hnd,1973,28.7233695013
hnd,1974,28.7971407036
hnd,1975,28.8173943961
hnd,1976,28.8355457255
hnd,1977,28.8478158144
hnd,1978,28.8622281473
hnd,1979,28.8801920105
hnd,1980,28.9071709693
hnd,1981,28.9381639126
hnd,1982,28.9788897199
hnd,1983,29.0287534129
hnd,1984,29.0899751124
hnd,1985,29.1598988794
hnd,1986,29.2425728015
hnd,1987,29.3361565697
hnd,1988,29.3546944116
hnd,1989,28.9439551691
hnd,1990,28.5486274737
hnd,1991,28.1692852484
hnd,1992,27.8058748357
hnd,1993,27.4517828778
hnd,1994,27.1024112603
hnd,1995,26.7548382465
hnd,1996,26.4106718493
hnd,1997,26.0706238741
hnd,1998,25.7434577168
hnd,1999,25.4345196055
hnd,2000,25.1497001981
hnd,2001,24.8872141930
hnd,2002,24.7156263836
hnd,2003,24.5729907971
hnd,2004,24.4521058725
hnd,2005,24.3514807608
hnd,2006,24.2716471029
hnd,2007,24.2125865541
hnd,2008,24.1759567852
hnd,2009,24.1612565906
hnd,2010,24.1707660191
hnd,2011,24.2048079454
hnd,2012,24.2612605558
hnd,2013,24.3350981607
hnd,2014,24.4238383466
hnd,2015,24.5255353939
hnd,2016,24.6382657085
hnd,2017,24.7629025247
hnd,2018,24.8998555377
hkg,1960,99.6612750270
hkg,1961,99.8083390818
hkg,1962,98.3395294444
hkg,1963,97.4056520271
hkg,1964,97.3279193722
hkg,1965,96.9787516921
hkg,1966,98.3052484832
hkg,1967,97.9917659066
hkg,1968,98.0013959596
hkg,1969,98.4009692351
hkg,1970,97.8304677169
hkg,1971,97.3428459596
hkg,1972,96.9613635230
hkg,1973,95.7665875973
hkg,1974,94.5475018155
hkg,1975,94.9436907896
hkg,1976,96.4268189211
hkg,1977,98.1054710067
hkg,1978,99.5431955126
hkg,1979,97.1526815670
hkg,1980,97.0844993213
hkg,1981,96.8575151585
hkg,1982,97.0257904266
hkg,1983,96.9846625580
hkg,1984,97.4114213139
hkg,1985,97.8267820220
hkg,1986,98.1881664930
hkg,1987,98.8509736420
hkg,1988,99.6818942538
hkg,1989,100.0000000000
hkg,1990,100.0000000000
hkg,1991,100.0000000000
hkg,1992,100.0000000000
hkg,1993,100.0000000000
hkg,1994,100.0000000000
hkg,1995,99.7401114342
hkg,1996,96.9902882449
hkg,1997,97.9530920130
hkg,1998,98.9323471431
hkg,1999,99.5922803300
hkg,2000,99.9798049512
hkg,2001,100.0000000000
hkg,2002,100.0000000000
hkg,2003,100.0000000000
hkg,2004,100.0000000000
hkg,2005,100.0000000000
hkg,2006,100.0000000000
hkg,2007,99.7411477235
hkg,2008,99.7488142804
hkg,2009,100.0000000000
hkg,2010,100.0000000000
hkg,2011,99.9181939024
hkg,2012,99.3888057510
hkg,2013,99.5775258048
hkg,2014,99.5167438965
hkg,2015,99.3746108376
hkg,2016,99.5398822343
hkg,2017,99.6372011851
hkg,2018,99.7032210442
hun,1960,32.4449278914
hun,1961,32.2878971359
hun,1962,32.1763054430
hun,1963,32.0869483663
hun,1964,31.9827204812
hun,1965,31.8937642185
hun,1966,31.7991052209
hun,1967,31.6847349524
hun,1968,31.5697677192
hun,1969,31.4463763688
hun,1970,31.3140093758
hun,1971,31.1896001579
hun,1972,31.0642787161
hun,1973,30.9345209189
hun,1974,30.7693020284
hun,1975,30.5635482357
hun,1976,30.3732746231
hun,1977,30.2123349307
hun,1978,30.0907231238
hun,1979,30.0205988884
hun,1980,29.9204604821
hun,1981,29.7720040995
hun,1982,29.6438994123
hun,1983,29.5435492521
hun,1984,29.4583516361
hun,1985,29.3689066877
hun,1986,29.2770104715
hun,1987,29.1848086702
hun,1988,29.0888186756
hun,1989,29.2665328988
hun,1990,29.3587169361
hun,1991,29.0797180794
hun,1992,28.8130905434
hun,1993,28.5713211147
hun,1994,28.3377166431
hun,1995,28.1067759002
hun,1996,27.8864581202
hun,1997,27.6774878641
hun,1998,27.4783250184
hun,1999,27.2945024575
hun,2000,27.1052294337
hun,2001,26.9174089542
hun,2002,26.7574997081
hun,2003,26.6012606460
hun,2004,26.4300873622
hun,2005,26.2307333678
hun,2006,25.9991512849
hun,2007,25.7725444477
hun,2008,25.5560283309
hun,2009,25.3397577733
hun,2010,25.1686083938
hun,2011,25.0154637163
hun,2012,25.0624899636
hun,2013,25.0975795418
hun,2014,25.1320551358
hun,2015,25.1593848690
hun,2016,25.1995064399
hun,2017,25.2310968951
hun,2018,25.2434030604
ind,1960,7.3185866699
ind,1961,7.3013558020
ind,1962,7.2338023463
ind,1963,7.1654395121
ind,1964,7.0964807097
ind,1965,7.0279029350
ind,1966,6.9599381757
ind,1967,6.8920919086
ind,1968,6.8239556332
ind,1969,6.7537004924
ind,1970,6.6809520029
ind,1971,6.5958434053
ind,1972,6.4801959501
ind,1973,6.3655895515
ind,1974,6.2527445590
ind,1975,6.1432515467
ind,1976,6.0373165284
ind,1977,5.9340732693
ind,1978,5.8334547576
ind,1979,5.7344951204
ind,1980,5.6982828140
ind,1981,5.6791733685
ind,1982,5.6563590158
ind,1983,5.6341642950
ind,1984,5.6137257233
ind,1985,5.5952221215
ind,1986,5.5792375642
ind,1987,5.5656550670
ind,1988,5.5544567513
ind,1989,5.5448972946
ind,1990,5.5380080992
ind,1991,5.5314871825
ind,1992,5.5239863441
ind,1993,5.5180229246
ind,1994,5.5139136301
ind,1995,5.5114884133
ind,1996,5.5104992112
ind,1997,5.5106758657
ind,1998,5.5128145755
ind,1999,5.5169680298
ind,2000,5.5235272018
ind,2001,5.4966313909
ind,2002,5.4908775247
ind,2003,5.5152307185
ind,2004,5.5420996606
ind,2005,5.5711238195
ind,2006,5.6027996141
ind,2007,5.6368649907
ind,2008,5.6740634168
ind,2009,5.7146342869
ind,2010,5.7595642949
ind,2011,5.8085915507
ind,2012,5.8598671735
ind,2013,5.9131938899
ind,2014,5.9678189489
ind,2015,6.0233230408
ind,2016,6.0796449734
ind,2017,6.1367072907
ind,2018,6.1946447522
idn,1960,20.9286846986
idn,1961,21.3251553920
idn,1962,21.3462349164
idn,1963,21.1734963082
idn,1964,21.0006223030
idn,1965,20.8257812469
idn,1966,20.6502347338
idn,1967,20.4749790375
idn,1968,20.3054106796
idn,1969,20.1382428157
idn,1970,19.9802891795
idn,1971,19.8275775601
idn,1972,19.6320328051
idn,1973,19.4316010917
idn,1974,19.2431105463
idn,1975,19.0667446904
idn,1976,18.9034614648
idn,1977,18.7526038339
idn,1978,18.6123305787
idn,1979,18.4823703210
idn,1980,18.3611925305
idn,1981,17.9963601473
idn,1982,17.5269452391
idn,1983,17.0840928668
idn,1984,16.6693799336
idn,1985,16.2840613990
idn,1986,15.9271614807
idn,1987,15.5961053587
idn,1988,15.2883897306
idn,1989,15.0017557457
idn,1990,14.7336770092
idn,1991,14.1687303845
idn,1992,13.4886700948
idn,1993,12.8558413272
idn,1994,12.2649208966
idn,1995,11.7133371780
idn,1996,11.1984323344
idn,1997,10.7177140737
idn,1998,10.2665370599
idn,1999,9.8426137772
idn,2000,9.4436690683
idn,2001,9.2720969593
idn,2002,9.1069923927
idn,2003,8.9478889929
idn,2004,8.7941454947
idn,2005,8.6458647912
idn,2006,8.5028052524
idn,2007,8.3648429608
idn,2008,8.2311205703
idn,2009,8.1011352521
idn,2010,7.9741930043
idn,2011,7.8479271282
idn,2012,7.7248779733
idn,2013,7.6059940555
idn,2014,7.4924420729
idn,2015,7.3852996473
idn,2016,7.2846107044
idn,2017,7.1904203441
idn,2018,7.1019627640
irn,1960,25.3390763592
irn,1961,25.6848375486
irn,1962,26.0380868552
irn,1963,26.3991799591
irn,1964,26.7695116129
irn,1965,27.1439910091
irn,1966,27.5243538856
irn,1967,27.7123244418
irn,1968,27.7958246235
irn,1969,27.8885351129
irn,1970,27.9954683522
irn,1971,28.1126408887
irn,1972,28.2362629157
irn,1973,28.3536274733
irn,1974,28.4572742690
irn,1975,28.5385672732
irn,1976,28.6032337100
irn,1977,28.2745995174
irn,1978,27.7064833085
irn,1979,27.0972420323
irn,1980,26.4452124381
irn,1981,25.7599119600
irn,1982,25.0642636329
irn,1983,24.3763314132
irn,1984,23.7162913671
irn,1985,23.0971325140
irn,1986,22.5169235763
irn,1987,21.8023917290
irn,1988,21.1123514867
irn,1989,20.5240571702
irn,1990,20.0460110188
irn,1991,19.6745388445
irn,1992,19.2312546441
irn,1993,18.8075227665
irn,1994,18.4267628072
irn,1995,18.0670577024
irn,1996,17.7229585103
irn,1997,17.4919413886
irn,1998,17.3045908367
irn,1999,17.1275959971
irn,2000,16.9610437366
irn,2001,16.8015117247
irn,2002,16.6474672764
irn,2003,16.5002211374
irn,2004,16.3629638967
irn,2005,16.2362604102
irn,2006,16.1208575698
irn,2007,15.9689242679
irn,2008,15.8013862429
irn,2009,15.6354628355
irn,2010,15.4687398534
irn,2011,15.3011806209
irn,2012,15.1784895284
irn,2013,15.0744129131
irn,2014,14.9673878912
irn,2015,14.8576616951
irn,2016,14.7450843495
irn,2017,14.6308739124
irn,2018,14.5200207649
irq,1960,32.5781505317
irq,1961,33.6267194308
irq,1962,34.7062579550
irq,1963,35.8070840838
irq,1964,36.9244851947
irq,1965,38.0468605072
irq,1966,38.1985364989
irq,1967,37.9294490863
irq,1968,37.6536694772
irq,1969,37.3913712045
irq,1970,37.1645206330
irq,1971,36.9774132713
irq,1972,36.8287367188
irq,1973,36.7085431004
irq,1974,36.6115404801
irq,1975,36.5333153743
irq,1976,36.4752426496
irq,1977,36.4394084074
irq,1978,36.0659857056
irq,1979,35.5812671536
irq,1980,35.1533801172
irq,1981,34.7729132512
irq,1982,34.4368024231
irq,1983,34.1473718320
irq,1984,33.9087932492
irq,1985,33.7174660756
irq,1986,33.5769040077
irq,1987,33.4737509414
irq,1988,33.5470654141
irq,1989,33.6533503110
irq,1990,33.6978564041
irq,1991,33.6760067250
irq,1992,33.6006916666
irq,1993,33.4805635109
irq,1994,33.3364896786
irq,1995,33.1805293637
irq,1996,33.0196349777
irq,1997,32.8537848855
irq,1998,32.6643873949
irq,1999,32.4757376705
irq,2000,32.3080358469
irq,2001,32.1471057006
irq,2002,31.9988302353
irq,2003,31.8919975010
irq,2004,30.2484452538
irq,2005,28.7751970494
irq,2006,27.4695434358
irq,2007,26.2913356147
irq,2008,26.9981262372
irq,2009,27.6259805330
irq,2010,27.4984894854
irq,2011,27.1822585758
irq,2012,26.7456247602
irq,2013,26.2686652930
irq,2014,25.8480274745
irq,2015,25.5358522537
irq,2016,25.3357746221
irq,2017,25.2165416516
irq,2018,25.1499973547
irl,1960,51.7342096512
irl,1961,51.9838075627
irl,1962,52.5940908852
irl,1963,53.1212004117
irl,1964,53.7086362782
irl,1965,54.3613964768
irl,1966,54.6811653368
irl,1967,53.7146074252
irl,1968,52.8048386611
irl,1969,51.8703162146
irl,1970,50.8509193068
irl,1971,49.9190812800
irl,1972,49.6635511796
irl,1973,49.3519869382
irl,1974,49.0187482918
irl,1975,48.6970993457
irl,1976,48.4456185341
irl,1977,48.2708232949
irl,1978,48.0685015828
irl,1979,47.9112948430
irl,1980,47.8441330117
irl,1981,47.6491924695
irl,1982,47.1254846732
irl,1983,46.7173974575
irl,1984,46.3555237842
irl,1985,46.2084943869
irl,1986,46.0973364088
irl,1987,45.9356306269
irl,1988,45.9764419224
irl,1989,46.0023445718
irl,1990,45.8085349943
irl,1991,45.4579211479
irl,1992,45.3339356688
irl,1993,45.2932473542
irl,1994,45.3016404167
irl,1995,45.2577766705
irl,1996,45.0919142232
irl,1997,44.8484775071
irl,1998,44.5905356067
irl,1999,44.2967362646
irl,2000,43.9165046240
irl,2001,43.4272439484
irl,2002,42.9097024048
irl,2003,42.4473102386
irl,2004,41.9070682535
irl,2005,41.2300544839
irl,2006,40.3810310460
irl,2007,39.5771277439
irl,2008,39.1229427691
irl,2009,39.0707345916
irl,2010,39.2044500966
irl,2011,39.3708614541
irl,2012,39.5055111488
irl,2013,39.5997474668
irl,2014,39.6141732690
irl,2015,39.5449428841
irl,2016,39.4036579623
irl,2017,39.2721737863
irl,2018,39.1859645918
isr,1960,45.4367954341
isr,1961,45.7188850521
isr,1962,44.4957412911
isr,1963,43.8186842964
isr,1964,43.0490970126
isr,1965,42.5004772253
isr,1966,42.3742097702
isr,1967,41.5180589031
isr,1968,41.6087168757
isr,1969,41.4954084870
isr,1970,41.1019509505
isr,1971,40.7934288791
isr,1972,40.7314292690
isr,1973,39.9679976674
isr,1974,39.6488201048
isr,1975,39.6117475236
isr,1976,39.6014152768
isr,1977,39.5922671731
isr,1978,39.6410983265
isr,1979,39.5137163081
isr,1980,39.4588863864
isr,1981,39.5685506127
isr,1982,39.7300035925
isr,1983,39.9278709703
isr,1984,40.4291886210
isr,1985,40.7482184367
isr,1986,41.1607953653
isr,1987,41.5493609339
isr,1988,41.9265454569
isr,1989,42.2879103303
isr,1990,42.0622652277
isr,1991,40.6328861156
isr,1992,41.2552253459
isr,1993,43.2466837095
isr,1994,45.3702165693
isr,1995,47.5615260037
isr,1996,48.5829935269
isr,1997,48.3715146146
isr,1998,48.2648952405
isr,1999,48.0337189355
isr,2000,47.7597813157
isr,2001,47.6202557838
isr,2002,47.6462411304
isr,2003,47.6944734947
isr,2004,47.6843429327
isr,2005,47.6746329283
isr,2006,47.6637896844
isr,2007,47.6495365062
isr,2008,47.6362797576
isr,2009,47.3293462480
isr,2010,47.2902658930
isr,2011,47.2396246211
isr,2012,47.1901283608
isr,2013,47.3284664723
isr,2014,47.6454964644
isr,2015,47.9340535519
isr,2016,48.2351914551
isr,2017,48.5436167961
isr,2018,48.8534060556
ita,1960,8.2404690567
ita,1961,8.3416669317
ita,1962,8.4244607287
ita,1963,8.4963438306
ita,1964,8.5618610605
ita,1965,8.6267584602
ita,1966,8.6989009717
ita,1967,8.7773076716
ita,1968,8.8655435369
ita,1969,8.9610469427
ita,1970,9.0621925714
ita,1971,9.1709966573
ita,1972,9.1814000380
ita,1973,9.1401781589
ita,1974,9.1016012076
ita,1975,9.0684518092
ita,1976,9.0444712071
ita,1977,9.0273296375
ita,1978,9.0166736602
ita,1979,9.0121610249
ita,1980,9.0154261619
ita,1981,9.0265272306
ita,1982,9.0884548637
ita,1983,9.1761956108
ita,1984,9.2661961006
ita,1985,9.3562195354
ita,1986,9.4494611121
ita,1987,9.5431780285
ita,1988,9.6342812618
ita,1989,9.7233984735
ita,1990,9.8126192978
ita,1991,9.9040950453
ita,1992,9.9105422693
ita,1993,9.8795376021
ita,1994,9.8526325694
ita,1995,9.8276548799
ita,1996,9.8001286714
ita,1997,9.7703060240
ita,1998,9.7429099055
ita,1999,9.7167626433
ita,2000,9.6879080060
ita,2001,9.6581448711
ita,2002,9.6760595617
ita,2003,9.6906983059
ita,2004,9.6858426135
ita,2005,9.6960481360
ita,2006,9.7249396502
ita,2007,9.7340329775
ita,2008,9.7279284271
ita,2009,9.7419249874
ita,2010,9.7703817206
ita,2011,9.8123945202
ita,2012,9.8274796959
ita,2013,9.7477458722
ita,2014,9.6925201805
ita,2015,9.7359900220
ita,2016,9.7874402507
ita,2017,9.8375029723
ita,2018,9.8897052752
jam,1960,76.4823115459
jam,1961,74.7424598855
jam,1962,72.9477201404
jam,1963,71.1580777707
jam,1964,69.4464146142
jam,1965,67.8624023417
jam,1966,66.4108378650
jam,1967,65.0632720785
jam,1968,63.7747704870
jam,1969,62.4988513615
jam,1970,61.2350823775
jam,1971,60.0466445529
jam,1972,58.8340122820
jam,1973,57.6363470581
jam,1974,56.5013439545
jam,1975,55.4528333806
jam,1976,54.5030677794
jam,1977,53.6354966408
jam,1978,52.8053838736
jam,1979,51.9578137450
jam,1980,51.0621796768
jam,1981,50.1069466210
jam,1982,49.1420841252
jam,1983,48.5368954993
jam,1984,48.0160592736
jam,1985,47.6230097432
jam,1986,47.3718679337
jam,1987,47.2347993710
jam,1988,47.1652476120
jam,1989,47.0965790314
jam,1990,46.9844496188
jam,1991,46.7415353726
jam,1992,46.2089717541
jam,1993,45.6533431808
jam,1994,45.0938738696
jam,1995,44.5418803872
jam,1996,43.9975560927
jam,1997,43.4588245274
jam,1998,42.9371334277
jam,1999,42.4459557394
jam,2000,41.9920800112
jam,2001,41.5788539953
jam,2002,41.1936280328
jam,2003,40.8375312424
jam,2004,40.5000840284
jam,2005,40.1773157718
jam,2006,39.8665964278
jam,2007,39.5689194935
jam,2008,39.2766962010
jam,2009,38.9843231381
jam,2010,38.6864368066
jam,2011,38.3801042503
jam,2012,38.0574493517
jam,2013,37.7231757834
jam,2014,37.3846985148
jam,2015,37.0479058612
jam,2016,36.7138393746
jam,2017,36.3822789349
jam,2018,36.0526723262
jpn,1960,28.4976708683
jpn,1961,28.4485375551
jpn,1962,28.8911473195
jpn,1963,29.3264598514
jpn,1964,29.7737459027
jpn,1965,30.2264857285
jpn,1966,30.4914699042
jpn,1967,30.6754438172
jpn,1968,31.0568103063
jpn,1969,30.9100866573
jpn,1970,31.0633141394
jpn,1971,31.1545229759
jpn,1972,31.2128134362
jpn,1973,31.4598252020
jpn,1974,31.3777681973
jpn,1975,31.4014100867
jpn,1976,31.6001782660
jpn,1977,31.6931616651
jpn,1978,31.8057153872
jpn,1979,31.9386350203
jpn,1980,32.0918758144
jpn,1981,32.2059195201
jpn,1982,32.3232067678
jpn,1983,32.4400253190
jpn,1984,32.5732015296
jpn,1985,32.7138890144
jpn,1986,32.9104668535
jpn,1987,33.1658888395
jpn,1988,33.4462721499
jpn,1989,33.7340403545
jpn,1990,34.0477566581
jpn,1991,34.1581584920
jpn,1992,34.2173694110
jpn,1993,34.2771525149
jpn,1994,34.3056529824
jpn,1995,34.3201700672
jpn,1996,34.3575386591
jpn,1997,34.3923751462
jpn,1998,34.4164975227
jpn,1999,34.4718802717
jpn,2000,34.5325267249
jpn,2001,34.0869473564
jpn,2002,33.5442214469
jpn,2003,33.0727410177
jpn,2004,32.7189116094
jpn,2005,32.4254722085
jpn,2006,32.1997970478
jpn,2007,32.0057702820
jpn,2008,31.8640690977
jpn,2009,31.7704374749
jpn,2010,31.6927756109
jpn,2011,31.7614111125
jpn,2012,31.8448345806
jpn,2013,31.9237561922
jpn,2014,31.9992743362
jpn,2015,32.0668253954
jpn,2016,32.1379199188
jpn,2017,32.2243413524
jpn,2018,32.3223008103
jor,1960,45.9424163723
jor,1961,46.6719034961
jor,1962,47.3701336130
jor,1963,47.7853406027
jor,1964,47.7263282224
jor,1965,46.9957068066
jor,1966,45.6369961110
jor,1967,43.9443641008
jor,1968,42.2418719034
jor,1969,40.9677892566
jor,1970,40.2559780454
jor,1971,40.0552068588
jor,1972,40.2318313647
jor,1973,40.6830345643
jor,1974,41.2955915925
jor,1975,41.9780369253
jor,1976,42.7291741972
jor,1977,43.5439135679
jor,1978,44.3599427366
jor,1979,45.0956690354
jor,1980,44.5329449585
jor,1981,43.2031952349
jor,1982,41.8079765459
jor,1983,40.4125253111
jor,1984,39.0878069381
jor,1985,37.8663627937
jor,1986,36.7752446476
jor,1987,35.7813459038
jor,1988,34.8016212436
jor,1989,33.7432627685
jor,1990,32.5807851306
jor,1991,31.3137684263
jor,1992,30.0272769937
jor,1993,28.8516620770
jor,1994,27.9150781963
jor,1995,27.1473218316
jor,1996,26.5452974821
jor,1997,26.1321643369
jor,1998,25.8455340730
jor,1999,25.6104238048
jor,2000,25.3712361652
jor,2001,25.1214226620
jor,2002,24.8576762132
jor,2003,24.5316876915
jor,2004,24.0922154727
jor,2005,23.8787731994
jor,2006,23.6854483803
jor,2007,23.4165615890
jor,2008,23.0897345992
jor,2009,22.7231638650
jor,2010,22.3446142683
jor,2011,21.9563914040
jor,2012,21.5865596533
jor,2013,21.2953052375
jor,2014,21.1511795401
jor,2015,21.3181222530
jor,2016,21.6583873658
jor,2017,22.1548366712
jor,2018,22.7932168226
kaz,1960,12.0398016069
kaz,1961,11.8078389548
kaz,1962,11.6086377758
kaz,1963,11.4476559096
kaz,1964,11.3309246453
kaz,1965,11.2368135943
kaz,1966,11.1905743211
kaz,1967,11.1864989867
kaz,1968,11.2137777907
kaz,1969,11.2568619099
kaz,1970,11.3013077899
kaz,1971,11.3411077460
kaz,1972,11.3861520966
kaz,1973,11.4384342384
kaz,1974,11.5054776008
kaz,1975,11.6454970854
kaz,1976,11.8051404423
kaz,1977,11.9798730609
kaz,1978,12.1652758307
kaz,1979,12.2305573621
kaz,1980,12.1427621835
kaz,1981,12.0499515547
kaz,1982,11.9551270962
kaz,1983,11.8588236070
kaz,1984,11.7620430928
kaz,1985,11.7349760095
kaz,1986,11.7060727496
kaz,1987,11.6792591133
kaz,1988,11.6686657998
kaz,1989,11.7332775990
kaz,1990,11.7424007699
kaz,1991,11.7491289968
kaz,1992,11.8380986119
kaz,1993,11.9984540223
kaz,1994,12.2574694217
kaz,1995,12.5345195797
kaz,1996,12.7872761795
kaz,1997,13.0537092398
kaz,1998,13.3450496325
kaz,1999,13.6066892318
kaz,2000,13.8900955600
kaz,2001,14.1602010526
kaz,2002,14.4108355040
kaz,2003,14.6172748226
kaz,2004,14.7740290311
kaz,2005,14.9027643135
kaz,2006,15.0076988156
kaz,2007,15.1003725310
kaz,2008,15.1827198811
kaz,2009,15.1141935917
kaz,2010,15.3559210931
kaz,2011,15.5984149108
kaz,2012,15.8490625598
kaz,2013,16.0974264517
kaz,2014,16.3452686217
kaz,2015,16.5985308743
kaz,2016,16.8631057507
kaz,2017,17.1413186382
kaz,2018,17.4260191764
ken,1960,48.9498159920
ken,1961,49.7895934349
ken,1962,50.6256145691
ken,1963,50.2732438405
ken,1964,49.7462014954
ken,1965,49.2141534087
ken,1966,48.6733958512
ken,1967,48.1213858969
ken,1968,47.5651069552
ken,1969,46.9900930584
ken,1970,45.6167236366
ken,1971,44.1342583204
ken,1972,42.6866299015
ken,1973,41.2782583676
ken,1974,39.9148936697
ken,1975,38.5973478105
ken,1976,37.3235411244
ken,1977,36.0987298145
ken,1978,34.9178780678
ken,1979,33.7789121728
ken,1980,33.6811044244
ken,1981,33.7499336644
ken,1982,33.8197336565
ken,1983,33.8974346884
ken,1984,33.9910433506
ken,1985,34.1018374011
ken,1986,34.2361233903
ken,1987,34.3945890265
ken,1988,34.5801566469
ken,1989,34.7908539085
ken,1990,34.7313328260
ken,1991,34.6486222116
ken,1992,34.5974588620
ken,1993,34.5714790637
ken,1994,34.5781946676
ken,1995,34.6147081117
ken,1996,34.6802885892
ken,1997,34.7686289423
ken,1998,34.8779285228
ken,1999,35.0019170016
ken,2000,34.8180592886
ken,2001,34.5875234894
ken,2002,34.3674319094
ken,2003,34.1515347695
ken,2004,33.9368591217
ken,2005,33.7188537908
ken,2006,33.4996480006
ken,2007,33.2802749984
ken,2008,33.0664997754
ken,2009,32.8609249565
ken,2010,32.6695502022
ken,2011,32.4839150033
ken,2012,32.3063330604
ken,2013,32.1386177687
ken,2014,31.9883459292
ken,2015,31.8569971582
ken,2016,31.7456938309
ken,2017,31.6524995675
ken,2018,31.5721355695
prk,1960,14.0640529901
prk,1961,13.8501417804
prk,1962,13.7876741836
prk,1963,13.7491116649
prk,1964,13.6941939067
prk,1965,13.5959287384
prk,1966,13.4554458535
prk,1967,13.2889461955
prk,1968,13.0586592598
prk,1969,12.8218199440
prk,1970,12.6342866603
prk,1971,12.9653686707
prk,1972,13.3178119466
prk,1973,13.6998610632
prk,1974,14.1275775379
prk,1975,14.6097251148
prk,1976,15.2780272204
prk,1977,16.0150515403
prk,1978,16.8146871453
prk,1979,17.6569151650
prk,1980,18.5281152582
prk,1981,18.8593947361
prk,1982,19.1823087299
prk,1983,19.5027033456
prk,1984,19.8317521799
prk,1985,20.1746618947
prk,1986,20.5378149135
prk,1987,20.9167988363
prk,1988,21.0578615571
prk,1989,21.1931691356
prk,1990,21.3199439529
prk,1991,21.4351596014
prk,1992,21.5440125106
prk,1993,21.6576790750
prk,1994,21.5759632900
prk,1995,21.3094755730
prk,1996,21.0815221292
prk,1997,20.8859904254
prk,1998,20.7130845363
prk,1999,20.5494006375
prk,2000,20.3863911074
prk,2001,20.2202493075
prk,2002,20.0548977107
prk,2003,19.8957798799
prk,2004,19.7496862047
prk,2005,19.6216576138
prk,2006,19.5120241110
prk,2007,19.4179569543
prk,2008,19.3342760240
prk,2009,19.3088984157
prk,2010,19.3006258125
prk,2011,19.2904549769
prk,2012,19.2787536091
prk,2013,19.2664101410
prk,2014,19.2553716463
prk,2015,19.2470180432
prk,2016,19.2362718514
prk,2017,19.2233886947
prk,2018,19.2086389435
kor,1960,34.0675254356
kor,1961,34.7512870001
kor,1962,35.2623811228
kor,1963,35.8245313125
kor,1964,36.4743485987
kor,1965,37.1745685475
kor,1966,37.9180674580
kor,1967,38.5009128692
kor,1968,39.0638881792
kor,1969,39.7148829771
kor,1970,40.4743210286
kor,1971,40.5112560231
kor,1972,40.3293367075
kor,1973,40.2222597331
kor,1974,40.1734888325
kor,1975,40.1709071861
kor,1976,39.7645146216
kor,1977,39.2678016336
kor,1978,38.8400271832
kor,1979,38.4659890841
kor,1980,38.1262779608
kor,1981,37.5081724715
kor,1982,36.7839905503
kor,1983,36.1397859834
kor,1984,35.6318557175
kor,1985,35.2571554241
kor,1986,34.7852174673
kor,1987,34.3074250872
kor,1988,33.8927944599
kor,1989,33.5313091448
kor,1990,33.2241421188
kor,1991,32.5121416109
kor,1992,31.5892679781
kor,1993,30.7134127258
kor,1994,29.8748377693
kor,1995,29.0697288473
kor,1996,28.4281606367
kor,1997,27.8663524590
kor,1998,27.3756885544
kor,1999,26.8972268769
kor,2000,26.3946415132
kor,2001,26.0102928329
kor,2002,25.7270831045
kor,2003,25.4645418455
kor,2004,25.2368387823
kor,2005,25.0599918649
kor,2006,24.8583067674
kor,2007,24.6887963725
kor,2008,24.4585408588
kor,2009,24.2898508731
kor,2010,24.1266107289
kor,2011,23.9768243105
kor,2012,23.9255454770
kor,2013,23.8910856105
kor,2014,23.8155452739
kor,2015,23.7645100165
kor,2016,23.7314072887
kor,2017,23.6997972989
kor,2018,23.6878905332
kwt,1960,88.6909134224
kwt,1961,87.1039254076
kwt,1962,85.2059657168
kwt,1963,83.3555881051
kwt,1964,81.8441608499
kwt,1965,80.9258734681
kwt,1966,81.1347474063
kwt,1967,81.8240730186
kwt,1968,83.1311806601
kwt,1969,85.1475413212
kwt,1970,86.6390780661
kwt,1971,83.5911631020
kwt,1972,81.1548957126
kwt,1973,79.0906841224
kwt,1974,77.1952024002
kwt,1975,75.3398287880
kwt,1976,73.5541652078
kwt,1977,71.9710554848
kwt,1978,70.6316508870
kwt,1979,69.5692317044
kwt,1980,68.6988435501
kwt,1981,67.7714290694
kwt,1982,67.2329921759
kwt,1983,66.8827175621
kwt,1984,66.5037113240
kwt,1985,66.0265997993
kwt,1986,65.2782414780
kwt,1987,64.4000564564
kwt,1988,64.0643211623
kwt,1989,65.0252379902
kwt,1990,67.8000596232
kwt,1991,69.5381792641
kwt,1995,69.5295256534
kwt,1996,70.8649061926
kwt,1997,69.6132609800
kwt,1998,67.1640461523
kwt,1999,65.1101933943
kwt,2000,64.2136108960
kwt,2001,64.0247898134
kwt,2002,65.1517994644
kwt,2003,66.6551938217
kwt,2004,67.7641182063
kwt,2005,68.1868718059
kwt,2006,68.6006743981
kwt,2007,68.4063100160
kwt,2008,67.8452143799
kwt,2009,67.1882228040
kwt,2010,66.6412534711
kwt,2011,66.2032284742
kwt,2012,65.8811539354
kwt,2013,65.8131941613
kwt,2014,66.1438191118
kwt,2015,66.9543754796
kwt,2016,68.2721684522
kwt,2017,70.0603313974
kwt,2018,72.2515528814
kgz,1960,31.7778520001
kgz,1961,32.2572938369
kgz,1962,32.8776827993
kgz,1963,33.5103069047
kgz,1964,34.1781707639
kgz,1965,34.9435371805
kgz,1966,35.7084061343
kgz,1967,36.5376439389
kgz,1968,37.4166013078
kgz,1969,38.4137324777
kgz,1970,39.0079498195
kgz,1971,38.9383956638
kgz,1972,38.8421529341
kgz,1973,38.7656919869
kgz,1974,38.6528118875
kgz,1975,38.5788348409
kgz,1976,38.5476257609
kgz,1977,38.5419544854
kgz,1978,38.5741854668
kgz,1979,38.5666254430
kgz,1980,38.5271378301
kgz,1981,38.4672730508
kgz,1982,38.3695608646
kgz,1983,38.2319145378
kgz,1984,38.1206082574
kgz,1985,38.0631688104
kgz,1986,37.9982381251
kgz,1987,37.9293368944
kgz,1988,37.9135639551
kgz,1989,37.9616381545
kgz,1990,38.2906615612
kgz,1991,38.7356549883
kgz,1992,39.3783663439
kgz,1993,40.4825859458
kgz,1994,41.6481209081
kgz,1995,42.4080330104
kgz,1996,42.9768181353
kgz,1997,43.5605111725
kgz,1998,44.1227366633
kgz,1999,44.4714896635
kgz,2000,44.3043728966
kgz,2001,44.2440280918
kgz,2002,44.1966019252
kgz,2003,44.0929204037
kgz,2004,43.9176021106
kgz,2005,43.7792897674
kgz,2006,43.6637431775
kgz,2007,43.6026271341
kgz,2008,43.5435974685
kgz,2009,43.5200511308
kgz,2010,43.8781950634
kgz,2011,44.1986518740
kgz,2012,44.2923254917
kgz,2013,44.2136327612
kgz,2014,44.0975147633
kgz,2015,43.9293825075
kgz,2016,43.7429726594
kgz,2017,43.5719197042
kgz,2018,43.3964063948
lao,1960,45.0420407412
lao,1961,47.8323815652
lao,1962,50.7964404894
lao,1963,53.9424873340
lao,1964,57.2799849919
lao,1965,60.7968613687
lao,1966,64.5476641353
lao,1967,63.6482177743
lao,1968,62.7453112022
lao,1969,61.8125140994
lao,1970,60.8306506777
lao,1971,59.7887869432
lao,1972,58.7195048980
lao,1973,57.5244781919
lao,1974,56.2553412046
lao,1975,55.2526283103
lao,1976,54.5202124478
lao,1977,53.9993833550
lao,1978,53.5564875855
lao,1979,53.0358398294
lao,1980,52.3300104151
lao,1981,51.4309976546
lao,1982,50.3774666078
lao,1983,49.2256416484
lao,1984,48.0303368188
lao,1985,46.9618544935
lao,1986,46.1557129923
lao,1987,45.3412635503
lao,1988,44.5395334109
lao,1989,43.7616321775
lao,1990,43.0197146247
lao,1991,42.3170137065
lao,1992,41.6605375447
lao,1993,41.0581639712
lao,1994,40.5273754383
lao,1995,39.9970554082
lao,1996,39.4008203358
lao,1997,38.8928356911
lao,1998,38.4643141561
lao,1999,38.0994239052
lao,2000,37.7883571654
lao,2001,37.5282696521
lao,2002,37.3158307566
lao,2003,37.1400819448
lao,2004,36.9827381405
lao,2005,36.5769599482
lao,2006,35.6677386881
lao,2007,34.7708853247
lao,2008,33.8938782519
lao,2009,33.0531195874
lao,2010,32.2551868291
lao,2011,31.5001716197
lao,2012,30.7813410442
lao,2013,30.0930908979
lao,2014,29.4240581384
lao,2015,28.7687203303
lao,2016,28.1249526416
lao,2017,27.4984422203
lao,2018,26.8934100922
lva,1960,53.2745978322
lva,1961,52.7401049002
lva,1962,52.3021370795
lva,1963,51.8798722003
lva,1964,51.4754048753
lva,1965,51.1943542582
lva,1966,51.1125249996
lva,1967,51.0311295918
lva,1968,50.8704714611
lva,1969,50.7876762554
lva,1970,50.7983207651
lva,1971,50.6815253509
lva,1972,50.4674982076
lva,1973,50.2486398133
lva,1974,50.0192926294
lva,1975,49.8542625584
lva,1976,49.7844670171
lva,1977,49.7413665970
lva,1978,49.7343541944
lva,1979,49.7857724161
lva,1980,49.8315359483
lva,1981,49.8864691736
lva,1982,49.9125487574
lva,1983,49.8770911258
lva,1984,49.8240868665
lva,1985,49.7596538608
lva,1986,49.6582707864
lva,1987,49.4947955493
lva,1988,49.3349205302
lva,1989,49.2638711960
lva,1990,49.0621570388
lva,1991,48.8012129347
lva,1992,48.7034061768
lva,1993,48.5926426609
lva,1994,48.5688754595
lva,1995,48.2879478553
lva,1996,48.0277529621
lva,1997,47.4737197831
lva,1998,47.3628250778
lva,1999,47.2985129266
lva,2000,47.2668040111
lva,2001,47.3150738584
lva,2002,47.2894225788
lva,2003,47.1368259958
lva,2004,46.9386201242
lva,2005,46.7381072963
lva,2006,46.5526469556
lva,2007,46.3443284934
lva,2008,46.2438175583
lva,2009,46.3916091909
lva,2010,46.7072428570
lva,2011,47.0448614497
lva,2012,47.3965460071
lva,2013,47.6707458909
lva,2014,47.8849141765
lva,2015,48.0401659423
lva,2016,48.2323840477
lva,2017,48.4033626157
lva,2018,48.5296134017
lbn,1960,73.3917248707
lbn,1961,72.1908032539
lbn,1962,71.1300975635
lbn,1963,70.2728944512
lbn,1964,69.6914064522
lbn,1965,68.7739443829
lbn,1966,68.2101760710
lbn,1967,67.9523958088
lbn,1968,67.8612232063
lbn,1969,67.7565681634
lbn,1970,67.5382520040
lbn,1971,69.5899695349
lbn,1972,73.1660941046
lbn,1973,77.0272998074
lbn,1974,81.5284337100
lbn,1975,86.9471969673
lbn,1976,85.8224018419
lbn,1977,85.2941792272
lbn,1978,85.1647932104
lbn,1979,85.1664622305
lbn,1980,85.0960197471
lbn,1981,84.8539400321
lbn,1982,84.4686167571
lbn,1983,81.1974889497
lbn,1984,78.1076771389
lbn,1985,75.2566982249
lbn,1986,72.6945063897
lbn,1987,70.3134959113
lbn,1988,67.8066624114
lbn,1989,61.7100320676
lbn,1990,55.4759666765
lbn,1991,49.2062509277
lbn,1992,47.1873894643
lbn,1993,45.1509274695
lbn,1994,43.4877048753
lbn,1995,42.3616633676
lbn,1996,41.8105635562
lbn,1997,41.6791808481
lbn,1998,42.9302144112
lbn,1999,44.1749314722
lbn,2000,44.9858069607
lbn,2001,45.2213723134
lbn,2002,46.5182073311
lbn,2003,45.1269160626
lbn,2004,44.1159667004
lbn,2005,43.6652247926
lbn,2006,44.0233414058
lbn,2007,44.8873606944
lbn,2008,45.8654323292
lbn,2009,46.3673402468
lbn,2010,46.0101310630
lbn,2011,44.7312785281
lbn,2012,42.9024501647
lbn,2013,41.0226509818
lbn,2014,39.5604838549
lbn,2015,38.7218297887
lbn,2016,38.4850829845
lbn,2017,38.7122238250
lbn,2018,39.3111653439
lbr,1960,36.0109966031
lbr,1961,39.9594302077
lbr,1962,43.2823392054
lbr,1963,43.5141346630
lbr,1964,43.7473834608
lbr,1965,43.9729426339
lbr,1966,44.1976479319
lbr,1967,44.4176957340
lbr,1968,44.6321072289
lbr,1969,44.8321111092
lbr,1970,45.0213968289
lbr,1971,45.1985965567
lbr,1972,45.3672729764
lbr,1973,45.5188172478
lbr,1974,45.8691912376
lbr,1975,46.5115609492
lbr,1976,47.1850937655
lbr,1977,47.8938119905
lbr,1978,48.6032794825
lbr,1979,49.2559824684
lbr,1980,49.8407875454
lbr,1981,50.3127949791
lbr,1982,50.7501173009
lbr,1983,51.3517881938
lbr,1984,53.0611783923
lbr,1985,56.5296627879
lbr,1986,61.0088391424
lbr,1987,66.5697844705
lbr,1988,73.3285723621
lbr,1989,81.3092252515
lbr,1990,90.5560307063
lbr,1991,100.0000000000
lbr,1992,85.8970610402
lbr,1993,72.5824634920
lbr,1994,60.4742632096
lbr,1995,49.3763075620
lbr,1996,90.0900425327
lbr,1997,79.9884646579
lbr,1998,70.6548171609
lbr,1999,62.9868746469
lbr,2000,66.1677023700
lbr,2001,70.7044819371
lbr,2002,76.5286323424
lbr,2003,83.3803797722
lbr,2004,90.7073147076
lbr,2005,81.1100727070
lbr,2006,71.9480053683
lbr,2007,63.4954633826
lbr,2008,57.7361173816
lbr,2009,57.1366332276
lbr,2010,56.7540984664
lbr,2011,56.5900153193
lbr,2012,56.5842485692
lbr,2013,56.6826490140
lbr,2014,56.8331038582
lbr,2015,56.9925922269
lbr,2016,57.1576507867
lbr,2017,57.3422671945
lbr,2018,57.5385757549
lby,1960,44.0249045486
lby,1961,43.3494866374
lby,1962,42.6639711294
lby,1963,41.9589354495
lby,1964,41.2278626798
lby,1965,40.3016100148
lby,1966,39.4805383160
lby,1967,38.7950451955
lby,1968,38.2519224752
lby,1969,37.8499626854
lby,1970,37.5986087206
lby,1971,37.4987190226
lby,1972,37.5573485087
lby,1973,37.7833833225
lby,1974,36.3700616795
lby,1975,34.9324492353
lby,1976,33.6257334699
lby,1977,32.4356745646
lby,1978,31.3389427647
lby,1979,30.3108263931
lby,1980,29.3398804955
lby,1981,28.4195009831
lby,1982,27.5581750223
lby,1983,26.7735531732
lby,1984,26.0841193843
lby,1985,25.8515215713
lby,1986,25.7221198096
lby,1987,25.6522380389
lby,1988,25.6306382669
lby,1989,25.6377559976
lby,1990,25.6666844269
lby,1991,25.7116471951
lby,1992,25.7769306910
lby,1993,25.8674566577
lby,1994,25.9958522206
lby,1995,26.1666564738
lby,1996,25.9443375518
lby,1997,25.6849663203
lby,1998,25.4455835375
lby,1999,25.2085193209
lby,2000,24.9624944902
lby,2001,24.7049489049
lby,2002,24.4415487099
lby,2003,24.1763778564
lby,2004,23.9161166187
lby,2005,23.6657111688
lby,2006,23.4208741178
lby,2007,23.1819207486
lby,2008,22.9622578971
lby,2009,22.7785935685
lby,2010,22.6392070120
lby,2011,22.5504201371
lby,2012,22.5016757621
lby,2013,22.4646832187
lby,2014,22.4011664387
lby,2015,22.2859280184
lby,2016,22.1107360046
lby,2017,21.8890455963
lby,2018,21.6414632241
ltu,1960,22.7734728424
ltu,1961,22.7212223538
ltu,1962,22.7257594007
ltu,1963,22.7770009918
ltu,1964,22.8362926248
ltu,1965,22.9081397022
ltu,1966,22.9909842718
ltu,1967,23.0889249901
ltu,1968,23.2153686172
ltu,1969,23.3987385799
ltu,1970,23.5670263575
ltu,1971,23.5291600357
ltu,1972,23.4431800150
ltu,1973,23.4019457067
ltu,1974,23.3867439142
ltu,1975,23.4005520730
ltu,1976,23.4354653369
ltu,1977,23.4906042505
ltu,1978,23.5747113770
ltu,1979,23.6457755863
ltu,1980,23.6592467542
ltu,1981,23.6492704459
ltu,1982,23.6153379370
ltu,1983,23.5636193098
ltu,1984,23.5127893871
ltu,1985,23.4607209474
ltu,1986,23.3900219776
ltu,1987,23.3076829414
ltu,1988,23.2262230711
ltu,1989,23.0890444380
ltu,1990,22.9086354742
ltu,1991,22.7749963817
ltu,1992,22.7048627038
ltu,1993,22.7185012819
ltu,1994,22.7817243384
ltu,1995,22.8627498678
ltu,1996,22.9417921149
ltu,1997,23.0159202791
ltu,1998,23.0874031306
ltu,1999,23.1556574847
ltu,2000,23.2225591769
ltu,2001,23.3294742140
ltu,2002,23.4699141609
ltu,2003,23.6134785239
ltu,2004,23.8318112041
ltu,2005,24.1452108365
ltu,2006,24.4248071611
ltu,2007,24.6068957591
ltu,2008,24.7507779638
ltu,2009,24.9448479677
ltu,2010,25.4196424642
ltu,2011,25.9739019512
ltu,2012,26.3551654490
ltu,2013,26.6543444049
ltu,2014,26.9161873372
ltu,2015,27.2026568751
ltu,2016,27.5775121985
ltu,2017,27.9873273548
ltu,2018,28.3938264595
mac,1960,100.0000000000
mac,1961,100.0000000000
mac,1962,100.0000000000
mac,1963,100.0000000000
mac,1964,100.0000000000
mac,1965,100.0000000000
mac,1966,100.0000000000
mac,1967,100.0000000000
mac,1968,100.0000000000
mac,1969,100.0000000000
mac,1970,100.0000000000
mac,1971,100.0000000000
mac,1972,99.9995872749
mac,1973,100.0000000000
mac,1974,99.9995811676
mac,1975,100.0000000000
mac,1976,100.0000000000
mac,1977,100.0000000000
mac,1978,100.0000000000
mac,1979,100.0000000000
mac,1980,100.0000000000
mac,1981,100.0000000000
mac,1982,100.0000000000
mac,1983,100.0000000000
mac,1984,100.0000000000
mac,1985,100.0000000000
mac,1986,100.0000000000
mac,1987,100.0000000000
mac,1988,100.0000000000
mac,1989,100.0000000000
mac,1990,100.0000000000
mac,1991,100.0000000000
mac,1992,100.0000000000
mac,1993,100.0000000000
mac,1994,100.0000000000
mac,1995,100.0000000000
mac,1996,100.0000000000
mac,1997,100.0000000000
mac,1998,100.0000000000
mac,1999,100.0000000000
mac,2000,100.0000000000
mac,2001,100.0000000000
mac,2002,100.0000000000
mac,2003,99.9960883596
mac,2004,99.9694654546
mac,2005,99.9380770330
mac,2006,99.9029969684
mac,2007,99.8636303272
mac,2008,99.8270705440
mac,2009,99.7935030395
mac,2010,99.7677525320
mac,2011,99.7471098266
mac,2012,99.7326426010
mac,2013,99.7348330019
mac,2014,99.7582208306
mac,2015,99.8101596951
mac,2016,99.8908353948
mac,2017,99.9971088285
mac,2018,100.0000000000
mdg,1960,46.4545077625
mdg,1961,45.4836863394
mdg,1962,44.5257427951
mdg,1963,43.5758513932
mdg,1964,42.6416121763
mdg,1965,41.7211004087
mdg,1966,40.8789000627
mdg,1967,40.4442776490
mdg,1968,40.0021769241
mdg,1969,39.5570741814
mdg,1970,39.1065495185
mdg,1971,38.4660442421
mdg,1972,38.0301147099
mdg,1973,37.5942766296
mdg,1974,37.1631000033
mdg,1975,36.7555203731
mdg,1976,36.5866092975
mdg,1977,36.4149577454
mdg,1978,36.2468791564
mdg,1979,36.0830556100
mdg,1980,35.9230522452
mdg,1981,35.7626363460
mdg,1982,35.6080562966
mdg,1983,35.4602812330
mdg,1984,35.3259719317
mdg,1985,35.2012327025
mdg,1986,35.0902508535
mdg,1987,34.9908046567
mdg,1988,34.8944420421
mdg,1989,34.7947580679
mdg,1990,34.6865037350
mdg,1991,34.5724632172
mdg,1992,34.4551369144
mdg,1993,34.3273616856
mdg,1994,33.9987568451
mdg,1995,33.6422798562
mdg,1996,33.2782832546
mdg,1997,32.9075686237
mdg,1998,32.5398488468
mdg,1999,32.1812752280
mdg,2000,31.8392278973
mdg,2001,31.5096299263
mdg,2002,31.0758228048
mdg,2003,30.6601208469
mdg,2004,30.2619084928
mdg,2005,29.5391880904
mdg,2006,29.5808906423
mdg,2007,29.6423601268
mdg,2008,29.7196375363
mdg,2009,29.8110894751
mdg,2010,29.9207109678
mdg,2011,30.0473279632
mdg,2012,30.1922339820
mdg,2013,30.3477407157
mdg,2014,30.5167892301
mdg,2015,30.6973287732
mdg,2016,30.8903893278
mdg,2017,31.0953152484
mdg,2018,31.3127141279
mwi,1960,31.2429593024
mwi,1961,33.8962297235
mwi,1962,36.7693460150
mwi,1963,39.8666724431
mwi,1964,43.2220465606
mwi,1965,46.8339583775
mwi,1966,50.7451183119
mwi,1967,50.6820520681
mwi,1968,50.1277638078
mwi,1969,49.5664007863
mwi,1970,49.0165776904
mwi,1971,48.4797947821
mwi,1972,47.9461359095
mwi,1973,47.4044173777
mwi,1974,46.8459868714
mwi,1975,46.2711597034
mwi,1976,45.6599112679
mwi,1977,45.0030731407
mwi,1978,44.4403862127
mwi,1979,43.9477971087
mwi,1980,43.5307116403
mwi,1981,43.2380606048
mwi,1982,43.0321226111
mwi,1983,42.7345499260
mwi,1984,42.1405180328
mwi,1985,41.1548260802
mwi,1986,39.7702259487
mwi,1987,38.1788504893
mwi,1988,36.3865192050
mwi,1989,34.9530120045
mwi,1990,34.0519334781
mwi,1991,33.6778550783
mwi,1992,33.7058656518
mwi,1993,33.9521232583
mwi,1994,34.1648143378
mwi,1995,34.1649657454
mwi,1996,33.8982405641
mwi,1997,33.4394124506
mwi,1998,32.8677838624
mwi,1999,32.6058752811
mwi,2000,32.4581264880
mwi,2001,32.3638690095
mwi,2002,32.2965250216
mwi,2003,32.2338541658
mwi,2004,32.1524276597
mwi,2005,32.0299614197
mwi,2006,31.8732227265
mwi,2007,31.6906619227
mwi,2008,31.8841447649
mwi,2009,32.1212221303
mwi,2010,32.3375679248
mwi,2011,32.5321916599
mwi,2012,32.7072283455
mwi,2013,32.8635634968
mwi,2014,33.0108618179
mwi,2015,33.1462798642
mwi,2016,33.2786484055
mwi,2017,33.4005777057
mwi,2018,33.5067181745
mys,1960,15.8349332196
mys,1961,15.3944509156
mys,1962,14.9611771047
mys,1963,14.5468082134
mys,1964,14.1628186640
mys,1965,13.8153104262
mys,1966,13.5031642200
mys,1967,13.2201257782
mys,1968,12.9605334801
mys,1969,12.7164927986
mys,1970,12.4833790484
mys,1971,12.8135216076
mys,1972,13.1996184414
mys,1973,13.5990715306
mys,1974,14.0115489208
mys,1975,14.4341490972
mys,1976,14.8654309744
mys,1977,15.3033048101
mys,1978,15.7572296468
mys,1979,16.2343769179
mys,1980,16.7453937218
mys,1981,17.3391163444
mys,1982,17.9685315711
mys,1983,18.6211001946
mys,1984,19.2832768239
mys,1985,19.9394285312
mys,1986,20.5891206594
mys,1987,21.2386868918
mys,1988,21.9053929375
mys,1989,22.6068738888
mys,1990,23.3650535305
mys,1991,24.1873209003
mys,1992,24.6540333592
mys,1993,25.1015197376
mys,1994,25.5780647322
mys,1995,26.0752454677
mys,1996,26.5923883395
mys,1997,27.1326497166
mys,1998,27.7131425171
mys,1999,28.3489718724
mys,2000,29.0534851745
mys,2001,28.9440143524
mys,2002,28.8689401501
mys,2003,28.8272454288
mys,2004,28.8069060455
mys,2005,28.7974653394
mys,2006,28.7976740468
mys,2007,28.8112943990
mys,2008,28.8497769056
mys,2009,28.9240382810
mys,2010,29.0455795320
mys,2011,29.2676362266
mys,2012,29.5399993108
mys,2013,29.8447610904
mys,2014,30.1670113172
mys,2015,30.4982610942
mys,2016,30.8351361516
mys,2017,31.1854621288
mys,2018,31.5516970601
mli,1960,22.3210898135
mli,1961,22.2907636154
mli,1962,22.3506353822
mli,1963,22.4104605587
mli,1964,22.4670248495
mli,1965,22.5178542433
mli,1966,22.6584582133
mli,1967,22.8930042076
mli,1968,23.1172169919
mli,1969,24.5257651136
mli,1970,26.0015859275
mli,1971,27.5386806099
mli,1972,29.1452654755
mli,1973,30.8223464080
mli,1974,32.5940350721
mli,1975,34.4727967551
mli,1976,36.4777257536
mli,1977,37.4303736863
mli,1978,37.4140774446
mli,1979,37.3786861179
mli,1980,37.3183094895
mli,1981,37.2179086990
mli,1982,37.0932462292
mli,1983,36.9779835837
mli,1984,36.9194340453
mli,1985,36.9377443847
mli,1986,37.0502012333
mli,1987,37.2471899693
mli,1988,37.5341430781
mli,1989,37.7587687002
mli,1990,37.8741648226
mli,1991,37.8617705107
mli,1992,37.7469351220
mli,1993,37.5668230526
mli,1994,37.3728559702
mli,1995,37.1986249485
mli,1996,37.0512529013
mli,1997,36.9139672718
mli,1998,36.8081035429
mli,1999,36.8157585818
mli,2000,36.7887424315
mli,2001,36.7257228540
mli,2002,36.6400974548
mli,2003,36.5343352036
mli,2004,36.4123229151
mli,2005,36.2769450881
mli,2006,36.1296933540
mli,2007,35.9788646909
mli,2008,35.8420790964
mli,2009,35.5590265716
mli,2010,34.8039553184
mli,2011,34.1196528979
mli,2012,33.4969338224
mli,2013,32.9153274981
mli,2014,32.3598346796
mli,2015,31.8184464396
mli,2016,31.2884911792
mli,2017,30.7738515681
mli,2018,30.2795009149
mrt,1960,8.9802755273
mrt,1961,8.6268606277
mrt,1962,9.1184025188
mrt,1963,10.6095789199
mrt,1964,12.3525600929
mrt,1965,13.9518285450
mrt,1966,15.3424260800
mrt,1967,16.8784901969
mrt,1968,18.5866913558
mrt,1969,20.4792436067
mrt,1970,22.5875210308
mrt,1971,24.9378947539
mrt,1972,27.5678005113
mrt,1973,30.4980366928
mrt,1974,33.7832073847
mrt,1975,37.4667051529
mrt,1976,41.6097329290
mrt,1977,44.0629205564
mrt,1978,44.4701233519
mrt,1979,44.9227293546
mrt,1980,45.4275544299
mrt,1981,45.9753341399
mrt,1982,46.5829485871
mrt,1983,47.2597262342
mrt,1984,48.0236576220
mrt,1985,48.8754286375
mrt,1986,49.8314890874
mrt,1987,50.8926550220
mrt,1988,51.8328987055
mrt,1989,52.0720133026
mrt,1990,52.3263488698
mrt,1991,52.5891298212
mrt,1992,52.8618470950
mrt,1993,53.1377719029
mrt,1994,53.4263765223
mrt,1995,53.7264514400
mrt,1996,54.0371354639
mrt,1997,54.3489642321
mrt,1998,54.6541494335
mrt,1999,54.9392982212
mrt,2000,55.1960969261
mrt,2001,55.0574524296
mrt,2002,54.7198970088
mrt,2003,54.3776151716
mrt,2004,54.0420127709
mrt,2005,53.7126291109
mrt,2006,53.4003409421
mrt,2007,53.1005239811
mrt,2008,52.8127728492
mrt,2009,52.5304245014
mrt,2010,52.2571743794
mrt,2011,51.9919185820
mrt,2012,51.7430595349
mrt,2013,51.5111138029
mrt,2014,51.3179604222
mrt,2015,51.1701008361
mrt,2016,51.0699547391
mrt,2017,51.0138902948
mrt,2018,51.0044855838
mex,1960,28.5815513455
mex,1961,28.5978750597
mex,1962,28.6250067739
mex,1963,28.6607098750
mex,1964,28.7053537048
mex,1965,28.7534067832
mex,1966,28.8103530257
mex,1967,28.8780456999
mex,1968,28.9586053066
mex,1969,29.0496525470
mex,1970,29.0567980401
mex,1971,28.9405731908
mex,1972,28.8428129526
mex,1973,28.7639798035
mex,1974,28.7131672799
mex,1975,28.6929833460
mex,1976,28.7055677583
mex,1977,28.7459141143
mex,1978,28.8142834404
mex,1979,28.9060121209
mex,1980,28.9810400230
mex,1981,28.5877230022
mex,1982,28.2183071491
mex,1983,27.8717846831
mex,1984,27.5507632843
mex,1985,27.2533860217
mex,1986,26.9806688764
mex,1987,26.7305463255
mex,1988,26.5015397622
mex,1989,26.2891936668
mex,1990,26.0916881848
mex,1991,25.9040953811
mex,1992,25.7313885600
mex,1993,25.5725692407
mex,1994,25.4299801815
mex,1995,25.3042150617
mex,1996,25.2211033151
mex,1997,25.1637901957
mex,1998,25.1190599113
mex,1999,25.0853880718
mex,2000,24.9756988984
mex,2001,24.7351314421
mex,2002,24.5061853036
mex,2003,24.2830003695
mex,2004,24.0589360861
mex,2005,23.8298402345
mex,2006,23.5949935472
mex,2007,23.3570791894
mex,2008,23.1206481042
mex,2009,22.8918548042
mex,2010,22.6811833947
mex,2011,22.5423792712
mex,2012,22.4145271889
mex,2013,22.2958589869
mex,2014,22.1868857755
mex,2015,22.0873677177
mex,2016,21.8248263098
mex,2017,21.5744877336
mex,2018,21.3355771015
mda,1960,37.4687660994
mda,1961,37.0505701246
mda,1962,36.6982191898
mda,1963,36.4201893121
mda,1964,36.2007773297
mda,1965,36.0452782700
mda,1966,35.9544196495
mda,1967,35.9244038506
mda,1968,35.9550561798
mda,1969,36.0051436835
mda,1970,36.0673052297
mda,1971,36.1247321363
mda,1972,36.1899129815
mda,1973,36.2830219322
mda,1974,36.4173723411
mda,1975,36.6259701064
mda,1976,36.8864312150
mda,1977,37.2184800269
mda,1978,37.5814550552
mda,1979,37.8141952001
mda,1980,37.8478837339
mda,1981,37.8596195960
mda,1982,37.8615178512
mda,1983,37.8661700325
mda,1984,37.8838967902
mda,1985,37.9346553098
mda,1986,38.0195480464
mda,1987,38.1275778395
mda,1988,38.2895640864
mda,1989,38.2174076644
mda,1990,37.8604937500
mda,1991,37.5777788062
mda,1992,37.3583342506
mda,1993,37.2113085100
mda,1994,37.1249883156
mda,1995,37.0778499427
mda,1996,36.9556801416
mda,1997,37.1463587485
mda,1998,37.2177301898
mda,1999,37.3348349858
mda,2000,37.4730876022
mda,2001,37.6208242377
mda,2002,37.7748419007
mda,2003,37.9516327611
mda,2004,38.1181357691
mda,2005,38.0318901629
mda,2006,37.7636770112
mda,2007,37.4800858224
mda,2008,37.1826750746
mda,2009,36.8651061373
mda,2010,36.5400778846
mda,2011,36.2027276769
mda,2012,35.8519599171
mda,2013,35.5104665078
mda,2014,35.1838054794
mda,2015,34.8408756804
mda,2016,34.4780131539
mda,2017,34.1047687713
mda,2018,33.7202809786
mng,1960,52.5242362466
mng,1961,53.1423599853
mng,1962,53.7739018763
mng,1963,53.9348211636
mng,1964,53.5752410834
mng,1965,53.2460847521
mng,1966,52.9602455164
mng,1967,52.7090620534
mng,1968,52.4797710864
mng,1969,52.1338252704
mng,1970,51.6570740242
mng,1971,51.1744916342
mng,1972,50.6989531162
mng,1973,50.2421624998
mng,1974,49.8268260138
mng,1975,49.4621072063
mng,1976,49.1498206434
mng,1977,48.8797951742
mng,1978,48.6454526832
mng,1979,48.3657015580
mng,1980,48.0281952623
mng,1981,47.7142778919
mng,1982,47.4309368928
mng,1983,47.1522957604
mng,1984,46.8523211555
mng,1985,46.5190588418
mng,1986,46.1425600929
mng,1987,45.7511696838
mng,1988,45.4215734676
mng,1989,45.4461616011
mng,1990,45.8938590316
mng,1991,46.5606318101
mng,1992,47.4216256709
mng,1993,48.4275376613
mng,1994,49.5117144565
mng,1995,50.6185124752
mng,1996,51.7317116947
mng,1997,52.8555403235
mng,1998,53.9911800685
mng,1999,55.1414726234
mng,2000,55.8598601025
mng,2001,56.5087209571
mng,2002,57.1644293102
mng,2003,57.8177485544
mng,2004,58.4648644138
mng,2005,59.0948042990
mng,2006,59.7135263374
mng,2007,60.3168138993
mng,2008,60.8951782274
mng,2009,61.4287728491
mng,2010,61.9147741371
mng,2011,62.7344288172
mng,2012,63.7279140819
mng,2013,64.6927712501
mng,2014,65.6749328615
mng,2015,66.6970699006
mng,2016,67.7732415701
mng,2017,68.8968667334
mng,2018,70.0685162885
mar,1960,26.7123331198
mar,1961,26.6340026479
mar,1962,26.5806901675
mar,1963,26.5546520863
mar,1964,26.5619573240
mar,1965,26.6037276013
mar,1966,26.6807405551
mar,1967,26.7899069742
mar,1968,26.9296797326
mar,1969,27.0910945739
mar,1970,27.2750156716
mar,1971,27.4794620570
mar,1972,27.3002825766
mar,1973,27.1071359759
mar,1974,26.9127855788
mar,1975,26.7093983666
mar,1976,26.4969740742
mar,1977,26.2770199457
mar,1978,26.0531307021
mar,1979,25.8265154935
mar,1980,25.6019506951
mar,1981,25.3769409944
mar,1982,25.1567851012
mar,1983,24.7310456964
mar,1984,24.2896846579
mar,1985,23.8855545220
mar,1986,23.5203397837
mar,1987,23.1897968873
mar,1988,22.8878850426
mar,1989,22.6066336708
mar,1990,22.3415914877
mar,1991,22.0905231039
mar,1992,21.8559453316
mar,1993,21.6406398554
mar,1994,21.4499635831
mar,1995,21.2369215475
mar,1996,21.0372730061
mar,1997,20.8583037648
mar,1998,20.6969007806
mar,1999,20.5482420025
mar,2000,20.4100198807
mar,2001,20.2798876580
mar,2002,20.1567866546
mar,2003,20.0382403126
mar,2004,19.9210593384
mar,2005,19.6814828009
mar,2006,19.4191032006
mar,2007,19.1589718005
mar,2008,18.8991768687
mar,2009,18.6367521976
mar,2010,18.3702178957
mar,2011,18.0997739213
mar,2012,17.8273689068
mar,2013,17.5573269614
mar,2014,17.2956278426
mar,2015,17.0460879973
mar,2016,16.8092877744
mar,2017,16.5843799981
mar,2018,16.3704746015
moz,1960,36.7251857811
moz,1961,37.5791010871
moz,1962,38.4268510365
moz,1963,39.2842150923
moz,1964,40.1543585751
moz,1965,41.0369341111
moz,1966,41.9451917446
moz,1967,42.8690896750
moz,1968,43.8207221406
moz,1969,44.7891518255
moz,1970,45.7829929088
moz,1971,45.6303905169
moz,1972,44.5304341544
moz,1973,43.4478750977
moz,1974,42.3495373946
moz,1975,41.2328473278
moz,1976,40.0994869700
moz,1977,38.9729937268
moz,1978,37.8847935986
moz,1979,36.8739917124
moz,1980,35.9558675058
moz,1981,34.0274375892
moz,1982,32.1639185045
moz,1983,30.5100054162
moz,1984,29.0986481243
moz,1985,27.9336713973
moz,1986,27.0182826459
moz,1987,26.2960556893
moz,1988,25.6299196718
moz,1989,24.8611350641
moz,1990,23.8936030698
moz,1991,23.6354681717
moz,1992,23.1670634457
moz,1993,22.5985031862
moz,1994,22.0640170608
moz,1995,21.6355200888
moz,1996,21.3210738808
moz,1997,21.0840883483
moz,1998,20.6632365372
moz,1999,20.2271136324
moz,2000,19.7715984095
moz,2001,19.2945519082
moz,2002,18.8116490395
moz,2003,18.3334270062
moz,2004,17.8718017129
moz,2005,17.4334044733
moz,2006,17.0169931185
moz,2007,16.6191755943
moz,2008,15.9460537657
moz,2009,15.2789804885
moz,2010,14.6397377872
moz,2011,14.0282276552
moz,2012,13.4433901904
moz,2013,13.2404282931
moz,2014,13.8420181588
moz,2015,14.4673838040
moz,2016,15.1189530412
moz,2017,15.7937997569
moz,2018,15.4064147108
mmr,1960,38.0937100995
mmr,1961,37.3733929202
mmr,1962,36.6698273220
mmr,1963,35.9753066771
mmr,1964,35.2850347355
mmr,1965,34.5948936890
mmr,1966,33.9065650114
mmr,1967,33.2244334076
mmr,1968,32.5523226918
mmr,1969,31.8942343166
mmr,1970,31.2547465853
mmr,1971,30.6352588826
mmr,1972,30.0332860981
mmr,1973,29.5691148079
mmr,1974,29.4701779408
mmr,1975,29.3761554687
mmr,1976,29.2858819333
mmr,1977,29.2030757542
mmr,1978,29.1259459951
mmr,1979,29.0539775829
mmr,1980,28.9869396357
mmr,1981,28.9268727971
mmr,1982,28.8741041816
mmr,1983,28.7914241284
mmr,1984,28.5917285050
mmr,1985,28.4164937484
mmr,1986,28.2631308235
mmr,1987,28.1316744827
mmr,1988,28.0291118271
mmr,1989,27.9580247148
mmr,1990,27.9234700664
mmr,1991,27.9276272229
mmr,1992,27.9674559106
mmr,1993,28.0252073659
mmr,1994,28.0844248145
mmr,1995,28.1317756885
mmr,1996,28.1635960324
mmr,1997,28.1842035700
mmr,1998,28.2038545158
mmr,1999,28.2391335668
mmr,2000,28.2976420321
mmr,2001,28.3786355230
mmr,2002,28.4821287940
mmr,2003,28.6071088027
mmr,2004,28.7545874899
mmr,2005,28.9213691741
mmr,2006,29.1132813449
mmr,2007,29.3263255155
mmr,2008,29.5505029950
mmr,2009,29.7696989384
mmr,2010,29.9741872734
mmr,2011,30.1595336852
mmr,2012,30.3292681541
mmr,2013,30.4923944833
mmr,2014,30.6647672941
mmr,2015,30.8426361292
mmr,2016,31.0290332213
mmr,2017,31.2191590288
mmr,2018,31.4029539398
nam,1960,31.3944068752
nam,1961,31.6904543889
nam,1962,31.9833835889
nam,1963,32.2667789087
nam,1964,32.5479688093
nam,1965,32.8241669453
nam,1966,33.1067341813
nam,1967,33.3906009294
nam,1968,33.6662394506
nam,1969,33.9036934223
nam,1970,34.0662898535
nam,1971,33.9725407442
nam,1972,33.8436488653
nam,1973,33.7200596995
nam,1974,33.6548936348
nam,1975,33.6754492781
nam,1976,33.7873310956
nam,1977,33.9628528048
nam,1978,34.1840699271
nam,1979,34.4159159920
nam,1980,34.6328216347
nam,1981,34.8381635550
nam,1982,35.1657786509
nam,1983,35.4664771349
nam,1984,35.6648632976
nam,1985,35.7307916329
nam,1986,35.6609438289
nam,1987,35.4926384696
nam,1988,35.2975885211
nam,1989,35.1580339060
nam,1990,35.1293516771
nam,1991,35.2201517250
nam,1992,35.4178831905
nam,1993,35.7006606028
nam,1994,36.0451635991
nam,1995,36.4328322842
nam,1996,36.8600154679
nam,1997,37.3284242545
nam,1998,37.8480637070
nam,1999,38.4251175226
nam,2000,39.0623386281
nam,2001,39.4484892125
nam,2002,39.0668362165
nam,2003,38.6449113263
nam,2004,38.2299945915
nam,2005,37.8045053483
nam,2006,37.3630316207
nam,2007,36.9117620475
nam,2008,36.4625650241
nam,2009,36.0326656212
nam,2010,35.6303250997
nam,2011,35.2597403304
nam,2012,34.8932757853
nam,2013,34.5457819393
nam,2014,34.2082428668
nam,2015,33.8772577808
nam,2016,33.5632305869
nam,2017,33.2713887256
nam,2018,33.0048468828
npl,1960,33.8902222627
npl,1961,33.0249506333
npl,1962,32.8371080948
npl,1963,32.6453907849
npl,1964,32.4359798026
npl,1965,32.2108092026
npl,1966,31.9625783170
npl,1967,31.7004120219
npl,1968,31.4195362851
npl,1969,31.1288897339
npl,1970,30.8259642600
npl,1971,30.5055969204
npl,1972,29.8084204150
npl,1973,29.1220424183
npl,1974,28.4418461355
npl,1975,27.7756693880
npl,1976,27.1168962845
npl,1977,26.4694612614
npl,1978,25.8405346889
npl,1979,25.2208854161
npl,1980,24.6152349153
npl,1981,24.0349453723
npl,1982,23.9881651915
npl,1983,23.9444381104
npl,1984,23.9081578474
npl,1985,23.8802398095
npl,1986,23.8683769525
npl,1987,23.8650567918
npl,1988,23.8592839581
npl,1989,23.8313052641
npl,1990,23.7753234828
npl,1991,23.6744740868
npl,1992,23.1315002957
npl,1993,22.5992572212
npl,1994,22.0999199161
npl,1995,21.6478771990
npl,1996,21.2441095940
npl,1997,20.8801496025
npl,1998,20.5569852553
npl,1999,20.2690596015
npl,2000,20.0158321826
npl,2001,19.8048350100
npl,2002,19.8818834461
npl,2003,19.9840274561
npl,2004,20.1067466140
npl,2005,20.2438235154
npl,2006,20.3903700645
npl,2007,20.5466159553
npl,2008,20.7349745684
npl,2009,20.9794162117
npl,2010,21.3000557447
npl,2011,21.7082565162
npl,2012,22.1857683435
npl,2013,22.6912526001
npl,2014,23.1523662994
npl,2015,23.5181907528
npl,2016,23.7663791589
npl,2017,23.9136567502
npl,2018,23.9827030022
nld,1960,13.6586157600
nld,1961,13.5114819080
nld,1962,13.3703609020
nld,1963,13.2411130646
nld,1964,13.1147574461
nld,1965,12.9480351819
nld,1966,12.7553030885
nld,1967,12.5874052309
nld,1968,12.4336067768
nld,1969,12.2672864572
nld,1970,12.0334017169
nld,1971,11.7375468977
nld,1972,11.4699716082
nld,1973,11.4627060479
nld,1974,11.4611343958
nld,1975,11.3316000371
nld,1976,11.1002010236
nld,1977,10.8950809623
nld,1978,10.6918516179
nld,1979,10.4847914872
nld,1980,10.2671480255
nld,1981,10.0528790787
nld,1982,9.8584571924
nld,1983,9.7366074078
nld,1984,9.6745010868
nld,1985,9.6108752060
nld,1986,9.5439935643
nld,1987,9.4706430971
nld,1988,9.3975759127
nld,1989,9.3299911943
nld,1990,9.2652221988
nld,1991,9.1679635979
nld,1992,9.0433195780
nld,1993,8.9290464604
nld,1994,8.8563314344
nld,1995,8.7763207975
nld,1996,8.6664121051
nld,1997,8.5563923450
nld,1998,8.4420087693
nld,1999,8.3278884232
nld,2000,8.2145802477
nld,2001,8.0730068729
nld,2002,7.9196599974
nld,2003,7.7895558077
nld,2004,7.6781227507
nld,2005,7.5989830856
nld,2006,7.5529954338
nld,2007,7.5132418249
nld,2008,7.4652978153
nld,2009,7.4070189581
nld,2010,7.3535172162
nld,2011,7.3128863446
nld,2012,7.2830512880
nld,2013,7.2680535189
nld,2014,7.2565423788
nld,2015,7.2408434645
nld,2016,7.2206369439
nld,2017,7.1979988041
nld,2018,7.1786528562
nzl,1960,24.4193548924
nzl,1961,24.4146515992
nzl,1962,24.5952735028
nzl,1963,24.9203239077
nzl,1964,25.2284167190
nzl,1965,25.6571393022
nzl,1966,26.0284195524
nzl,1967,26.3210907446
nzl,1968,26.8639295188
nzl,1969,27.4136305922
nzl,1970,27.8499381044
nzl,1971,28.2020423770
nzl,1972,28.3353718230
nzl,1973,28.4160643568
nzl,1974,28.4630714667
nzl,1975,28.5522167864
nzl,1976,28.8366002139
nzl,1977,28.9879557091
nzl,1978,29.2217015995
nzl,1979,29.5831808630
nzl,1980,29.7947655591
nzl,1981,29.9354507431
nzl,1982,29.9097264490
nzl,1983,29.7752096858
nzl,1984,29.7882375957
nzl,1985,29.8746460180
nzl,1986,30.1788767350
nzl,1987,30.2673085416
nzl,1988,30.5364283504
nzl,1989,30.7455249636
nzl,1990,30.8207456466
nzl,1991,29.8769621773
nzl,1992,30.4438440063
nzl,1993,30.9891204662
nzl,1994,31.4864189544
nzl,1995,31.9489522399
nzl,1996,32.3809907939
nzl,1997,32.4882531553
nzl,1998,32.7359256954
nzl,1999,33.1050513013
nzl,2000,33.4583923974
nzl,2001,33.8143210447
nzl,2002,34.0101179665
nzl,2003,34.1266805902
nzl,2004,34.4121022952
nzl,2005,34.8218715915
nzl,2006,35.2052029405
nzl,2007,35.3224678207
nzl,2008,35.4703967372
nzl,2009,35.5640426104
nzl,2010,35.6186357279
nzl,2011,35.7989299067
nzl,2012,36.3057695462
nzl,2013,36.7371945286
nzl,2014,36.9000214340
nzl,2015,36.9234619288
nzl,2016,36.8707929247
nzl,2017,36.8065476923
nzl,2018,36.8245859444
nic,1960,28.2969185919
nic,1961,28.7633454387
nic,1962,29.2545373399
nic,1963,29.7304815595
nic,1964,30.0619304536
nic,1965,30.4061955548
nic,1966,30.7681458234
nic,1967,31.1467802506
nic,1968,31.5418692894
nic,1969,31.9439481839
nic,1970,32.3573511883
nic,1971,32.6783384456
nic,1972,32.5878118830
nic,1973,32.4928483121
nic,1974,32.3974872124
nic,1975,32.3025842679
nic,1976,32.2099377660
nic,1977,32.1195419176
nic,1978,32.0426119030
nic,1979,31.9833480023
nic,1980,31.9488277076
nic,1981,31.9347136897
nic,1982,31.9444246810
nic,1983,31.9834411561
nic,1984,32.0587619640
nic,1985,32.1701897923
nic,1986,32.3249671677
nic,1987,32.5182831804
nic,1988,32.7367716761
nic,1989,32.9571796172
nic,1990,33.1725243223
nic,1991,33.3778542388
nic,1992,33.5810240408
nic,1993,33.7925954378
nic,1994,34.0360277645
nic,1995,34.1555610837
nic,1996,33.5868345256
nic,1997,33.0618119013
nic,1998,32.5769184249
nic,1999,32.1246480993
nic,2000,31.7012297435
nic,2001,31.3034474717
nic,2002,30.9308841628
nic,2003,30.5758442804
nic,2004,30.2308842812
nic,2005,29.9205392536
nic,2006,29.9969466734
nic,2007,30.0734319413
nic,2008,30.1506220041
nic,2009,30.2291249862
nic,2010,29.9233788945
nic,2011,29.6243136759
nic,2012,29.3315553098
nic,2013,29.0445164869
nic,2014,28.7647660775
nic,2015,28.4918309883
nic,2016,28.2257839889
nic,2017,27.9597572151
nic,2018,27.6953697762
ner,1960,29.3147098227
ner,1961,30.5048794964
ner,1962,31.7375310041
ner,1963,31.8170808716
ner,1964,31.9012425237
ner,1965,31.9925556823
ner,1966,32.0978372992
ner,1967,32.1960109997
ner,1968,32.3103118900
ner,1969,32.4337921267
ner,1970,32.5737522248
ner,1971,32.7304482916
ner,1972,32.9032451910
ner,1973,33.0819753331
ner,1974,33.2685782229
ner,1975,33.4588256754
ner,1976,33.6487710714
ner,1977,33.8401574610
ner,1978,33.9598347318
ner,1979,34.0302624556
ner,1980,34.1105847458
ner,1981,34.1903920087
ner,1982,34.2760055006
ner,1983,34.3599098149
ner,1984,34.4466073531
ner,1985,34.5304776939
ner,1986,34.6157469212
ner,1987,34.6966950242
ner,1988,34.8029382226
ner,1989,35.1770711260
ner,1990,35.5278806220
ner,1991,35.8439142634
ner,1992,36.1374662303
ner,1993,36.4020877874
ner,1994,36.6541776727
ner,1995,36.8940405624
ner,1996,37.1273684906
ner,1997,37.3460329203
ner,1998,37.5551667314
ner,1999,37.7547164987
ner,2000,37.9471748397
ner,2001,38.0760237223
ner,2002,37.8396069205
ner,2003,37.5934113837
ner,2004,37.3426310439
ner,2005,37.0857332913
ner,2006,36.8246499975
ner,2007,36.5600991264
ner,2008,36.2932361509
ner,2009,36.0118542817
ner,2010,35.7218468009
ner,2011,35.4249404575
ner,2012,35.1219914619
ner,2013,34.8157323526
ner,2014,34.4842161393
ner,2015,34.1263574455
ner,2016,33.7498693342
ner,2017,33.3473008524
ner,2018,32.9272209674
nga,1960,10.9608392147
nga,1961,11.6688424865
nga,1962,12.4193398515
nga,1963,13.2129071634
nga,1964,13.5739830347
nga,1965,13.6854753328
nga,1966,13.7965427117
nga,1967,13.9068739963
nga,1968,14.0153257825
nga,1969,14.1186494890
nga,1970,14.2171294359
nga,1971,14.2003899048
nga,1972,14.4355945977
nga,1973,14.6635490590
nga,1974,14.8781265512
nga,1975,15.0756782612
nga,1976,15.2537046842
nga,1977,15.4149862738
nga,1978,15.5748890766
nga,1979,15.7483956225
nga,1980,15.9456361881
nga,1981,15.9943486321
nga,1982,16.0659230839
nga,1983,16.1535792022
nga,1984,16.2478661447
nga,1985,16.3410284707
nga,1986,16.4340717629
nga,1987,16.5285670916
nga,1988,16.6294132100
nga,1989,16.7375528283
nga,1990,16.8586423007
nga,1991,17.1924918359
nga,1992,17.3082105255
nga,1993,17.2709632347
nga,1994,17.2387859182
nga,1995,17.2090353217
nga,1996,17.1816673033
nga,1997,17.1558093658
nga,1998,17.1326770910
nga,1999,17.1103683384
nga,2000,17.0893776744
nga,2001,16.9290663795
nga,2002,16.7739740186
nga,2003,16.6224610739
nga,2004,16.4745582170
nga,2005,16.3276447842
nga,2006,16.1500750447
nga,2007,15.8899390076
nga,2008,15.6364868941
nga,2009,15.3895397142
nga,2010,15.1503304183
nga,2011,14.9221769019
nga,2012,14.7054712493
nga,2013,14.4992238017
nga,2014,14.3057411802
nga,2015,14.1244643607
nga,2016,13.9558542828
nga,2017,13.7986832321
nga,2018,13.6530372484
mkd,1960,37.6471285135
mkd,1961,37.6052212731
mkd,1962,37.5365136817
mkd,1963,37.4793293641
mkd,1964,37.4225358779
mkd,1965,37.3617002736
mkd,1966,37.2875750597
mkd,1967,37.2104427853
mkd,1968,37.1648495909
mkd,1969,37.1915240025
mkd,1970,37.3231621890
mkd,1971,37.5432082731
mkd,1972,37.7608846856
mkd,1973,38.0161440724
mkd,1974,38.2519885424
mkd,1975,38.4289136224
mkd,1976,38.5334786911
mkd,1977,38.5864877114
mkd,1978,38.6296742376
mkd,1979,38.7185502952
mkd,1980,38.8913241885
mkd,1981,39.0161001448
mkd,1982,38.8032199534
mkd,1983,38.6558377969
mkd,1984,38.5544696705
mkd,1985,38.4846439267
mkd,1986,38.4389790801
mkd,1987,38.4216479395
mkd,1988,38.4359954388
mkd,1989,38.4885097201
mkd,1990,38.5834778086
mkd,1991,38.5878793465
mkd,1992,38.2243611246
mkd,1993,37.8695116249
mkd,1994,37.5023524418
mkd,1995,37.8305239643
mkd,1996,38.0732411153
mkd,1997,38.2424978998
mkd,1998,38.3696516126
mkd,1999,38.5021770145
mkd,2000,38.6742390540
mkd,2001,38.8936996444
mkd,2002,39.1528594290
mkd,2003,39.6607433378
mkd,2004,40.3060119969
mkd,2005,40.9467180060
mkd,2006,41.5845782449
mkd,2007,42.2220831861
mkd,2008,42.8565143750
mkd,2009,43.4785699115
mkd,2010,44.0879234286
mkd,2011,44.6807197961
mkd,2012,45.2575719599
mkd,2013,45.8170847364
mkd,2014,46.3603344891
mkd,2015,46.8899665829
mkd,2016,47.4035662194
mkd,2017,47.9019987341
mkd,2018,48.3878261806
nor,1960,32.3335132610
nor,1961,31.7899796081
nor,1962,30.8663000346
nor,1963,30.0165293573
nor,1964,29.2214242479
nor,1965,28.4737511740
nor,1966,27.7679598558
nor,1967,27.0982979863
nor,1968,26.4712001570
nor,1969,25.8926733373
nor,1970,25.3743597594
nor,1971,24.9614794372
nor,1972,24.5781251131
nor,1973,24.2192726597
nor,1974,23.8872422807
nor,1975,23.5781438532
nor,1976,23.2948762189
nor,1977,23.0285027685
nor,1978,22.7765030334
nor,1979,22.5391818885
nor,1980,22.3105883316
nor,1981,22.2493983576
nor,1982,22.2691282930
nor,1983,22.2970397619
nor,1984,22.3361867060
nor,1985,22.3715106146
nor,1986,22.3943438675
nor,1987,22.3923501819
nor,1988,22.3752808415
nor,1989,22.3858716023
nor,1990,22.4124621477
nor,1991,22.4544531504
nor,1992,22.4993442413
nor,1993,22.5413790827
nor,1994,22.5916470667
nor,1995,22.6718329270
nor,1996,22.7741027858
nor,1997,22.8255737575
nor,1998,22.8243614492
nor,1999,22.7534778664
nor,2000,22.6655981357
nor,2001,22.6381742433
nor,2002,22.6394824519
nor,2003,22.6669637399
nor,2004,22.7048427559
nor,2005,22.7915862953
nor,2006,22.9106649660
nor,2007,23.0034045762
nor,2008,23.0750001469
nor,2009,23.1433406205
nor,2010,23.2169858741
nor,2011,23.2070021517
nor,2012,23.1214895217
nor,2013,23.0620372682
nor,2014,23.0242670375
nor,2015,23.0196223737
nor,2016,23.0437000686
nor,2017,23.0875081534
nor,2018,23.1580886012
omn,1960,15.2423053545
omn,1961,15.5639973662
omn,1962,15.8938552673
omn,1963,16.2345290182
omn,1964,16.5896495199
omn,1965,16.9573469899
omn,1966,17.3407136659
omn,1967,17.7338771964
omn,1968,18.1337969679
omn,1969,18.5328361848
omn,1970,18.9298188423
omn,1971,19.3265907054
omn,1972,19.7222124520
omn,1973,20.0940759327
omn,1974,20.4250268210
omn,1975,20.7045099197
omn,1976,20.9419501476
omn,1977,21.1505360330
omn,1978,21.3550366947
omn,1979,21.5732415332
omn,1980,21.8255334262
omn,1981,22.1073271551
omn,1982,22.4356034779
omn,1983,22.8446410010
omn,1984,23.3767729913
omn,1985,24.0510147530
omn,1986,24.9055394061
omn,1987,25.9344648238
omn,1988,27.0892120686
omn,1989,28.2838052952
omn,1990,29.4827089638
omn,1991,30.6475042040
omn,1992,31.8347521464
omn,1993,33.1804231489
omn,1994,33.4731024524
omn,1995,33.1237897863
omn,1996,33.1446328953
omn,1997,33.4552294099
omn,1998,33.9355934158
omn,1999,34.4085815013
omn,2000,34.7347098202
omn,2001,34.8509337877
omn,2002,34.7797528413
omn,2003,34.5528953194
omn,2004,34.3566702969
omn,2005,34.1924685916
omn,2006,34.0089384431
omn,2007,33.7683987902
omn,2008,33.3514728058
omn,2009,32.6208286257
omn,2010,31.5520050114
omn,2011,31.2749314436
omn,2012,31.7252141466
omn,2013,32.1991424876
omn,2014,32.9168174473
omn,2015,34.0038335146
omn,2016,35.4968235807
omn,2017,35.3308856062
omn,2018,35.4306863653
pak,1960,18.6370584154
pak,1961,18.8478821990
pak,1962,19.1635725000
pak,1963,19.4752367173
pak,1964,19.7844195678
pak,1965,20.0899816854
pak,1966,20.3943993603
pak,1967,20.6980570666
pak,1968,21.0031073923
pak,1969,21.3067293726
pak,1970,21.6140976075
pak,1971,21.9243093056
pak,1972,22.2371808568
pak,1973,22.4150956069
pak,1974,22.5478462486
pak,1975,22.6655566057
pak,1976,22.7689930684
pak,1977,22.8573040788
pak,1978,22.9330193655
pak,1979,22.9944922986
pak,1980,23.0423004216
pak,1981,23.0050389757
pak,1982,22.8214666396
pak,1983,22.6376956538
pak,1984,22.4625560640
pak,1985,22.2993901860
pak,1986,22.1516178678
pak,1987,22.0173742971
pak,1988,21.8991328380
pak,1989,21.7973391340
pak,1990,21.7140762707
pak,1991,21.6510673079
pak,1992,21.6068989065
pak,1993,21.5699062714
pak,1994,21.5325470385
pak,1995,21.4879110819
pak,1996,21.4340334886
pak,1997,21.3743409575
pak,1998,21.2712802598
pak,1999,21.0861120763
pak,2000,20.9281448343
pak,2001,20.7974814576
pak,2002,20.6894493936
pak,2003,20.5981763223
pak,2004,20.5155061322
pak,2005,20.4344369664
pak,2006,20.3551556867
pak,2007,20.2786443192
pak,2008,20.2075815655
pak,2009,20.1420617523
pak,2010,20.0848428880
pak,2011,20.0355131051
pak,2012,19.9935638199
pak,2013,19.9561714228
pak,2014,19.9218999707
pak,2015,19.8887174069
pak,2016,19.8570375473
pak,2017,19.8265469457
pak,2018,19.7918930573
pan,1960,60.5317214079
pan,1961,60.8163825153
pan,1962,60.9815859671
pan,1963,61.1565809663
pan,1964,61.3489994256
pan,1965,61.5579911115
pan,1966,61.7974085386
pan,1967,62.0619869977
pan,1968,62.3570373465
pan,1969,62.6673309268
pan,1970,62.9109116356
pan,1971,62.6261817123
pan,1972,62.3605379499
pan,1973,62.1141889624
pan,1974,61.9046354482
pan,1975,61.7355374798
pan,1976,61.6064000652
pan,1977,61.5120810258
pan,1978,61.4523178272
pan,1979,61.4252990793
pan,1980,61.4430405365
pan,1981,61.5648599003
pan,1982,61.7161952748
pan,1983,61.8954867836
pan,1984,62.1010426589
pan,1985,62.3264065927
pan,1986,62.5754900660
pan,1987,62.8464353409
pan,1988,63.1379765515
pan,1989,63.4421163236
pan,1990,63.7157025786
pan,1991,63.6845099538
pan,1992,63.6851797814
pan,1993,63.7077348379
pan,1994,63.7549454658
pan,1995,63.8242292215
pan,1996,63.9151053513
pan,1997,64.0250990134
pan,1998,64.1639601426
pan,1999,64.3368221576
pan,2000,64.4992606654
pan,2001,64.3113680042
pan,2002,64.1485389894
pan,2003,64.0041094131
pan,2004,63.8777193202
pan,2005,63.7613880756
pan,2006,63.6597334749
pan,2007,63.5720811963
pan,2008,63.4988222783
pan,2009,63.4356917692
pan,2010,63.3894066450
pan,2011,63.3503352628
pan,2012,63.3188185147
pan,2013,63.2892065669
pan,2014,63.2541394686
pan,2015,63.2123353969
pan,2016,63.1622671967
pan,2017,63.1084978056
pan,2018,63.0627636249
png,1960,34.6336471064
png,1961,33.4865958414
png,1962,32.3615274979
png,1963,31.2671881139
png,1964,30.1893979302
png,1965,29.1409531235
png,1966,28.1182451365
png,1967,27.2325142428
png,1968,26.3936060977
png,1969,25.6019561982
png,1970,24.8687806041
png,1971,24.1891082805
png,1972,24.4230477635
png,1973,24.6637032041
png,1974,24.9018520634
png,1975,25.1340781377
png,1976,25.3614684247
png,1977,25.5847151350
png,1978,25.8014612296
png,1979,26.0130375874
png,1980,26.2208247932
png,1981,26.3874992280
png,1982,26.5425901919
png,1983,26.7005854210
png,1984,26.8716752897
png,1985,27.0563645816
png,1986,27.2587892762
png,1987,27.4779018941
png,1988,27.7144419671
png,1989,27.9597797276
png,1990,28.2212515839
png,1991,28.6543919262
png,1992,29.1109414974
png,1993,29.5736407000
png,1994,30.0409016354
png,1995,30.5042511535
png,1996,30.9618888531
png,1997,31.4105608451
png,1998,31.8706340171
png,1999,32.3635088949
png,2000,32.8982081685
png,2001,32.9206324215
png,2002,32.9612292638
png,2003,33.0114591291
png,2004,33.0468444664
png,2005,33.0420933573
png,2006,32.9974889243
png,2007,32.9235560519
png,2008,32.8407684715
png,2009,32.7712074755
png,2010,32.7337392501
png,2011,32.7334344946
png,2012,32.7592698583
png,2013,32.7700697286
png,2014,32.7547835961
png,2015,32.7064675862
png,2016,32.6245871798
png,2017,32.5123852269
png,2018,32.3692434747
pry,1960,56.8437170993
pry,1961,57.4345190028
pry,1962,58.0289103184
pry,1963,58.3816559931
pry,1964,58.6369264027
pry,1965,58.8862822602
pry,1966,59.1361651723
pry,1967,59.3870856848
pry,1968,59.6569365032
pry,1969,59.9537585496
pry,1970,60.2978836135
pry,1971,60.6886303021
pry,1972,61.1158816843
pry,1973,60.8505413816
pry,1974,60.5663162800
pry,1975,60.2582224779
pry,1976,59.9292808808
pry,1977,59.5770663025
pry,1978,59.1987293719
pry,1979,58.7891695606
pry,1980,58.3457985639
pry,1981,57.8681110081
pry,1982,57.3693047394
pry,1983,56.7885986818
pry,1984,56.2264702588
pry,1985,55.6912201346
pry,1986,55.1919208971
pry,1987,54.7274219452
pry,1988,54.3047546046
pry,1989,53.9264689773
pry,1990,53.5976757190
pry,1991,53.3214302214
pry,1992,53.0970388780
pry,1993,53.4283391525
pry,1994,53.8982667063
pry,1995,54.4104206221
pry,1996,54.9683085091
pry,1997,55.5685034002
pry,1998,56.2222767115
pry,1999,56.9324404184
pry,2000,57.7070530797
pry,2001,58.5366825067
pry,2002,59.4315398152
pry,2003,60.6896702139
pry,2004,62.0959100043
pry,2005,63.5910553563
pry,2006,65.1951859425
pry,2007,66.9016713083
pry,2008,68.6996772781
pry,2009,69.2780068596
pry,2010,69.8643859150
pry,2011,70.4505468416
pry,2012,71.0419853728
pry,2013,71.6741375522
pry,2014,72.3399942420
pry,2015,73.0284369322
pry,2016,73.7391036936
pry,2017,74.4728185639
pry,2018,75.2165552105
per,1960,36.9382438473
per,1961,37.2748076387
per,1962,37.3265674605
per,1963,37.3929343745
per,1964,37.4825631884
per,1965,37.5957059593
per,1966,37.7397892488
per,1967,37.9113199218
per,1968,38.1103503402
per,1969,38.3295304386
per,1970,38.5722211818
per,1971,38.8371059492
per,1972,39.1019998108
per,1973,39.0441270503
per,1974,39.0033131810
per,1975,38.9814689603
per,1976,38.9791192260
per,1977,38.9930485819
per,1978,39.0287058357
per,1979,39.0844259443
per,1980,39.1640457307
per,1981,39.2633042796
per,1982,39.1021484551
per,1983,38.9503964663
per,1984,38.8171224023
per,1985,38.6970949781
per,1986,38.5933692593
per,1987,38.5064692253
per,1988,38.4404525602
per,1989,38.3962696040
per,1990,38.3794890369
per,1991,38.3928878048
per,1992,38.4363444836
per,1993,38.5006087517
per,1994,38.3381853220
per,1995,38.1790095726
per,1996,38.0273929868
per,1997,37.8873033316
per,1998,37.7788257318
per,1999,37.7237648109
per,2000,37.7378657033
per,2001,37.8210747569
per,2002,37.9675193420
per,2003,38.1642940888
per,2004,38.3968713982
per,2005,38.6494950544
per,2006,38.9187478167
per,2007,39.2030600863
per,2008,39.5262536096
per,2009,39.8653359213
per,2010,40.2047187642
per,2011,40.5487015265
per,2012,40.8915510379
per,2013,41.2049761165
per,2014,41.4581567110
per,2015,41.6301157775
per,2016,41.7104216660
per,2017,41.7148092674
per,2018,41.6927261076
phl,1960,28.5682982196
phl,1961,28.6196939460
phl,1962,28.6775339727
phl,1963,28.7493707197
phl,1964,28.8429088642
phl,1965,28.9583677328
phl,1966,29.1020814204
phl,1967,29.2688876413
phl,1968,29.4538400755
phl,1969,29.6450484462
phl,1970,29.9323227865
phl,1971,30.7292006798
phl,1972,31.5555795032
phl,1973,32.4082357827
phl,1974,33.2980938417
phl,1975,34.0523907771
phl,1976,33.9672707418
phl,1977,33.8898784696
phl,1978,33.8207568247
phl,1979,33.7540961894
phl,1980,33.5698101218
phl,1981,32.8051998965
phl,1982,32.0700358777
phl,1983,31.3651184451
phl,1984,30.6907886317
phl,1985,30.0475588409
phl,1986,29.4337767096
phl,1987,28.8490973043
phl,1988,28.2967527807
phl,1989,27.7775530473
phl,1990,27.4148358129
phl,1991,27.6872170220
phl,1992,27.9787157119
phl,1993,28.2830051841
phl,1994,28.6024521867
phl,1995,28.9345317730
phl,1996,28.7416394479
phl,1997,28.4511240538
phl,1998,28.1735458114
phl,1999,27.9075764354
phl,2000,27.6752306241
phl,2001,27.5598390138
phl,2002,27.4540267754
phl,2003,27.3624192623
phl,2004,27.2921025088
phl,2005,27.2448703335
phl,2006,27.2244155047
phl,2007,27.2265553918
phl,2008,27.4603305830
phl,2009,27.7169424631
phl,2010,27.9061509959
phl,2011,27.7567608451
phl,2012,27.6058506083
phl,2013,27.4577537266
phl,2014,27.3245087080
phl,2015,27.2100979730
phl,2016,27.1167742992
phl,2017,27.0316426571
phl,2018,26.9502658923
pol,1960,7.8849057571
pol,1961,7.8752915108
pol,1962,7.8319347089
pol,1963,7.7752189732
pol,1964,7.7148147521
pol,1965,7.6865158035
pol,1966,7.6763234811
pol,1967,7.6502449788
pol,1968,7.6252529704
pol,1969,7.6137742046
pol,1970,7.6355673052
pol,1971,7.6687377008
pol,1972,7.6766840107
pol,1973,7.6795190905
pol,1974,7.6798768766
pol,1975,7.6788691869
pol,1976,7.6791133656
pol,1977,7.6829434206
pol,1978,7.7012078982
pol,1979,7.6634384816
pol,1980,7.5741009517
pol,1981,7.4873123477
pol,1982,7.4010706387
pol,1983,7.3149614235
pol,1984,7.2325732662
pol,1985,7.1587754625
pol,1986,7.0948439748
pol,1987,7.0402030359
pol,1988,6.9966255222
pol,1989,6.9781893478
pol,1990,6.9733182313
pol,1991,6.9710851975
pol,1992,6.9723557303
pol,1993,6.9693777445
pol,1994,6.9617330194
pol,1995,6.9594511862
pol,1996,6.9612323620
pol,1997,6.9637192763
pol,1998,6.9684099348
pol,1999,6.9760707763
pol,2000,7.0566005532
pol,2001,7.0657106134
pol,2002,7.0787775235
pol,2003,7.1124023795
pol,2004,7.1457034677
pol,2005,7.1780974970
pol,2006,7.2119638053
pol,2007,7.2454810748
pol,2008,7.2743720757
pol,2009,7.2992855033
pol,2010,7.3502597753
pol,2011,7.3765392689
pol,2012,7.4197450486
pol,2013,7.4786789343
pol,2014,7.5393850619
pol,2015,7.5998640722
pol,2016,7.6559283934
pol,2017,7.7045730452
pol,2018,7.7503876075
prt,1960,48.8937622226
prt,1961,48.7803935200
prt,1962,48.8064576070
prt,1963,48.9922234274
prt,1964,49.3528339641
prt,1965,49.9485142379
prt,1966,50.7321763836
prt,1967,51.4691854585
prt,1968,52.1117597621
prt,1969,53.0136719592
prt,1970,53.9307032456
prt,1971,54.9690342030
prt,1972,56.1916828072
prt,1973,57.3361105116
prt,1974,57.7150352400
prt,1975,56.7211113886
prt,1976,56.2835404084
prt,1977,56.8556480370
prt,1978,57.4286385054
prt,1979,58.0153917130
prt,1980,58.6075873330
prt,1981,58.7888930981
prt,1982,57.8268411450
prt,1983,56.9698065736
prt,1984,56.1766241519
prt,1985,55.4620684612
prt,1986,54.8628355151
prt,1987,54.3411450271
prt,1988,53.8693721809
prt,1989,53.4317416329
prt,1990,53.0424322650
prt,1991,52.6807171889
prt,1992,52.2999349648
prt,1993,51.8288106049
prt,1994,51.2949388806
prt,1995,50.7361427307
prt,1996,50.1762536794
prt,1997,49.5977497078
prt,1998,49.0051249230
prt,1999,48.3987684669
prt,2000,47.7427298332
prt,2001,47.1033862390
prt,2002,46.5568898409
prt,2003,46.1026129459
prt,2004,45.7217345276
prt,2005,45.3770073944
prt,2006,45.0426762076
prt,2007,44.7109617452
prt,2008,44.4114527188
prt,2009,44.1432134097
prt,2010,43.9045418125
prt,2011,43.7579816973
prt,2012,43.7317714673
prt,2013,43.7772733386
prt,2014,43.8260119291
prt,2015,43.8278672128
prt,2016,43.7942268061
prt,2017,43.7368511942
prt,2018,43.6597443041
pri,1960,56.7651163632
pri,1961,56.4779399491
pri,1962,56.0504594434
pri,1963,55.6146117329
pri,1964,55.3522707657
pri,1965,55.3569571421
pri,1966,55.6085846697
pri,1967,56.1302907296
pri,1968,56.7974060289
pri,1969,57.3945583382
pri,1970,57.7348291077
pri,1971,57.7055643335
pri,1972,57.4889074650
pri,1973,57.1835883725
pri,1974,56.9445872032
pri,1975,56.8595576944
pri,1976,56.9037855631
pri,1977,57.0721370631
pri,1978,57.3468625230
pri,1979,57.6886992464
pri,1980,57.8231001614
pri,1981,57.5391321237
pri,1982,57.7015581477
pri,1983,58.2695310851
pri,1984,59.2090620090
pri,1985,60.4862707361
pri,1986,62.0906688874
pri,1987,64.0076957763
pri,1988,66.2317107921
pri,1989,68.7457211151
pri,1990,70.7787010789
pri,1991,70.7005920029
pri,1992,70.6695643800
pri,1993,70.5014474166
pri,1994,70.2759948145
pri,1995,70.0572630974
pri,1996,69.7048839759
pri,1997,69.4888779998
pri,1998,69.5226528604
pri,1999,69.6111235140
pri,2000,69.7373381718
pri,2001,69.5441104786
pri,2002,69.4111557324
pri,2003,69.3237358187
pri,2004,69.2670076871
pri,2005,69.3246226740
pri,2006,69.5762150213
pri,2007,69.9428314638
pri,2008,70.3119953875
pri,2009,70.6549661740
pri,2010,70.9724230544
pri,2011,71.7511625069
pri,2012,72.5733459368
pri,2013,73.3524943482
pri,2014,74.4981112811
pri,2015,75.7520719054
pri,2016,77.1596278807
pri,2017,78.9680082294
pri,2018,82.0859476381
qat,1960,77.4321280966
qat,1961,75.0975853304
qat,1962,72.2513521324
qat,1963,71.7649482991
qat,1964,71.5301702084
qat,1965,71.6115444618
qat,1966,72.0641386036
qat,1967,72.7609472152
qat,1968,75.4469737678
qat,1969,78.0504269754
qat,1970,80.5198429103
qat,1971,82.7024319241
qat,1972,80.4415640527
qat,1973,78.4662075961
qat,1974,77.1912211922
qat,1975,76.7035148362
qat,1976,77.1221197262
qat,1977,78.1021358362
qat,1978,78.8487165100
qat,1979,78.4088115258
qat,1980,76.4015932427
qat,1981,73.1638316275
qat,1982,69.5074607051
qat,1983,66.1637706045
qat,1984,63.6951741885
qat,1985,62.2430963695
qat,1986,60.7494778297
qat,1987,57.8434458663
qat,1988,55.6579623614
qat,1989,54.0952582209
qat,1990,53.0683224754
qat,1991,52.5065104167
qat,1992,52.3168072130
qat,1993,52.3615180099
qat,1994,52.4865966831
qat,1995,52.5481794325
qat,1996,52.3639027425
qat,1997,52.1809940967
qat,1998,52.3787914885
qat,1999,52.3820467363
qat,2000,52.1816926388
qat,2001,52.0069146436
qat,2002,51.6416855477
qat,2003,50.2333314154
qat,2004,47.5571907489
qat,2005,44.2440866504
qat,2006,40.0302535209
qat,2007,35.9361772393
qat,2008,32.6078121664
qat,2009,30.2875977319
qat,2010,28.6426969414
qat,2011,26.7174119886
qat,2012,25.3405024040
qat,2013,24.3669809829
qat,2014,23.6888819426
qat,2015,23.4559264363
qat,2016,23.8357554976
qat,2017,24.4134876178
qat,2018,25.1439377868
rou,1960,15.9175634424
rou,1961,15.9236248216
rou,1962,15.9574207179
rou,1963,15.9953534961
rou,1964,16.0375913333
rou,1965,16.0913774145
rou,1966,16.1715048688
rou,1967,16.3414170849
rou,1968,16.5641737292
rou,1969,16.8406157600
rou,1970,17.0988166459
rou,1971,17.3907764869
rou,1972,17.7050025768
rou,1973,18.0429416240
rou,1974,18.3774410704
rou,1975,18.6595988818
rou,1976,18.9571856810
rou,1977,18.9859816838
rou,1978,18.6858956471
rou,1979,18.4427260254
rou,1980,18.1961786597
rou,1981,17.9416920019
rou,1982,17.7518149966
rou,1983,17.5887617107
rou,1984,17.4358944287
rou,1985,17.2635641113
rou,1986,17.0934205015
rou,1987,16.9388229396
rou,1988,16.7759027859
rou,1989,16.6218254685
rou,1990,16.5180770792
rou,1991,16.5900373598
rou,1992,16.6710812112
rou,1993,16.6253825651
rou,1994,16.5810147428
rou,1995,16.5466149549
rou,1996,16.5264456823
rou,1997,16.5067055298
rou,1998,16.4733321166
rou,1999,16.4322403559
rou,2000,16.3870355538
rou,2001,16.5499762379
rou,2002,16.7841420216
rou,2003,16.8239029936
rou,2004,16.8386041544
rou,2005,16.8615808243
rou,2006,16.8803896565
rou,2007,17.0495105757
rou,2008,17.2529824050
rou,2009,17.3142141403
rou,2010,17.3342149073
rou,2011,17.3366382115
rou,2012,17.3364631700
rou,2013,17.3261212677
rou,2014,17.3162369746
rou,2015,17.3152981916
rou,2016,17.3236510713
rou,2017,17.3266958891
rou,2018,17.3208479340
rus,1960,9.5774342550
rus,1961,9.4489405634
rus,1962,9.3252797224
rus,1963,9.2060253915
rus,1964,9.0913194879
rus,1965,8.9809535477
rus,1966,8.9229513399
rus,1967,8.8679510005
rus,1968,8.8160554614
rus,1969,8.7673319595
rus,1970,8.7233592991
rus,1971,8.6837373909
rus,1972,8.6469013317
rus,1973,8.6123160890
rus,1974,8.5804455821
rus,1975,8.5509003227
rus,1976,8.5127844276
rus,1977,8.4770298859
rus,1978,8.4436001096
rus,1979,8.4152933842
rus,1980,8.3911596705
rus,1981,8.3711968099
rus,1982,8.3554844934
rus,1983,8.3429798676
rus,1984,8.3181488072
rus,1985,8.2924226199
rus,1986,8.2724196753
rus,1987,8.2548673186
rus,1988,8.2421269930
rus,1989,8.2389891340
rus,1990,8.2569305431
rus,1991,8.2884533441
rus,1992,8.3100177323
rus,1993,8.3193784903
rus,1994,8.3707166053
rus,1995,8.4516505475
rus,1996,8.5872294074
rus,1997,8.7664171957
rus,1998,8.9379663718
rus,1999,9.1140722626
rus,2000,9.3040598743
rus,2001,9.4979212109
rus,2002,9.6996547032
rus,2003,9.8743869542
rus,2004,10.0358301862
rus,2005,10.1974018328
rus,2006,10.3561513651
rus,2007,10.5009513466
rus,2008,10.6344431323
rus,2009,10.7614312288
rus,2010,10.8883750848
rus,2011,10.9900360701
rus,2012,11.0712734422
rus,2013,11.1458793147
rus,2014,11.2183386296
rus,2015,11.2921401849
rus,2016,11.3669931820
rus,2017,11.4471543319
rus,2018,11.5397185739
rwa,1960,44.9642974124
rwa,1961,45.5551925204
rwa,1962,46.2863358917
rwa,1963,47.0953245786
rwa,1964,47.8261842680
rwa,1965,48.4117621826
rwa,1966,48.7986574434
rwa,1967,49.0387329771
rwa,1968,49.1753291753
rwa,1969,49.3144556436
rwa,1970,49.4842096492
rwa,1971,49.8277210397
rwa,1972,50.2248660143
rwa,1973,50.6308096502
rwa,1974,51.0084173939
rwa,1975,51.3383877456
rwa,1976,51.6442463318
rwa,1977,51.9088917918
rwa,1978,52.1429317541
rwa,1979,52.4416126722
rwa,1980,52.7218769524
rwa,1981,53.0526390076
rwa,1982,53.4385176867
rwa,1983,53.7925541793
rwa,1984,53.9737258605
rwa,1985,53.9331120033
rwa,1986,53.5382948261
rwa,1987,52.9501396046
rwa,1988,52.7086211143
rwa,1989,53.4325263610
rwa,1990,55.5118728563
rwa,1991,59.4379131007
rwa,1992,59.3516943220
rwa,1993,59.2705465770
rwa,1994,58.4792525234
rwa,1995,55.7265177589
rwa,1996,50.7887491574
rwa,1997,47.3634426875
rwa,1998,45.0044623831
rwa,1999,43.0702557599
rwa,2000,42.0160431556
rwa,2001,41.8047294134
rwa,2002,42.1802677591
rwa,2003,43.0047798067
rwa,2004,43.9135165630
rwa,2005,44.6618423244
rwa,2006,45.2190754585
rwa,2007,45.6741982600
rwa,2008,46.0660398368
rwa,2009,46.4506893094
rwa,2010,46.8841412161
rwa,2011,47.3643578031
rwa,2012,47.8674992951
rwa,2013,48.3779892503
rwa,2014,48.8314119199
rwa,2015,49.2116944109
rwa,2016,49.5220160041
rwa,2017,49.7667096384
rwa,2018,49.9618615710
sau,1960,12.2704560457
sau,1961,11.7776871491
sau,1962,11.3762455388
sau,1963,11.3433205821
sau,1964,11.6962472160
sau,1965,12.0761794604
sau,1966,12.4906005876
sau,1967,12.9345130891
sau,1968,13.4008290518
sau,1969,13.8731204321
sau,1970,14.3474134241
sau,1971,14.8186211814
sau,1972,15.2933795473
sau,1973,15.7758221374
sau,1974,16.2838276667
sau,1975,16.4088977178
sau,1976,16.4514383513
sau,1977,16.5049144557
sau,1978,16.5501843678
sau,1979,16.5595463395
sau,1980,16.5265872094
sau,1981,16.4533325454
sau,1982,16.3709330639
sau,1983,16.3159846588
sau,1984,16.3300489276
sau,1985,16.4319811386
sau,1986,16.6264726471
sau,1987,17.0239172921
sau,1988,17.5037572296
sau,1989,18.0616168291
sau,1990,18.7032106638
sau,1991,19.4290206346
sau,1992,20.2443702402
sau,1993,20.4844657546
sau,1994,20.5693816503
sau,1995,20.6978330826
sau,1996,20.8713117460
sau,1997,21.0780335714
sau,1998,21.2930113381
sau,1999,21.4815952780
sau,2000,21.6213117054
sau,2001,21.7008747565
sau,2002,21.7326491206
sau,2003,21.7343581095
sau,2004,21.7328104512
sau,2005,22.0481614045
sau,2006,22.4721076237
sau,2007,22.9189339750
sau,2008,23.0280538572
sau,2009,23.1210016958
sau,2010,23.1920669368
sau,2011,23.2372585791
sau,2012,23.2705872182
sau,2013,23.3175522682
sau,2014,23.4104773498
sau,2015,23.5696461571
sau,2016,23.8003655114
sau,2017,24.0951560054
sau,2018,24.4434653587
sen,1960,48.6876857496
sen,1961,49.3368567498
sen,1962,49.1784058948
sen,1963,49.0218787702
sen,1964,48.8630301922
sen,1965,48.6972874108
sen,1966,48.5358819381
sen,1967,48.3769324157
sen,1968,48.2220571528
sen,1969,48.0612934527
sen,1970,47.7971457473
sen,1971,47.5926140259
sen,1972,47.3874424866
sen,1973,47.2091483968
sen,1974,47.0998051326
sen,1975,47.0781384613
sen,1976,47.1655999291
sen,1977,47.3758670490
sen,1978,47.6082463590
sen,1979,47.8083467525
sen,1980,47.9414554126
sen,1981,47.9947799995
sen,1982,47.9922862673
sen,1983,47.9480015034
sen,1984,47.8874874338
sen,1985,47.8257917239
sen,1986,47.7725244802
sen,1987,47.7238145184
sen,1988,47.6687086746
sen,1989,47.4697913215
sen,1990,47.2801076165
sen,1991,47.0930188391
sen,1992,46.9184033324
sen,1993,46.7710343992
sen,1994,46.6758468510
sen,1995,46.6463731752
sen,1996,46.6841652005
sen,1997,46.7730874001
sen,1998,46.8958562249
sen,1999,47.0249777275
sen,2000,47.1432845810
sen,2001,47.2391959732
sen,2002,47.3232369917
sen,2003,47.0491497939
sen,2004,46.6068919893
sen,2005,46.1510060999
sen,2006,45.6838399830
sen,2007,45.2054364638
sen,2008,44.7194432370
sen,2009,44.2248094700
sen,2010,43.7267438445
sen,2011,43.2270661078
sen,2012,42.7302519870
sen,2013,42.2332203224
sen,2014,41.7429050944
sen,2015,41.2529485237
sen,2016,40.7656577834
sen,2017,40.2817309071
sen,2018,39.8078452390
srb,1990,29.5515108900
srb,1991,29.4754595108
srb,1992,29.4792524697
srb,1993,29.4771422042
srb,1994,29.5437393313
srb,1995,30.1738472284
srb,1996,30.4125710986
srb,1997,30.7088468463
srb,1998,31.0392777445
srb,1999,31.3690150486
srb,2000,31.6892742129
srb,2001,31.9657946406
srb,2002,32.1712672531
srb,2003,32.2686504213
srb,2004,32.3725374893
srb,2005,32.4998815257
srb,2006,32.6588161831
srb,2007,32.8224775227
srb,2008,32.9950572958
srb,2009,33.1604049328
srb,2010,33.3283205882
srb,2011,33.6270512940
srb,2012,33.8696616740
srb,2013,34.1294586237
srb,2014,34.3851018371
srb,2015,34.6521941017
srb,2016,34.9309894015
srb,2017,35.2038441718
srb,2018,35.4752883458
sle,1960,29.5947343817
sle,1961,29.0105047205
sle,1962,28.4319503824
sle,1963,28.1120894848
sle,1964,28.5671977607
sle,1965,29.0222048322
sle,1966,29.4806721939
sle,1967,29.9431169773
sle,1968,30.4092140876
sle,1969,30.8741456675
sle,1970,31.3434854839
sle,1971,31.8143344118
sle,1972,32.2907688507
sle,1973,32.7682731694
sle,1974,33.2535811063
sle,1975,33.7269583885
sle,1976,34.1875613497
sle,1977,34.6418397295
sle,1978,35.0970673188
sle,1979,35.5524959162
sle,1980,36.0127274437
sle,1981,36.4877464992
sle,1982,36.9884101631
sle,1983,37.4795683268
sle,1984,37.9177796488
sle,1985,38.2802022035
sle,1986,38.1818354148
sle,1987,37.7201590120
sle,1988,37.3253274789
sle,1989,37.1436706946
sle,1990,37.2625585924
sle,1991,37.7054133883
sle,1992,38.4179835245
sle,1993,39.3043866339
sle,1994,40.2168705441
sle,1995,41.0255302809
sle,1996,41.7117704030
sle,1997,42.2724926763
sle,1998,42.6139153204
sle,1999,42.6294896413
sle,2000,42.2757866135
sle,2001,41.5375132760
sle,2002,40.5190375486
sle,2003,39.4184037282
sle,2004,38.4451954946
sle,2005,37.6875202705
sle,2006,37.1640576138
sle,2007,36.8283798456
sle,2008,36.6231183836
sle,2009,36.4671532242
sle,2010,36.3125632055
sle,2011,36.1524724955
sle,2012,36.0051724896
sle,2013,35.8662083075
sle,2014,35.7392502111
sle,2015,35.6242920189
sle,2016,35.5188574806
sle,2017,35.4130029895
sle,2018,35.3078322256
sgp,1960,99.1913265306
sgp,1961,99.2449483083
sgp,1962,99.4981716375
sgp,1963,99.6845682451
sgp,1964,99.6140855778
sgp,1965,99.5181514654
sgp,1966,99.2177419355
sgp,1967,99.0456108414
sgp,1968,99.2478131213
sgp,1969,99.6096940024
sgp,1970,99.8931312355
sgp,1971,99.9088929907
sgp,1972,99.9128414793
sgp,1973,99.8465572275
sgp,1974,99.8476993452
sgp,1975,99.8739503226
sgp,1976,99.8076134828
sgp,1977,99.5576914807
sgp,1978,99.4828772944
sgp,1979,99.5433186490
sgp,1980,99.9069987096
sgp,1981,97.1396478649
sgp,1982,95.1298448573
sgp,1983,96.2402944208
sgp,1984,96.7692950168
sgp,1985,98.8880673198
sgp,1986,100.0000000000
sgp,1987,100.0000000000
sgp,1988,100.0000000000
sgp,1989,100.0000000000
sgp,1990,98.8783223044
sgp,1991,98.7715476751
sgp,1992,98.7227218391
sgp,1993,99.2188553936
sgp,1994,99.0144040095
sgp,1995,98.7025983216
sgp,1996,97.1512004237
sgp,1997,96.1300966956
sgp,1998,95.0149635378
sgp,1999,96.4569129995
sgp,2000,97.1715442861
sgp,2001,97.1185922129
sgp,2002,98.9285791257
sgp,2003,100.0000000000
sgp,2004,100.0000000000
sgp,2005,100.0000000000
sgp,2006,100.0000000000
sgp,2007,100.0000000000
sgp,2008,100.0000000000
sgp,2009,99.5578009585
sgp,2010,99.9511496766
sgp,2011,99.8520165566
sgp,2012,99.2192095643
sgp,2013,99.2901676223
sgp,2014,99.6090844803
sgp,2015,100.0000000000
sgp,2016,100.0000000000
sgp,2017,100.0000000000
sgp,2018,100.0000000000
svk,1960,17.5208084346
svk,1961,17.0835801368
svk,1962,16.8004649124
svk,1963,16.5386984760
svk,1964,16.2814974756
svk,1965,16.0402756273
svk,1966,15.8193264976
svk,1967,15.6171492736
svk,1968,15.4333254912
svk,1969,15.2565712158
svk,1970,15.1370878322
svk,1971,15.0895855347
svk,1972,15.0309499068
svk,1973,14.9621709675
svk,1974,14.8912745977
svk,1975,14.8248218202
svk,1976,14.7647338550
svk,1977,14.7110704233
svk,1978,14.6702610041
svk,1979,14.6400389245
svk,1980,14.6420520191
svk,1981,14.6312108768
svk,1982,14.5989962255
svk,1983,14.5749305927
svk,1984,14.5580585479
svk,1985,14.5442114060
svk,1986,14.5396789601
svk,1987,14.5455632050
svk,1988,14.5569158203
svk,1989,14.5760475760
svk,1990,14.6028613385
svk,1991,14.6447773486
svk,1992,14.6138589117
svk,1993,14.5320348064
svk,1994,14.4491122688
svk,1995,14.3812347168
svk,1996,14.3252339060
svk,1997,14.2731879789
svk,1998,14.2287327282
svk,1999,14.1889990075
svk,2000,14.1829406855
svk,2001,14.1877691428
svk,2002,14.2076586194
svk,2003,14.2319024242
svk,2004,14.2497739770
svk,2005,14.2635245519
svk,2006,14.2450736687
svk,2007,14.1899349174
svk,2008,14.1267356350
svk,2009,14.0577069953
svk,2010,14.0263785732
svk,2011,14.0076540242
svk,2012,14.1079382427
svk,2013,14.2177028816
svk,2014,14.3300399512
svk,2015,14.4358964183
svk,2016,14.5302257456
svk,2017,14.6134513049
svk,2018,14.6907818010
som,1960,19.6856516472
som,1961,20.0995022893
som,1962,20.5209345309
som,1963,20.9506804588
som,1964,21.8999169257
som,1965,23.4350386149
som,1966,25.0328008086
som,1967,26.6847656273
som,1968,28.4686145141
som,1969,30.4869174888
som,1970,32.8268636731
som,1971,35.6687227507
som,1972,38.9980564451
som,1973,42.3278727501
som,1974,44.8527883502
som,1975,44.9749696027
som,1976,42.1536646245
som,1977,38.8197441909
som,1978,35.8470896475
som,1979,33.7962462060
som,1980,32.7756957086
som,1981,32.6808831353
som,1982,33.2909333579
som,1983,35.5588715318
som,1984,38.0677539413
som,1985,40.0429780233
som,1986,41.7858955962
som,1987,43.3357614778
som,1988,44.7807323147
som,1989,46.3866534092
som,1990,48.3124558409
som,1991,50.6249547582
som,1992,50.3554261637
som,1993,50.0991866119
som,1994,49.6003178422
som,1995,48.7041928906
som,1996,47.3917480432
som,1997,45.7822843675
som,1998,44.0314540534
som,1999,42.3077866750
som,2000,40.7106277871
som,2001,39.2448793042
som,2002,39.0111057233
som,2003,38.3890697344
som,2004,37.8236567050
som,2005,37.3048695615
som,2006,36.8355708118
som,2007,28.8616620387
som,2008,28.7247751777
som,2009,28.6333531695
som,2010,28.5841438815
som,2011,28.5754601043
som,2012,28.8964012723
som,2013,29.2220650482
som,2014,29.5519255555
som,2015,29.8795964201
som,2016,30.2033056351
som,2017,30.5242411665
som,2018,30.8419948270
zaf,1960,14.3973599854
zaf,1961,14.3234814039
zaf,1962,14.2644425308
zaf,1963,14.2014667703
zaf,1964,14.1362598572
zaf,1965,14.0681955901
zaf,1966,13.9994031513
zaf,1967,13.9295668422
zaf,1968,13.8585203615
zaf,1969,13.7840914144
zaf,1970,13.6763874234
zaf,1971,13.3996900726
zaf,1972,13.1261160680
zaf,1973,12.8586363291
zaf,1974,12.6015215410
zaf,1975,12.3563657682
zaf,1976,12.1244678041
zaf,1977,11.9029900998
zaf,1978,11.6865640835
zaf,1979,11.5299343381
zaf,1980,11.6387215929
zaf,1981,11.7145228933
zaf,1982,11.7840074035
zaf,1983,11.8525801955
zaf,1984,11.9294252272
zaf,1985,11.9342101202
zaf,1986,11.7811243076
zaf,1987,11.6432210979
zaf,1988,11.5146379859
zaf,1989,11.3857449449
zaf,1990,11.2534171883
zaf,1991,11.1307994217
zaf,1992,11.0393616125
zaf,1993,10.9536040253
zaf,1994,10.8844504121
zaf,1995,10.8377947570
zaf,1996,11.0082181036
zaf,1997,11.2283892548
zaf,1998,11.4366386525
zaf,1999,11.6626802173
zaf,2000,11.9047536216
zaf,2001,12.1611143004
zaf,2002,12.3219940558
zaf,2003,12.4487113421
zaf,2004,12.5793678345
zaf,2005,12.7096864383
zaf,2006,12.8400963207
zaf,2007,12.9697079370
zaf,2008,13.0968659297
zaf,2009,13.2186123636
zaf,2010,13.3350003049
zaf,2011,13.4446174317
zaf,2012,13.5492868914
zaf,2013,13.6536921167
zaf,2014,13.7633568302
zaf,2015,13.8829763620
zaf,2016,14.0141455064
zaf,2017,14.1563653588
zaf,2018,14.3089032487
ssd,1960,6.6257574966
ssd,1961,7.1750155145
ssd,1962,7.7676237674
ssd,1963,8.4039510316
ssd,1964,9.0899902294
ssd,1965,9.8247701738
ssd,1966,10.6143601600
ssd,1967,11.4634998747
ssd,1968,12.3757120081
ssd,1969,13.3505149402
ssd,1970,14.3994271260
ssd,1971,15.5215137814
ssd,1972,16.7276764473
ssd,1973,17.7651691316
ssd,1974,18.0730884932
ssd,1975,18.3754248846
ssd,1976,18.6831090274
ssd,1977,18.9957797813
ssd,1978,19.2984822377
ssd,1979,19.5730806460
ssd,1980,19.8158388016
ssd,1981,20.0178082226
ssd,1982,20.2043608757
ssd,1983,19.8080311602
ssd,1984,18.6597031685
ssd,1985,17.6638841866
ssd,1986,16.7887559452
ssd,1987,16.0179011782
ssd,1988,15.3662731669
ssd,1989,14.8567005468
ssd,1990,14.4885977940
ssd,1991,14.2763507180
ssd,1992,14.1901030146
ssd,1993,14.3284665137
ssd,1994,15.1055480261
ssd,1995,15.6757874575
ssd,1996,15.9670414388
ssd,1997,16.0088983532
ssd,1998,15.9006053202
ssd,1999,15.7662650131
ssd,2000,15.6832638093
ssd,2001,15.6696633803
ssd,2002,15.6990902879
ssd,2003,15.7330101024
ssd,2004,15.7210229582
ssd,2005,15.6384938973
ssd,2006,15.4886086061
ssd,2007,15.3080054705
ssd,2008,15.1417096436
ssd,2009,15.0307952129
ssd,2010,15.0018784662
ssd,2011,15.0523137119
ssd,2012,15.1686140329
ssd,2013,15.3499433630
ssd,2014,15.5939129776
ssd,2015,15.8946812955
ssd,2016,16.2609645465
ssd,2017,16.6870302422
ssd,2018,17.1354625586
esp,1960,14.3255194608
esp,1961,14.4842559362
esp,1962,14.6001482439
esp,1963,14.7294091761
esp,1964,14.8488812423
esp,1965,14.9610864151
esp,1966,15.0897382648
esp,1967,15.1941912657
esp,1968,15.3299344937
esp,1969,15.5534972280
esp,1970,15.7670919158
esp,1971,15.8329693435
esp,1972,15.7777503568
esp,1973,15.7257809616
esp,1974,15.6792415346
esp,1975,15.6379137791
esp,1976,15.6041105996
esp,1977,15.5772884836
esp,1978,15.5642619510
esp,1979,15.5670942493
esp,1980,15.5854769339
esp,1981,15.5688970101
esp,1982,15.4677761840
esp,1983,15.3852965982
esp,1984,15.3146902220
esp,1985,15.2529167097
esp,1986,15.2012587968
esp,1987,15.1563091527
esp,1988,15.1192379423
esp,1989,15.0908238968
esp,1990,15.0711327884
esp,1991,15.0924122180
esp,1992,15.2061432778
esp,1993,15.3157723982
esp,1994,15.4330422634
esp,1995,15.5566300485
esp,1996,15.6854174147
esp,1997,15.8144957509
esp,1998,15.9457943443
esp,1999,16.0795686955
esp,2000,16.2080064739
esp,2001,16.2965911776
esp,2002,16.2562812977
esp,2003,16.1459771176
esp,2004,16.0504265940
esp,2005,15.9613495563
esp,2006,15.8734899579
esp,2007,15.7611110591
esp,2008,15.6904660469
esp,2009,15.7312924326
esp,2010,15.8403102706
esp,2011,15.9671965010
esp,2012,16.1427774476
esp,2013,16.3835579901
esp,2014,16.6228765902
esp,2015,16.8279123524
esp,2016,17.0078012300
esp,2017,17.1631794424
esp,2018,17.3122841435
lka,1960,29.8896439082
lka,1961,29.4224374345
lka,1962,28.9724217422
lka,1963,28.5311057498
lka,1964,28.0299455855
lka,1965,27.5316783628
lka,1966,27.0354680044
lka,1967,26.5477087506
lka,1968,26.0767283421
lka,1969,25.6336846124
lka,1970,25.2255897282
lka,1971,24.8520156632
lka,1972,24.3887639663
lka,1973,23.9060476036
lka,1974,23.4419756623
lka,1975,22.9886765954
lka,1976,22.5453292012
lka,1977,22.1139956361
lka,1978,21.6983678988
lka,1979,21.3041255517
lka,1980,20.9354552532
lka,1981,20.6305388462
lka,1982,20.4406876345
lka,1983,20.2633349069
lka,1984,20.0901433974
lka,1985,19.9183231807
lka,1986,19.7462540422
lka,1987,19.5756308485
lka,1988,19.4124977462
lka,1989,19.2595559314
lka,1990,19.1229060091
lka,1991,18.9990999554
lka,1992,18.8893672527
lka,1993,18.7951496038
lka,1994,18.7236076902
lka,1995,18.6746442303
lka,1996,18.6525826655
lka,1997,18.6511295431
lka,1998,18.6613644290
lka,1999,18.6660755926
lka,2000,18.6569324285
lka,2001,18.6277024905
lka,2002,18.2661835024
lka,2003,17.8876078688
lka,2004,17.5164077034
lka,2005,17.1603371128
lka,2006,16.8172173285
lka,2007,16.4869324222
lka,2008,16.1662019978
lka,2009,15.8549740801
lka,2010,15.5520695908
lka,2011,15.2558063660
lka,2012,15.1481232643
lka,2013,15.1881524525
lka,2014,15.1901971186
lka,2015,15.1793114563
lka,2016,15.1263843918
lka,2017,15.0552284030
lka,2018,14.9814836045
sdn,1960,42.7498146734
sdn,1961,42.3379796211
sdn,1962,41.9290559097
sdn,1963,41.5183263155
sdn,1964,41.1086383301
sdn,1965,40.6979728433
sdn,1966,40.2917064535
sdn,1967,39.8851358902
sdn,1968,39.4854215047
sdn,1969,39.0879039031
sdn,1970,38.6977034397
sdn,1971,38.3202561813
sdn,1972,37.9537491169
sdn,1973,37.7739629509
sdn,1974,38.1647452331
sdn,1975,38.5297220603
sdn,1976,38.8765405642
sdn,1977,39.2034958107
sdn,1978,39.5275517800
sdn,1979,39.8581932108
sdn,1980,40.2077535636
sdn,1981,40.5683747498
sdn,1982,40.9428563590
sdn,1983,41.0899070709
sdn,1984,40.9255567831
sdn,1985,40.8218515967
sdn,1986,40.8011286780
sdn,1987,40.8478138016
sdn,1988,40.9201304951
sdn,1989,40.9594816869
sdn,1990,40.9427980344
sdn,1991,40.8593928206
sdn,1992,40.7435156990
sdn,1993,40.5584954066
sdn,1994,40.0898844807
sdn,1995,39.7629271078
sdn,1996,39.5895882196
sdn,1997,39.5305823805
sdn,1998,39.5429759256
sdn,1999,39.5638847831
sdn,2000,39.5515025585
sdn,2001,39.4915305621
sdn,2002,39.4058481232
sdn,2003,39.3167261917
sdn,2004,39.2577894945
sdn,2005,39.2439694366
sdn,2006,39.2823158370
sdn,2007,39.3571351875
sdn,2008,39.4502879045
sdn,2009,39.5097200547
sdn,2010,39.5174216154
sdn,2011,39.4698876839
sdn,2012,39.3755697881
sdn,2013,39.2409968878
sdn,2014,39.0782624001
sdn,2015,38.8928333781
sdn,2016,38.6879929864
sdn,2017,38.4626867502
sdn,2018,38.2164366036
swe,1960,14.8295303013
swe,1961,15.0131999028
swe,1962,15.4595377869
swe,1963,15.9250614139
swe,1964,16.3829533053
swe,1965,16.8274043788
swe,1966,17.0077688885
swe,1967,16.9451966731
swe,1968,16.9241515887
swe,1969,16.8854143122
swe,1970,16.8141666243
swe,1971,15.6422230579
swe,1972,15.4638073188
swe,1973,15.3078221902
swe,1974,15.1362546132
swe,1975,14.9690532184
swe,1976,14.8338985082
swe,1977,14.7015800274
swe,1978,14.5796987899
swe,1979,14.4692145916
swe,1980,14.3618416355
swe,1981,14.3459865572
swe,1982,14.4106914219
swe,1983,14.4774212713
swe,1984,14.5379308832
swe,1985,14.5876359006
swe,1986,14.6277644994
swe,1987,14.6531777619
swe,1988,14.6602589576
swe,1989,14.6367354700
swe,1990,14.5979439828
swe,1991,14.6612113443
swe,1992,14.8386328022
swe,1993,15.0186509642
swe,1994,15.1815783911
swe,1995,15.3752764021
swe,1996,15.5701804933
swe,1997,15.7234450030
swe,1998,15.8787421643
swe,1999,16.0319615635
swe,2000,16.1735443558
swe,2001,16.2604963308
swe,2002,16.3007577074
swe,2003,16.3333231687
swe,2004,16.3628239393
swe,2005,16.3912028995
swe,2006,16.4810797908
swe,2007,16.6317360085
swe,2008,16.7779601739
swe,2009,16.9127349304
swe,2010,17.0493937374
swe,2011,17.1918616806
swe,2012,17.3277354681
swe,2013,17.4466454195
swe,2014,17.5426577655
swe,2015,17.6289564250
swe,2016,17.6825553891
swe,2017,17.7204915845
swe,2018,17.7796607352
che,1960,14.1707430159
che,1961,14.1150814376
che,1962,14.1105899206
che,1963,14.1626807125
che,1964,14.2850745139
che,1965,14.4803412149
che,1966,14.6953931480
che,1967,14.8854120557
che,1968,15.0758822947
che,1969,15.2890747605
che,1970,15.5687428861
che,1971,15.6295772975
che,1972,15.4710313036
che,1973,15.3179121492
che,1974,15.1965855770
che,1975,15.1642766699
che,1976,15.2121009340
che,1977,15.2246922985
che,1978,15.1843353927
che,1979,15.1150662672
che,1980,15.0167905909
che,1981,15.2474255673
che,1982,15.7414851004
che,1983,16.2768558335
che,1984,16.8430293451
che,1985,17.4125783560
che,1986,17.9883181997
che,1987,18.5631152350
che,1988,19.1370831515
che,1989,19.7120084981
che,1990,20.2609721191
che,1991,20.4647510808
che,1992,20.4671481069
che,1993,20.5079796936
che,1994,20.5728395771
che,1995,20.6645212995
che,1996,20.8040066999
che,1997,20.9859508014
che,1998,21.1578820052
che,1999,21.2929274985
che,2000,21.4112319040
che,2001,21.5054746503
che,2002,21.5674642730
che,2003,21.6327989418
che,2004,21.7107877609
che,2005,21.7983132658
che,2006,21.8893650253
che,2007,21.9223764556
che,2008,21.8731756606
che,2009,21.8283541489
che,2010,21.8289867095
che,2011,21.8148609555
che,2012,21.8125926157
che,2013,21.7907813170
che,2014,21.7537322027
che,2015,21.7345110248
che,2016,21.7259899560
che,2017,21.7517125798
che,2018,21.8104892749
syr,1960,34.4821973502
syr,1961,34.3115459058
syr,1962,34.1927403728
syr,1963,34.0749938658
syr,1964,33.9567898821
syr,1965,33.8319585667
syr,1966,33.7060113650
syr,1967,33.5784216626
syr,1968,33.4512444442
syr,1969,33.3204432902
syr,1970,33.1902586679
syr,1971,33.1407992720
syr,1972,33.1124060258
syr,1973,33.0801514675
syr,1974,33.0539990374
syr,1975,33.0355028819
syr,1976,33.0298471141
syr,1977,33.0305158408
syr,1978,33.0305614791
syr,1979,33.0174015383
syr,1980,32.9850078607
syr,1981,32.9292227015
syr,1982,32.3268715416
syr,1983,31.6169294618
syr,1984,30.9452446010
syr,1985,30.3195302659
syr,1986,29.7401352177
syr,1987,29.2004481707
syr,1988,28.6960512053
syr,1989,28.2185133933
syr,1990,27.7652381694
syr,1991,27.3358677287
syr,1992,26.9304468726
syr,1993,26.5412914965
syr,1994,26.1636068084
syr,1995,25.9345420244
syr,1996,25.8847959770
syr,1997,25.8331581399
syr,1998,25.7984082470
syr,1999,25.8005230945
syr,2000,25.8495218091
syr,2001,25.9772741861
syr,2002,26.1769478806
syr,2003,26.3701404012
syr,2004,26.4540423806
syr,2005,26.3773153399
syr,2006,26.0981532053
syr,2007,25.7000498808
syr,2008,25.3945648404
syr,2009,25.4178345511
syr,2010,25.9185930855
syr,2011,20.3917187353
syr,2012,20.9489438393
syr,2013,21.7919298157
syr,2014,22.7342829139
syr,2015,23.6733146673
syr,2016,24.4481600419
syr,2017,25.0435284652
syr,2018,25.3314456248
tjk,1960,34.6680014793
tjk,1961,34.6935226779
tjk,1962,34.6782911898
tjk,1963,34.6450829481
tjk,1964,34.6208160405
tjk,1965,34.6207806552
tjk,1966,34.6524399503
tjk,1967,34.7100212462
tjk,1968,34.7975974979
tjk,1969,34.9124945073
tjk,1970,35.1029054906
tjk,1971,35.3728871657
tjk,1972,35.6748547385
tjk,1973,35.9961154057
tjk,1974,36.3400168295
tjk,1975,36.6973581022
tjk,1976,37.0709579341
tjk,1977,37.4516027543
tjk,1978,37.8362454905
tjk,1979,37.9717238751
tjk,1980,37.8025267000
tjk,1981,37.6208113325
tjk,1982,37.4372393293
tjk,1983,37.2378399390
tjk,1984,37.0110112764
tjk,1985,36.7537604143
tjk,1986,36.4624595294
tjk,1987,36.1570228439
tjk,1988,35.8905401436
tjk,1989,35.5413361159
tjk,1990,35.1050665072
tjk,1991,34.8122397347
tjk,1992,34.6375582975
tjk,1993,34.5466074296
tjk,1994,34.5020073399
tjk,1995,34.4703923340
tjk,1996,34.4469793874
tjk,1997,34.4324513863
tjk,1998,34.4190829857
tjk,1999,34.3997787034
tjk,2000,34.4726486030
tjk,2001,34.7306454811
tjk,2002,34.9672809331
tjk,2003,35.1814451016
tjk,2004,35.3775566712
tjk,2005,35.5508712120
tjk,2006,35.7060037618
tjk,2007,35.8404931761
tjk,2008,35.9549844779
tjk,2009,36.0454893407
tjk,2010,36.1158463430
tjk,2011,36.1694123364
tjk,2012,36.1762363212
tjk,2013,36.1400216144
tjk,2014,36.0576199670
tjk,2015,35.9324408964
tjk,2016,35.7645196706
tjk,2017,35.5611304158
tjk,2018,35.3383647422
tza,1960,30.7443451613
tza,1961,31.2391484695
tza,1962,31.7342061794
tza,1963,32.2331552717
tza,1964,32.7403198831
tza,1965,33.2465292625
tza,1966,33.7637638850
tza,1967,34.2832454413
tza,1968,34.1310511697
tza,1969,33.8485643933
tza,1970,33.5700965181
tza,1971,33.2823692606
tza,1972,33.0039770934
tza,1973,32.7349949797
tza,1974,32.4925620475
tza,1975,32.2830865575
tza,1976,32.1071938412
tza,1977,31.9629528603
tza,1978,31.8502062038
tza,1979,31.7654713696
tza,1980,31.6840508123
tza,1981,31.6040471966
tza,1982,31.5240327366
tza,1983,31.4517984603
tza,1984,31.3888688335
tza,1985,31.3379311942
tza,1986,31.3053006124
tza,1987,31.2893928621
tza,1988,31.2730086171
tza,1989,31.1432668607
tza,1990,30.9669473268
tza,1991,30.7511302308
tza,1992,30.5150101412
tza,1993,30.2919074983
tza,1994,30.1278481933
tza,1995,30.0463057367
tza,1996,30.0530266684
tza,1997,30.1246281376
tza,1998,30.2342394574
tza,1999,30.3379405254
tza,2000,30.4078957017
tza,2001,30.4346392918
tza,2002,30.4310726285
tza,2003,30.5060401780
tza,2004,30.5694041008
tza,2005,30.6364546693
tza,2006,30.7142428977
tza,2007,30.7971416827
tza,2008,30.8821099167
tza,2009,30.9623066328
tza,2010,31.0378949182
tza,2011,31.1106326401
tza,2012,31.1835294009
tza,2013,31.2550696889
tza,2014,31.3359823254
tza,2015,31.4284882275
tza,2016,31.5350186604
tza,2017,31.6552285273
tza,2018,31.7925190640
tha,1960,39.9076254379
tha,1961,39.9645998425
tha,1962,40.0182808372
tha,1963,40.0669873208
tha,1964,40.1172458780
tha,1965,40.1635156010
tha,1966,40.2177033687
tha,1967,40.2785335905
tha,1968,40.3507434993
tha,1969,40.4284118976
tha,1970,40.3636766690
tha,1971,39.8552177459
tha,1972,39.3770456099
tha,1973,38.9352699801
tha,1974,38.5421960198
tha,1975,38.2067117912
tha,1976,37.9243404594
tha,1977,37.6920368949
tha,1978,37.5077965955
tha,1979,37.3658057143
tha,1980,37.2132654223
tha,1981,36.9447023793
tha,1982,36.7119400547
tha,1983,36.5027263068
tha,1984,36.3065410734
tha,1985,36.1164546002
tha,1986,35.9249934978
tha,1987,35.7396678902
tha,1988,35.5814710160
tha,1989,35.4754750226
tha,1990,35.3860586560
tha,1991,35.0421328039
tha,1992,34.7641682747
tha,1993,34.5217203925
tha,1994,34.2789939293
tha,1995,34.0107081015
tha,1996,33.7072888584
tha,1997,33.3816290298
tha,1998,33.0532368559
tha,1999,32.7459135436
tha,2000,32.3682898887
tha,2001,31.7284131736
tha,2002,31.1500043538
tha,2003,30.6269618982
tha,2004,30.1503010658
tha,2005,29.7146266168
tha,2006,29.3155752928
tha,2007,28.9546234501
tha,2008,28.6277254745
tha,2009,28.3306357587
tha,2010,28.0600993904
tha,2011,28.1128801712
tha,2012,28.2387102577
tha,2013,28.3745286270
tha,2014,28.5248231926
tha,2015,28.6908655280
tha,2016,28.8716432597
tha,2017,29.0698667450
tha,2018,29.2867702401
tgo,1960,59.4636591479
tgo,1961,60.3081782238
tgo,1962,58.9828023977
tgo,1963,57.6105623191
tgo,1964,55.9403337867
tgo,1965,53.8709677419
tgo,1966,51.4199718942
tgo,1967,48.7749872815
tgo,1968,46.1953877992
tgo,1969,43.9284945816
tgo,1970,42.5715764478
tgo,1971,43.0357494594
tgo,1972,43.7123634534
tgo,1973,44.5506837612
tgo,1974,45.4854015147
tgo,1975,46.4567541795
tgo,1976,47.4734139953
tgo,1977,48.5331288375
tgo,1978,49.5722812316
tgo,1979,50.4993096062
tgo,1980,51.2582688688
tgo,1981,51.8233071220
tgo,1982,52.3014163081
tgo,1983,52.7681268447
tgo,1984,53.2765643706
tgo,1985,53.8882716478
tgo,1986,54.6122319329
tgo,1987,55.4309391044
tgo,1988,56.3725662906
tgo,1989,56.8080403445
tgo,1990,57.3774046883
tgo,1991,58.1019776681
tgo,1992,58.9609011587
tgo,1993,59.8534665123
tgo,1994,60.6696026344
tgo,1995,61.3279206093
tgo,1996,61.8005514801
tgo,1997,62.1205040085
tgo,1998,62.3848713931
tgo,1999,62.6973841505
tgo,2000,63.1342206874
tgo,2001,63.7003085268
tgo,2002,64.3736938438
tgo,2003,65.1142622977
tgo,2004,65.8728123007
tgo,2005,66.6006231590
tgo,2006,65.4191059327
tgo,2007,64.2405727816
tgo,2008,63.0755779761
tgo,2009,61.9396451615
tgo,2010,60.8404774776
tgo,2011,59.7439815289
tgo,2012,58.6660370306
tgo,2013,57.6273363901
tgo,2014,56.6338471471
tgo,2015,55.6852753504
tgo,2016,54.7755054417
tgo,2017,53.9030927978
tgo,2018,53.0635792468
tto,1960,62.1416511582
tto,1961,62.2176855917
tto,1962,62.4956008662
tto,1963,62.9607473897
tto,1964,63.5952871870
tto,1965,64.3710416779
tto,1966,65.3030395086
tto,1967,66.3784085362
tto,1968,67.5345162510
tto,1969,68.6718385796
tto,1970,69.7241640366
tto,1971,70.6603131382
tto,1972,71.4964206573
tto,1973,72.2640666567
tto,1974,73.0386349002
tto,1975,73.8663209749
tto,1976,74.7671106475
tto,1977,75.7188864322
tto,1978,76.7100377336
tto,1979,77.7033675576
tto,1980,78.4553590950
tto,1981,77.7693414599
tto,1982,77.0538421363
tto,1983,76.3659464215
tto,1984,75.7741267602
tto,1985,75.3169517385
tto,1986,75.0111982526
tto,1987,74.8376047541
tto,1988,74.7689308330
tto,1989,74.7598310678
tto,1990,74.7850335216
tto,1991,74.8297006297
tto,1992,74.9055100233
tto,1993,75.0220241641
tto,1994,75.2048657158
tto,1995,75.4639930930
tto,1996,75.8061194956
tto,1997,76.2149532041
tto,1998,76.6543478137
tto,1999,77.0748806937
tto,2000,77.3954618988
tto,2001,77.3513537927
tto,2002,77.2439639274
tto,2003,77.0914747452
tto,2004,76.9304928419
tto,2005,76.7837698275
tto,2006,76.6588650793
tto,2007,76.5479508822
tto,2008,76.4323861706
tto,2009,76.2922487418
tto,2010,76.1119728625
tto,2011,75.8902890824
tto,2012,75.6049306088
tto,2013,75.2771046429
tto,2014,74.9341732768
tto,2015,74.5995661368
tto,2016,74.2746604540
tto,2017,73.9589840249
tto,2018,73.6512793872
tun,1960,37.5340873274
tun,1961,37.3672806404
tun,1962,37.1486287575
tun,1963,36.8829780729
tun,1964,36.5790075907
tun,1965,36.2467785217
tun,1966,35.8940781137
tun,1967,35.5664580973
tun,1968,35.2296058397
tun,1969,34.8963072853
tun,1970,34.5766391367
tun,1971,34.2723788752
tun,1972,33.9806296839
tun,1973,33.6971859313
tun,1974,33.4195536764
tun,1975,33.1684256980
tun,1976,33.0635972078
tun,1977,32.9566090660
tun,1978,32.8360069514
tun,1979,32.6825703634
tun,1980,32.4903018284
tun,1981,32.2546624692
tun,1982,31.9917635884
tun,1983,31.7258925875
tun,1984,31.4810555408
tun,1985,31.2595978896
tun,1986,31.0954314664
tun,1987,30.9825506089
tun,1988,30.9092035793
tun,1989,30.8577923546
tun,1990,30.8216976812
tun,1991,30.7981910679
tun,1992,30.7967040035
tun,1993,30.8290767318
tun,1994,30.7920292459
tun,1995,30.3060191485
tun,1996,29.8881891859
tun,1997,29.5299107237
tun,1998,29.2233020952
tun,1999,28.9587958079
tun,2000,28.7284062342
tun,2001,28.5311537592
tun,2002,28.3631932322
tun,2003,28.2088231690
tun,2004,28.0968386208
tun,2005,28.1885061837
tun,2006,28.2560194176
tun,2007,28.3026149178
tun,2008,28.3368474394
tun,2009,28.3697855947
tun,2010,28.4125073087
tun,2011,28.4665387183
tun,2012,28.5290307220
tun,2013,28.5926754171
tun,2014,28.6491299460
tun,2015,28.6893980595
tun,2016,28.7123978827
tun,2017,28.7230585983
tun,2018,28.7294118237
tur,1960,16.7864184312
tur,1961,17.0071772654
tur,1962,17.4503679942
tur,1963,17.9096912590
tur,1964,18.3870204855
tur,1965,18.8771627771
tur,1966,19.2749323588
tur,1967,19.6346158731
tur,1968,20.0088505491
tur,1969,20.3924203521
tur,1970,20.7887282159
tur,1971,21.0695454019
tur,1972,21.2990598441
tur,1973,21.5338216617
tur,1974,21.7812423572
tur,1975,22.0421638732
tur,1976,22.2241659756
tur,1977,22.3707996565
tur,1978,22.5250799402
tur,1979,22.6814540249
tur,1980,22.8385710457
tur,1981,22.5291141375
tur,1982,22.0716780267
tur,1983,21.6583847253
tur,1984,21.2943446098
tur,1985,20.9831039605
tur,1986,20.8014685924
tur,1987,20.6897709336
tur,1988,20.6087189207
tur,1989,20.5544271387
tur,1990,20.5246951286
tur,1991,20.5925464787
tur,1992,20.7072895643
tur,1993,20.8310903909
tur,1994,20.9621577020
tur,1995,21.0973188658
tur,1996,21.2369094786
tur,1997,21.3793880022
tur,1998,21.4165128612
tur,1999,21.3817920655
tur,2000,21.3565450372
tur,2001,21.5298675743
tur,2002,21.8003237115
tur,2003,22.0859691413
tur,2004,22.3922328530
tur,2005,22.7190535399
tur,2006,23.0725239969
tur,2007,23.4488745119
tur,2008,23.8354895325
tur,2009,24.2115434611
tur,2010,24.5675750063
tur,2011,24.9000145632
tur,2012,24.9752869688
tur,2013,24.8010381802
tur,2014,24.6318483143
tur,2015,24.4381255235
tur,2016,24.2197837578
tur,2017,24.0177079088
tur,2018,23.8463704730
tkm,1960,24.0753980626
tkm,1961,24.0564498163
tkm,1962,24.0384207307
tkm,1963,24.0277251313
tkm,1964,24.0350726482
tkm,1965,24.0606981770
tkm,1966,24.1120199339
tkm,1967,24.1847450167
tkm,1968,24.2762673311
tkm,1969,24.3745787458
tkm,1970,24.3799190546
tkm,1971,24.2726396783
tkm,1972,24.1722350241
tkm,1973,24.0784937682
tkm,1974,23.9944125482
tkm,1975,23.9213247104
tkm,1976,23.8570835186
tkm,1977,23.7993764514
tkm,1978,23.7535630383
tkm,1979,23.7711020221
tkm,1980,23.8643210292
tkm,1981,23.9711280199
tkm,1982,24.0916561198
tkm,1983,24.2172059975
tkm,1984,24.3413572604
tkm,1985,24.4547996272
tkm,1986,24.5642833289
tkm,1987,24.6722076422
tkm,1988,24.7703571212
tkm,1989,24.8109459311
tkm,1990,24.7881422277
tkm,1991,24.7364135823
tkm,1992,24.6708230879
tkm,1993,24.6213832252
tkm,1994,24.6313931064
tkm,1995,24.6451725858
tkm,1996,24.6577727210
tkm,1997,24.7448863065
tkm,1998,24.8921552406
tkm,1999,25.0772837672
tkm,2000,25.2827597116
tkm,2001,25.5051096270
tkm,2002,25.7436165688
tkm,2003,25.9885909032
tkm,2004,26.2283377450
tkm,2005,26.4451830807
tkm,2006,26.6352634905
tkm,2007,26.7962794022
tkm,2008,26.9248171441
tkm,2009,27.0147303634
tkm,2010,27.0656386308
tkm,2011,27.0761330939
tkm,2012,27.0510212354
tkm,2013,27.0036816979
tkm,2014,26.9521255505
tkm,2015,26.9074754891
tkm,2016,26.8739677650
tkm,2017,26.8512029662
tkm,2018,26.8392686951
uga,1960,45.9968618582
uga,1961,46.9351172145
uga,1962,47.8439784742
uga,1963,48.7252914815
uga,1964,49.6169796672
uga,1965,50.5291486344
uga,1966,51.4445289936
uga,1967,52.3954541212
uga,1968,53.4042016958
uga,1969,54.5179224335
uga,1970,54.2185647802
uga,1971,53.8170299558
uga,1972,53.4976722595
uga,1973,53.2228337332
uga,1974,52.9344846774
uga,1975,52.5936185778
uga,1976,52.1924484663
uga,1977,51.7369246357
uga,1978,51.2558026013
uga,1979,50.7603442975
uga,1980,49.9878921064
uga,1981,48.9136741988
uga,1982,47.8509017857
uga,1983,46.7991689751
uga,1984,45.7313203177
uga,1985,44.6332080524
uga,1986,43.5189655461
uga,1987,42.4045857931
uga,1988,41.3095731854
uga,1989,40.2572914534
uga,1990,39.2713555291
uga,1991,38.5272882619
uga,1992,38.0292000488
uga,1993,37.5695159895
uga,1994,37.1528845625
uga,1995,36.7764390754
uga,1996,36.4437431692
uga,1997,36.1427185967
uga,1998,35.8577365718
uga,1999,35.5683542873
uga,2000,35.2621196861
uga,2001,34.9334446792
uga,2002,34.5912512625
uga,2003,34.2430482063
uga,2004,33.9014331465
uga,2005,33.5749789258
uga,2006,33.2596242302
uga,2007,32.9546246893
uga,2008,32.6566653022
uga,2009,32.3603529098
uga,2010,32.0665392634
uga,2011,31.7821900046
uga,2012,31.5070036059
uga,2013,31.2222948506
uga,2014,30.9086211076
uga,2015,30.5599917463
uga,2016,30.1765291111
uga,2017,29.7771638068
uga,2018,29.4019129075
ukr,1960,5.8258201759
ukr,1961,5.8663870070
ukr,1962,5.9091131527
ukr,1963,5.9557980279
ukr,1964,6.0089548166
ukr,1965,6.0582374427
ukr,1966,6.1167859118
ukr,1967,6.1838797779
ukr,1968,6.2580775110
ukr,1969,6.3364917887
ukr,1970,6.4091457817
ukr,1971,6.4731119164
ukr,1972,6.5393014615
ukr,1973,6.6083342807
ukr,1974,6.6822118766
ukr,1975,6.7643238737
ukr,1976,6.8529247221
ukr,1977,6.9470388716
ukr,1978,7.0467828442
ukr,1979,7.1144326956
ukr,1980,7.1414373975
ukr,1981,7.1642857031
ukr,1982,7.2017427142
ukr,1983,7.2381600803
ukr,1984,7.2747061673
ukr,1985,7.3173785151
ukr,1986,7.3591597870
ukr,1987,7.4000993065
ukr,1988,7.4378382638
ukr,1989,7.4419943773
ukr,1990,7.4299059782
ukr,1991,7.4193776664
ukr,1992,7.4030422931
ukr,1993,7.4038887412
ukr,1994,7.4458124278
ukr,1995,7.5099341078
ukr,1996,7.5819811187
ukr,1997,7.6565128669
ukr,1998,7.7305626435
ukr,1999,7.8090501418
ukr,2000,7.8933804511
ukr,2001,7.9786271442
ukr,2002,8.0786904624
ukr,2003,8.1768238669
ukr,2004,8.2687047686
ukr,2005,8.3714310472
ukr,2006,8.4878680235
ukr,2007,8.5992853007
ukr,2008,8.7075251579
ukr,2009,8.7969220442
ukr,2010,8.8821506372
ukr,2011,8.9649605099
ukr,2012,9.0384867543
ukr,2013,9.1106873769
ukr,2014,9.2067310556
ukr,2015,9.2834733803
ukr,2016,9.3675696872
ukr,2017,9.4575890401
ukr,2018,9.5542170423
are,1960,49.4045077804
are,1961,47.1343781260
are,1962,44.1120343262
are,1963,41.1615816836
are,1964,38.8752848989
are,1965,37.3185201721
are,1966,36.4460085673
are,1967,35.8185776596
are,1968,36.0123785475
are,1969,38.1542334294
are,1970,38.9436898184
are,1971,38.7910867032
are,1972,38.3352832268
are,1973,37.8838398273
are,1974,37.6914745889
are,1975,37.8707055748
are,1976,36.6833490610
are,1977,34.2776141447
are,1978,32.4986437909
are,1979,31.3938127124
are,1980,30.9123456880
are,1981,30.7459046224
are,1982,30.7916690228
are,1983,31.0589053977
are,1984,31.3713106451
are,1985,31.6083224643
are,1986,31.8221602444
are,1987,32.0424814482
are,1988,32.2453826716
are,1989,32.4556769374
are,1990,32.7039547694
are,1991,32.9568278019
are,1992,33.2060905819
are,1993,33.4885866292
are,1994,33.8659749436
are,1995,34.3517806748
are,1996,34.8091053047
are,1997,35.1759361129
are,1998,35.5187671876
are,1999,35.8281035083
are,2000,36.0675419125
are,2001,36.4038249003
are,2002,36.7684583035
are,2003,36.6635308356
are,2004,35.5965018092
are,2005,33.5885550050
are,2006,31.1631717745
are,2007,28.8539962675
are,2008,27.0636030753
are,2009,26.1198437566
are,2010,26.0761913187
are,2011,26.0797962383
are,2012,26.7176221837
are,2013,27.7953895904
are,2014,29.0485142124
are,2015,30.2557732289
are,2016,31.3512235239
are,2017,32.3968902990
are,2018,33.4262581877
gbr,1960,19.9387850369
gbr,1961,19.7385728570
gbr,1962,19.4237242603
gbr,1963,19.1333823101
gbr,1964,18.8659402733
gbr,1965,18.6042217235
gbr,1966,18.3626877083
gbr,1967,18.1271316605
gbr,1968,17.9036897583
gbr,1969,17.6960724095
gbr,1970,17.4939079220
gbr,1971,17.2740019297
gbr,1972,16.9946704562
gbr,1973,16.7452654947
gbr,1974,16.5208367104
gbr,1975,16.3111893139
gbr,1976,16.1070074979
gbr,1977,15.9072374694
gbr,1978,15.7041745859
gbr,1979,15.4906947901
gbr,1980,15.2755953259
gbr,1981,15.1304571347
gbr,1982,15.1692662127
gbr,1983,15.1977393962
gbr,1984,15.2072170953
gbr,1985,15.2063867711
gbr,1986,15.2048884739
gbr,1987,15.2062796933
gbr,1988,15.2062776350
gbr,1989,15.2003998362
gbr,1990,15.1886971628
gbr,1991,15.2506337205
gbr,1992,15.3016683288
gbr,1993,15.3573073878
gbr,1994,15.4108167015
gbr,1995,15.4631807446
gbr,1996,15.5174150766
gbr,1997,15.5712998946
gbr,1998,15.6200386309
gbr,1999,15.6625610752
gbr,2000,15.7014022006
gbr,2001,15.7277046834
gbr,2002,15.6970157392
gbr,2003,15.6607677521
gbr,2004,15.6092071204
gbr,2005,15.5402432801
gbr,2006,15.4648066220
gbr,2007,15.5376455585
gbr,2008,15.6104398662
gbr,2009,15.6886527189
gbr,2010,15.7640292603
gbr,2011,15.8408791391
gbr,2012,15.9088163791
gbr,2013,15.9810885948
gbr,2014,16.0411140994
gbr,2015,16.0952204204
gbr,2016,16.1632634744
gbr,2017,16.2339994870
gbr,2018,16.3145270008
usa,1960,11.1997817724
usa,1961,11.1082986147
usa,1962,11.0314517623
usa,1963,10.9667471636
usa,1964,10.9088601382
usa,1965,10.8666950020
usa,1966,10.8359570047
usa,1967,10.8131675152
usa,1968,10.8011100618
usa,1969,10.7916521125
usa,1970,10.7281509548
usa,1971,10.5507886633
usa,1972,10.3965747307
usa,1973,10.2566198084
usa,1974,10.1226260322
usa,1975,9.9831594267
usa,1976,9.8490844239
usa,1977,9.7115176979
usa,1978,9.5708004898
usa,1979,9.4278455071
usa,1980,9.3114246274
usa,1981,9.2279245286
usa,1982,9.1478182663
usa,1983,9.0719779903
usa,1984,9.0014513774
usa,1985,8.9296253217
usa,1986,8.8550742792
usa,1987,8.7839623530
usa,1988,8.7122563629
usa,1989,8.6381867315
usa,1990,8.5577119353
usa,1991,8.4870578010
usa,1992,8.4136360234
usa,1993,8.3470732610
usa,1994,8.2894573967
usa,1995,8.2359042721
usa,1996,8.1855711191
usa,1997,8.1329387745
usa,1998,8.0843444327
usa,1999,8.0380230304
usa,2000,7.9855829630
usa,2001,7.9133512709
usa,2002,7.8469015954
usa,2003,7.7864631199
usa,2004,7.7214614062
usa,2005,7.6575508790
usa,2006,7.5910059261
usa,2007,7.5261602090
usa,2008,7.4624136836
usa,2009,7.4043921863
usa,2010,7.3505485006
usa,2011,7.3041246132
usa,2012,7.2572369211
usa,2013,7.2130901950
usa,2014,7.1659986009
usa,2015,7.1186711938
usa,2016,7.0724497037
usa,2017,7.0319686285
usa,2018,6.9930594130
ury,1960,63.0798813765
ury,1961,62.4620027005
ury,1962,61.8828296137
ury,1963,61.3418013304
ury,1964,60.8396935619
ury,1965,60.3746351667
ury,1966,59.9409964395
ury,1967,59.5424808110
ury,1968,59.2081303809
ury,1969,58.9743254788
ury,1970,58.8624982177
ury,1971,58.8848566106
ury,1972,59.0201216006
ury,1973,59.2095271854
ury,1974,59.3739129694
ury,1975,59.4454489176
ury,1976,59.3410576002
ury,1977,59.1540602672
ury,1978,58.9116706927
ury,1979,58.6554652573
ury,1980,58.4156602333
ury,1981,58.1957482515
ury,1982,57.9846084856
ury,1983,57.7848101020
ury,1984,57.5944505969
ury,1985,57.4110083386
ury,1986,57.1448113791
ury,1987,56.8495641229
ury,1988,56.5616641924
ury,1989,56.2705798034
ury,1990,55.9694654833
ury,1991,55.6602107199
ury,1992,55.3484639319
ury,1993,55.0391103908
ury,1994,54.7381873730
ury,1995,54.4519305635
ury,1996,54.1464234875
ury,1997,53.6119565626
ury,1998,53.1217728999
ury,1999,52.7070196440
ury,2000,52.3844983793
ury,2001,52.1644001276
ury,2002,52.0316790315
ury,2003,51.9495542566
ury,2004,51.8702352176
ury,2005,52.0260023556
ury,2006,52.1363144854
ury,2007,52.2085748001
ury,2008,52.2524947121
ury,2009,52.2853595530
ury,2010,52.3203870822
ury,2011,52.3590582466
ury,2012,52.4321771232
ury,2013,52.5120961997
ury,2014,52.5856253380
ury,2015,52.6520038582
ury,2016,52.7112616396
ury,2017,52.7669503358
ury,2018,52.8224294518
uzb,1960,33.2715927079
uzb,1961,33.1776580508
uzb,1962,33.0747831165
uzb,1963,32.9564301047
uzb,1964,32.8151566959
uzb,1965,32.6451440867
uzb,1966,32.4486522592
uzb,1967,32.2379866596
uzb,1968,32.0478528956
uzb,1969,31.9119049663
uzb,1970,31.6276632588
uzb,1971,31.1642288333
uzb,1972,30.7752773991
uzb,1973,30.4312137365
uzb,1974,30.1005634857
uzb,1975,29.7621403748
uzb,1976,29.4130026391
uzb,1977,29.0584615427
uzb,1978,28.7102390132
uzb,1979,28.3688880104
uzb,1980,28.0376832771
uzb,1981,27.7268645872
uzb,1982,27.4339004465
uzb,1983,27.1544606956
uzb,1984,26.8843854830
uzb,1985,26.6192571064
uzb,1986,26.3619155572
uzb,1987,26.1144227921
uzb,1988,25.8755907313
uzb,1989,25.4720864316
uzb,1990,24.7568647762
uzb,1991,24.1133085825
uzb,1992,23.2995061073
uzb,1993,22.5321590303
uzb,1994,21.8587521597
uzb,1995,21.2406971101
uzb,1996,20.6202833304
uzb,1997,20.0471292454
uzb,1998,19.5662576776
uzb,1999,19.2004458939
uzb,2000,18.7735812881
uzb,2001,18.3689771457
uzb,2002,18.0256670394
uzb,2003,17.7008937179
uzb,2004,17.3855757429
uzb,2005,17.0757984004
uzb,2006,16.7634015297
uzb,2007,16.4249041971
uzb,2008,16.0656229446
uzb,2009,15.8289024102
uzb,2010,15.4209314842
uzb,2011,15.1310149600
uzb,2012,15.1145712842
uzb,2013,15.0841688348
uzb,2014,15.0353222351
uzb,2015,14.9780926849
uzb,2016,14.9221921744
uzb,2017,14.8747862032
uzb,2018,14.8117545976
ven,1960,26.2244360135
ven,1961,26.2433367853
ven,1962,26.0212683737
ven,1963,25.8267624437
ven,1964,25.6585269467
ven,1965,25.5131998216
ven,1966,25.3910338701
ven,1967,25.2919324827
ven,1968,25.2192432506
ven,1969,25.1739949846
ven,1970,25.1599797571
ven,1971,25.1775660629
ven,1972,24.8471218233
ven,1973,24.3517282314
ven,1974,23.8791592084
ven,1975,23.4249261265
ven,1976,22.9870925188
ven,1977,22.5658122092
ven,1978,22.1634637477
ven,1979,21.7816108898
ven,1980,21.4214174915
ven,1981,21.0821436033
ven,1982,20.5817737385
ven,1983,20.0268858627
ven,1984,19.4941195366
ven,1985,18.9811810078
ven,1986,18.4868393744
ven,1987,18.0119422296
ven,1988,17.5582277496
ven,1989,17.1277785647
ven,1990,16.7216618889
ven,1991,16.3277624659
ven,1992,15.9499183389
ven,1993,15.5918397154
ven,1994,15.2515814359
ven,1995,14.9275466882
ven,1996,14.6193163665
ven,1997,14.3262961910
ven,1998,14.0464741825
ven,1999,13.7781390683
ven,2000,13.5202257846
ven,2001,13.2719555757
ven,2002,13.0503256641
ven,2003,12.8272934186
ven,2004,12.6150540165
ven,2005,12.4142123538
ven,2006,12.2281434788
ven,2007,12.0567740855
ven,2008,11.8944435404
ven,2009,11.7335404480
ven,2010,11.5715288707
ven,2011,11.3986410384
ven,2012,11.2291440669
ven,2013,11.0874388147
ven,2014,11.0077667610
ven,2015,11.0113168488
ven,2016,11.1152956363
ven,2017,11.3040479765
ven,2018,11.5235235682
vnm,1960,29.1515078826
vnm,1961,28.6254931227
vnm,1962,28.1185248719
vnm,1963,27.6295011501
vnm,1964,27.1623378415
vnm,1965,26.7097573067
vnm,1966,26.2767523731
vnm,1967,25.8642017786
vnm,1968,25.4771130062
vnm,1969,25.1193875449
vnm,1970,24.7959071780
vnm,1971,24.9039047043
vnm,1972,25.0370867257
vnm,1973,25.1881205583
vnm,1974,25.3541145998
vnm,1975,25.5309199202
vnm,1976,25.7183470414
vnm,1977,25.9128399882
vnm,1978,26.1113681586
vnm,1979,26.3033830322
vnm,1980,25.9971666293
vnm,1981,25.5244849825
vnm,1982,25.0498475068
vnm,1983,24.5789848775
vnm,1984,24.1179547681
vnm,1985,23.6700479046
vnm,1986,23.2368975840
vnm,1987,22.8206206459
vnm,1988,22.4185270944
vnm,1989,22.1116483640
vnm,1990,22.0570275383
vnm,1991,22.0101801510
vnm,1992,21.9765175909
vnm,1993,21.9617875521
vnm,1994,21.9771867433
vnm,1995,22.0289096074
vnm,1996,22.1194647444
vnm,1997,22.2423247437
vnm,1998,22.3977774836
vnm,1999,22.5289900278
vnm,2000,22.5357445700
vnm,2001,22.5612804763
vnm,2002,22.6032167028
vnm,2003,22.6595485884
vnm,2004,22.7234833536
vnm,2005,22.7903348207
vnm,2006,22.8599372662
vnm,2007,22.9307376376
vnm,2008,23.0034965593
vnm,2009,23.0726143227
vnm,2010,23.1316748589
vnm,2011,23.1905247262
vnm,2012,23.2489303708
vnm,2013,23.3116810372
vnm,2014,23.3784224100
vnm,2015,23.4520975886
vnm,2016,23.5339005216
vnm,2017,23.6278184812
vnm,2018,23.7355376265
pse,1990,20.1628725777
pse,1991,19.8414987122
pse,1992,19.5280944215
pse,1993,19.2204588533
pse,1994,18.9207323208
pse,1995,18.6279322587
pse,1996,18.3422293607
pse,1997,18.0617629519
pse,1998,18.1475312098
pse,1999,18.2455628714
pse,2000,18.3455029947
pse,2001,18.4448747037
pse,2002,18.5458632766
pse,2003,18.6481035927
pse,2004,18.7519298305
pse,2005,18.8552360656
pse,2006,18.9604270791
pse,2007,19.0664060371
pse,2008,19.0785331138
pse,2009,19.0617261678
pse,2010,19.0575197487
pse,2011,19.0656892657
pse,2012,19.0842252179
pse,2013,19.1126907226
pse,2014,19.1514895539
pse,2015,19.1996166900
pse,2016,19.2561269564
pse,2017,19.3597028037
pse,2018,19.3574193556
yem,1960,25.0156606305
yem,1961,25.0176916729
yem,1962,25.0161210294
yem,1963,25.0129034190
yem,1964,25.0144038317
yem,1965,25.0154384031
yem,1966,25.0204949416
yem,1967,25.0208895310
yem,1968,25.0212873913
yem,1969,25.0298527520
yem,1970,25.0430971689
yem,1971,25.4382929373
yem,1972,25.8377853874
yem,1973,26.0605975310
yem,1974,25.2541952207
yem,1975,24.3932202717
yem,1976,23.5740786638
yem,1977,22.7147167872
yem,1978,21.8331356442
yem,1979,20.9551018501
yem,1980,20.0922540558
yem,1981,19.2491909944
yem,1982,19.8988538946
yem,1983,20.8417642865
yem,1984,21.8267972082
yem,1985,22.8492019087
yem,1986,23.7865053880
yem,1987,24.5497180285
yem,1988,25.3134200545
yem,1989,26.0217614518
yem,1990,26.6611152341
yem,1991,27.2149789511
yem,1992,27.7246530796
yem,1993,28.2577751539
yem,1994,28.9149830709
yem,1995,29.1480169916
yem,1996,29.0387945651
yem,1997,29.0589345436
yem,1998,29.1702105321
yem,1999,29.3164895558
yem,2000,29.4631499324
yem,2001,29.5999724988
yem,2002,29.7403240322
yem,2003,29.8851381268
yem,2004,30.0397264753
yem,2005,29.9239637831
yem,2006,29.5837241982
yem,2007,29.2537583207
yem,2008,28.9354745735
yem,2009,28.6247657068
yem,2010,28.3267554056
yem,2011,28.0404844176
yem,2012,27.7675067910
yem,2013,27.5116072556
yem,2014,27.2798340261
yem,2015,27.0744514670
yem,2016,26.8966055860
yem,2017,26.7441689961
yem,2018,26.6154649528
zmb,1960,17.7619204870
zmb,1961,17.8202417321
zmb,1962,17.8879898313
zmb,1963,18.0530070623
zmb,1964,18.5812131276
zmb,1965,19.1362618321
zmb,1966,19.7249978087
zmb,1967,20.3507463210
zmb,1968,21.0143477055
zmb,1969,21.7112117647
zmb,1970,21.8799595392
zmb,1971,21.9531499538
zmb,1972,22.0258327668
zmb,1973,22.0988719727
zmb,1974,22.1781918561
zmb,1975,22.2679435701
zmb,1976,22.3705607436
zmb,1977,22.4827913211
zmb,1978,22.6058886682
zmb,1979,22.7356075788
zmb,1980,22.8712427637
zmb,1981,22.9230358686
zmb,1982,22.9682369823
zmb,1983,23.0204207714
zmb,1984,23.0872436811
zmb,1985,23.1702772845
zmb,1986,23.2708701847
zmb,1987,23.3889464370
zmb,1988,23.5322101090
zmb,1989,23.7055750371
zmb,1990,23.9158151989
zmb,1991,24.3928928317
zmb,1992,24.9513664103
zmb,1993,25.5357565819
zmb,1994,26.1284264040
zmb,1995,26.7130737244
zmb,1996,27.2843582686
zmb,1997,27.8426661513
zmb,1998,28.4056265893
zmb,1999,28.9897881583
zmb,2000,29.6085994951
zmb,2001,29.9614613942
zmb,2002,30.2170489259
zmb,2003,30.4824765154
zmb,2004,30.7512846672
zmb,2005,31.0114872086
zmb,2006,31.2695863133
zmb,2007,31.5241438050
zmb,2008,31.7669244230
zmb,2009,31.9847883424
zmb,2010,32.1754704102
zmb,2011,32.3366168711
zmb,2012,32.4711700962
zmb,2013,32.5929108831
zmb,2014,32.7215072482
zmb,2015,32.8673674188
zmb,2016,33.0353834667
zmb,2017,33.2212257255
zmb,2018,33.4209340802
zwe,1960,52.0782755521
zwe,1961,52.0718485851
zwe,1962,51.8735522551
zwe,1963,50.7926688486
zwe,1964,49.7430964349
zwe,1965,48.7353255233
zwe,1966,47.7726701572
zwe,1967,46.8474424755
zwe,1968,45.9513022026
zwe,1969,45.2335088098
zwe,1970,45.3592340000
zwe,1971,45.4631537506
zwe,1972,45.5554702274
zwe,1973,45.2548401694
zwe,1974,43.7918888881
zwe,1975,42.5599345050
zwe,1976,41.4137888571
zwe,1977,40.3365548152
zwe,1978,39.2953458672
zwe,1979,38.2512718255
zwe,1980,37.1867576776
zwe,1981,36.1129715756
zwe,1982,35.0483444675
zwe,1983,34.7681110913
zwe,1984,34.6169754074
zwe,1985,34.4854562580
zwe,1986,34.3802449849
zwe,1987,34.3091316556
zwe,1988,34.3091690389
zwe,1989,34.4082527821
zwe,1990,34.6367409024
zwe,1991,34.9981456493
zwe,1992,35.4895287895
zwe,1993,35.2177761617
zwe,1994,34.9039507581
zwe,1995,34.6646973306
zwe,1996,34.4911207564
zwe,1997,34.3786745641
zwe,1998,34.3258382247
zwe,1999,34.3300811004
zwe,2000,34.3875227533
zwe,2001,34.4953773573
zwe,2002,34.6418372138
zwe,2003,34.8557408944
zwe,2004,35.0525665381
zwe,2005,35.1947461767
zwe,2006,35.2755371651
zwe,2007,35.2955229771
zwe,2008,35.2529511428
zwe,2009,35.1467060935
zwe,2010,34.9824299857
zwe,2011,34.7554343868
zwe,2012,34.4753475320
zwe,2013,34.1699650757
zwe,2014,33.8448196023
zwe,2015,33.5218428438
zwe,2016,33.2094088724
zwe,2017,32.8990375638
zwe,2018,32.5763444911
