year,country,sl_emp_1524_sp_fe_zs
1991,arb,11.8400825486245
1992,arb,11.568005638453
1993,arb,11.124513898201801
1994,arb,11.306848656693
1995,arb,11.196640990277901
1996,arb,11.3674809136912
1997,arb,11.5343002121257
1998,arb,11.2324914427827
1999,arb,12.8226711222752
2000,arb,11.5349253611886
2001,arb,10.4651703444026
2002,arb,11.538882922137498
2003,arb,11.7617463087795
2004,arb,11.666572525380099
2005,arb,10.7499569193421
2006,arb,10.841948119893301
2007,arb,10.9150541533853
2008,arb,10.9081593900599
2009,arb,10.333609520306801
2010,arb,10.3184172169266
2011,arb,10.0167467739283
2012,arb,10.0004768247776
2013,arb,10.1142547955835
2014,arb,10.0481687209903
1991,css,27.3597826307509
1992,css,27.084216021426897
1993,css,26.9886141335097
1994,css,27.5201170645982
1995,css,26.019422925809398
1996,css,25.0702336003585
1997,css,25.098281438263196
1998,css,24.748395125207896
1999,css,23.802132052035198
2000,css,24.8393214876378
2001,css,24.7371995780955
2002,css,25.38464244085
2003,css,26.591316208727
2004,css,26.466699607041896
2005,css,27.5285898131558
2006,css,28.993905517030303
2007,css,29.2070490598277
2008,css,28.1317241718086
2009,css,25.169164976122197
2010,css,23.6944117131884
2011,css,24.8364803830675
2012,css,23.4536139158885
2013,css,22.949929757779604
2014,css,23.665758505425
1991,ceb,34.4916818954521
1992,ceb,34.8232064062077
1993,ceb,31.774770602245603
1994,ceb,30.3117914331243
1995,ceb,29.121535245274302
1996,ceb,28.377453722991
1997,ceb,28.4730707687362
1998,ceb,28.5611436911298
1999,ceb,26.1248668240496
2000,ceb,25.8389896794262
2001,ceb,24.4631259442654
2002,ceb,22.2703083417757
2003,ceb,20.9808586246325
2004,ceb,20.8434893924283
2005,ceb,20.088176015476197
2006,ceb,21.7126994934262
2007,ceb,22.3776152263539
2008,ceb,22.8553063408139
2009,ceb,21.963069614580103
2010,ceb,20.8874781860537
2011,ceb,19.6189361309772
2012,ceb,19.7300148505293
2013,ceb,19.725598026666997
2014,ceb,20.5950968074192
1991,eas,63.4106376795427
1992,eas,63.441973630877705
1993,eas,62.4182853516325
1994,eas,61.5544695803728
1995,eas,60.8650875615557
1996,eas,59.732407729689996
1997,eas,58.303328686176904
1998,eas,56.2177436071684
1999,eas,55.306108106707605
2000,eas,54.507685491938105
2001,eas,52.94338053674371
2002,eas,51.640204102686994
2003,eas,50.5911848987259
2004,eas,49.472721479253906
2005,eas,48.582222056148794
2006,eas,47.8921794198576
2007,eas,47.61852623642079
2008,eas,46.7287855464626
2009,eas,46.10313713430801
2010,eas,45.225815884447606
2011,eas,45.708747305029796
2012,eas,45.6860624897731
2013,eas,45.439515255737895
2014,eas,45.224860160364706
1991,eap,65.2608799624011
1992,eap,65.3078783070839
1993,eap,64.2283765079931
1994,eap,63.235445110779494
1995,eap,62.4635644968191
1996,eap,61.2312192835158
1997,eap,59.6883848684583
1998,eap,57.5698525316886
1999,eap,56.6191055997188
2000,eap,55.648183407038495
2001,eap,53.9262764462584
2002,eap,52.521796240084896
2003,eap,51.358576079692604
2004,eap,50.1054386858656
2005,eap,49.066269980761994
2006,eap,48.340070018545
2007,eap,48.0739344130878
2008,eap,47.13597365550879
2009,eap,46.5601038552805
2010,eap,45.6551864272969
2011,eap,46.186933580498504
2012,eap,46.194098880745294
2013,eap,45.898316540382794
2014,eap,45.67735574272671
1991,emu,37.484638649321106
1992,emu,35.6959662807958
1993,emu,33.0696499002164
1994,emu,31.5719434721094
1995,emu,30.503397868738602
1996,emu,29.708730106043802
1997,emu,29.522211244173697
1998,emu,30.515261392182698
1999,emu,31.6193822711275
2000,emu,32.6606023936242
2001,emu,32.8867622490977
2002,emu,32.4805445069346
2003,emu,32.1053136501933
2004,emu,32.3339262122296
2005,emu,32.819163672886
2006,emu,33.4252569174294
2007,emu,34.5043304329146
2008,emu,34.662530556111
2009,emu,32.8954716430635
2010,emu,31.4444892965098
2011,emu,31.157352036533297
2012,emu,29.8270452910418
2013,emu,29.2794357580162
2014,emu,29.3539023814573
1991,ecs,38.260369688121294
1992,ecs,37.8218621370634
1993,ecs,35.234248203826205
1994,ecs,34.484731747355596
1995,ecs,33.6550116596865
1996,ecs,32.8487690456533
1997,ecs,31.698656035608202
1998,ecs,31.262105286662603
1999,ecs,31.864150953720397
2000,ecs,31.8598328393457
2001,ecs,31.431436664844103
2002,ecs,31.2124664038501
2003,ecs,30.3304502835711
2004,ecs,30.236760421001602
2005,ecs,30.259214342702897
2006,ecs,30.687824319983697
2007,ecs,31.3246330502515
2008,ecs,31.812861067691397
2009,ecs,30.7250642350468
2010,ecs,30.0312300851105
2011,ecs,29.9825672037002
2012,ecs,29.3745634394895
2013,ecs,29.414332720283
2014,ecs,29.785736892638898
1991,eca,34.5046335276021
1992,eca,33.5456850434079
1993,eca,31.1666759972987
1994,eca,32.509866091443
1995,eca,32.0614454277936
1996,eca,31.5679453321209
1997,eca,30.3346204129991
1998,eca,29.562768764370603
1999,eca,29.5840723442129
2000,eca,27.898536389954902
2001,eca,27.4967007527869
2002,eca,26.8373040961833
2003,eca,25.8136068011482
2004,eca,25.578938435973
2005,eca,24.9343132979963
2006,eca,24.8980639312933
2007,eca,24.9744409516131
2008,eca,25.345836037341105
2009,eca,25.106750446379102
2010,eca,25.243942905311304
2011,eca,25.5437416344703
2012,eca,25.5562489170502
2013,eca,25.7496685732382
2014,eca,25.674689790276197
1991,euu,40.147238534877296
1992,euu,38.43880527335371
1993,euu,35.5953262515108
1994,euu,34.2341498981498
1995,euu,33.2533035154366
1996,euu,32.6704475899388
1997,euu,32.615107328811
1998,euu,33.3276881543648
1999,euu,33.4336012654583
2000,euu,34.1813099460486
2001,euu,34.0118482459831
2002,euu,33.2957937943471
2003,euu,32.668261335584
2004,euu,32.926517424930395
2005,euu,32.9410278608218
2006,euu,33.8703931756095
2007,euu,34.5615162473025
2008,euu,34.934870141347105
2009,euu,33.2156333017556
2010,euu,31.9940023380936
2011,euu,31.5325495942871
2012,euu,30.777215371706
2013,euu,30.552575823300902
2014,euu,31.1475809426785
1991,fcs,33.8095035302985
1992,fcs,33.5904170853983
1993,fcs,33.587593294432104
1994,fcs,33.5851072681362
1995,fcs,33.7730327434961
1996,fcs,33.603710170981
1997,fcs,33.57297330192839
1998,fcs,33.4674452511865
1999,fcs,33.5869548367339
2000,fcs,33.444867603463
2001,fcs,33.6700600820766
2002,fcs,33.920264748941804
2003,fcs,34.2285962177996
2004,fcs,34.3710873286656
2005,fcs,34.3235617919129
2006,fcs,34.132606641433895
2007,fcs,34.1330736512652
2008,fcs,34.186856665317194
2009,fcs,33.9992630563584
2010,fcs,33.9681999208202
2011,fcs,33.7904824813937
2012,fcs,33.7543914608506
2013,fcs,33.653950576673395
2014,fcs,33.6410482826125
1991,hpc,47.920243352304894
1992,hpc,47.7398358614833
1993,hpc,47.8521660080623
1994,hpc,47.7974197823068
1995,hpc,47.784622209896604
1996,hpc,48.20536338082071
1997,hpc,48.1870957068626
1998,hpc,48.152949359153396
1999,hpc,48.119296994369705
2000,hpc,48.252548638491106
2001,hpc,48.3582652288138
2002,hpc,48.5360907688366
2003,hpc,48.5157109064998
2004,hpc,48.8262927593458
2005,hpc,49.0366963037059
2006,hpc,48.59387435764871
2007,hpc,48.9333661418501
2008,hpc,48.7863493228204
2009,hpc,48.72924429124679
2010,hpc,48.521330681863496
2011,hpc,48.3466247905245
2012,hpc,48.269472716402596
2013,hpc,48.62768273245771
2014,hpc,48.4843382435203
1991,hic,41.7153000375595
1992,hic,41.500245867315
1993,hic,39.9904311161876
1994,hic,39.6183067871252
1995,hic,38.9343817109051
1996,hic,38.4141325800541
1997,hic,38.0439364396781
1998,hic,37.9043305495753
1999,hic,38.1477181846725
2000,hic,38.617244261893795
2001,hic,38.1302491646595
2002,hic,37.473390114986294
2003,hic,36.6106627914112
2004,hic,36.7277307611834
2005,hic,37.225088960416606
2006,hic,37.4575864615339
2007,hic,37.794023718918204
2008,hic,37.6480050884577
2009,hic,35.772176696873395
2010,hic,34.567612943438
2011,hic,34.4399275977892
2012,hic,34.225577185803104
2013,hic,34.6001765298164
2014,hic,35.098706835098604
1991,noc,32.825196073826696
1992,noc,35.885961038373296
1993,noc,33.1027544489323
1994,noc,31.693588809414802
1995,noc,30.0598637322112
1996,noc,28.5365695871486
1997,noc,26.9449021324052
1998,noc,25.3624484046788
1999,noc,26.591793598579002
2000,noc,26.5820630671752
2001,noc,26.3002093413853
2002,noc,26.443923886687003
2003,noc,25.3091739027754
2004,noc,25.6803700640587
2005,noc,26.3158839717096
2006,noc,26.152462066533197
2007,noc,27.108227799221
2008,noc,27.540821404078603
2009,noc,26.420431659007303
2010,noc,25.282860097628603
2011,noc,25.3278854698345
2012,noc,24.4628749928402
2013,noc,24.794497034451
2014,noc,24.656245430842
1991,oec,44.1170384987695
1992,oec,43.0328952439749
1993,oec,41.9216611631795
1994,oec,41.9025915478015
1995,oec,41.578391263574204
1996,oec,41.4489309582266
1997,oec,41.5470458698898
1998,oec,41.9563072678166
1999,oec,41.9590107970624
2000,oec,42.6607827279851
2001,oec,42.176908790149206
2002,oec,41.307486914726894
2003,oec,40.5896269891642
2004,oec,40.64960476711679
2005,oec,41.1081203092806
2006,oec,41.48736552251079
2007,oec,41.5994041553727
2008,oec,41.233153871537496
2009,oec,39.0660505590213
2010,oec,37.8017844618563
2011,oec,37.5525585735417
2012,oec,37.483151930205494
2013,oec,37.779832480366004
2014,oec,38.393122030354206
1991,lcn,33.0066290302056
1992,lcn,34.843490378590104
1993,lcn,34.5189645208441
1994,lcn,34.7263939881165
1995,lcn,34.2826867792774
1996,lcn,33.4625951345298
1997,lcn,33.9981261716366
1998,lcn,33.9940345513603
1999,lcn,34.206084927256605
2000,lcn,33.5002756395932
2001,lcn,34.1325004395152
2002,lcn,33.736096265985395
2003,lcn,33.0035597838076
2004,lcn,33.6924013202392
2005,lcn,34.3150762430546
2006,lcn,34.5279052555278
2007,lcn,35.1008585416757
2008,lcn,35.3898342902957
2009,lcn,34.0516881895851
2010,lcn,34.3187150331101
2011,lcn,34.747599147825
2012,lcn,35.2685959963574
2013,lcn,35.581571830368205
2014,lcn,35.3646179325948
1991,lac,33.925350031365596
1992,lac,36.024002613363
1993,lac,36.118502650719705
1994,lac,36.2208886517176
1995,lac,36.1175693060622
1996,lac,35.191759297286
1997,lac,35.4622688694011
1998,lac,35.355572920778705
1999,lac,35.848610467424706
2000,lac,35.2829173493504
2001,lac,35.7914371946018
2002,lac,35.5289849123935
2003,lac,34.819739661981004
2004,lac,35.3126524931366
2005,lac,35.9579917996089
2006,lac,36.2676798626725
2007,lac,36.7836005524836
2008,lac,37.038051307673896
2009,lac,35.704641712203795
2010,lac,36.2019878994223
2011,lac,36.6091396489152
2012,lac,37.2497208438676
2013,lac,37.5182928424801
2014,lac,37.3380963375535
1991,ldc,51.6510944237024
1992,ldc,51.316216654742604
1993,ldc,51.290574204356005
1994,ldc,50.95355523592939
1995,ldc,50.66701979860721
1996,ldc,51.0417425322145
1997,ldc,50.508827758292796
1998,ldc,50.4905333607595
1999,ldc,50.0984747496271
2000,ldc,49.757438176449604
2001,ldc,49.9655275641572
2002,ldc,50.2104467711199
2003,ldc,50.469518181134006
2004,ldc,50.450727205294704
2005,ldc,50.041513399887
2006,ldc,49.817135794741496
2007,ldc,49.90939753499251
2008,ldc,49.6965002284872
2009,ldc,49.3666112043518
2010,ldc,49.529305173447106
2011,ldc,49.3397861646605
2012,ldc,49.20627977897921
2013,ldc,49.345113752721794
2014,ldc,49.222607478332904
1991,lmy,45.208185176004896
1992,lmy,45.01305976441811
1993,lmy,44.08152095472529
1994,lmy,43.6393398062016
1995,lmy,42.769289655547205
1996,lmy,41.8495341221231
1997,lmy,40.8173597188036
1998,lmy,39.6154500811199
1999,lmy,39.071851603850604
2000,lmy,38.250607452508895
2001,lmy,37.6710188860664
2002,lmy,37.5008314998826
2003,lmy,37.271858374400296
2004,lmy,37.0526179807966
2005,lmy,36.653791745937205
2006,lmy,36.1326355891
2007,lmy,35.8652008084016
2008,lmy,35.1284606470603
2009,lmy,34.4831176943793
2010,lmy,33.857478378098605
2011,lmy,33.83374679036061
2012,lmy,33.622721645704104
2013,lmy,33.5538331174445
2014,lmy,33.3592852112343
1991,lic,56.6523051616554
1992,lic,56.29461037638679
1993,lic,56.334999771984904
1994,lic,55.821298506253605
1995,lic,55.361446460951605
1996,lic,55.649252011802
1997,lic,55.4051542016013
1998,lic,55.1820213765535
1999,lic,55.099261162799394
2000,lic,55.25692270556
2001,lic,55.761742175607395
2002,lic,56.1897876992676
2003,lic,56.4317139271925
2004,lic,56.870453930913
2005,lic,56.8713440552189
2006,lic,56.362288587996204
2007,lic,56.5300704740647
2008,lic,56.20869297965201
2009,lic,56.05490216760511
2010,lic,55.83589649072739
2011,lic,55.509101172281
2012,lic,55.2437072511709
2013,lic,55.419108941323394
2014,lic,55.1555949481437
1991,lmc,30.584592887810302
1992,lmc,30.8024548262605
1993,lmc,30.346230331286396
1994,lmc,30.7138414805426
1995,lmc,30.4509299704869
1996,lmc,30.1311547152564
1997,lmc,29.497876253139
1998,lmc,28.764407063143896
1999,lmc,28.856281445194103
2000,lmc,28.244727702807698
2001,lmc,27.8882766308496
2002,lmc,28.251214244788198
2003,lmc,28.522397226282397
2004,lmc,28.4233205096575
2005,lmc,27.993229919243003
2006,lmc,27.3985979711593
2007,lmc,26.9903328668165
2008,lmc,26.1106546237279
2009,lmc,25.5134804700229
2010,lmc,24.6972339877943
2011,lmc,24.5295426979834
2012,lmc,24.2347044061056
2013,lmc,24.235827745848304
2014,lmc,24.2083915912183
1991,mea,10.5005222507955
1992,mea,10.204943770043599
1993,mea,9.827423689257632
1994,mea,9.91564417327098
1995,mea,9.71179713877573
1996,mea,9.62221981683438
1997,mea,9.9555551967776
1998,mea,9.754327212472859
1999,mea,11.252158702298699
2000,mea,10.2400557633606
2001,mea,9.406297270803972
2002,mea,10.3247450992628
2003,mea,10.7057772244967
2004,mea,10.989171585234098
2005,mea,10.1337839860904
2006,mea,9.98792952733477
2007,mea,9.93757946665203
2008,mea,9.414739573852438
2009,mea,9.12012345574548
2010,mea,8.86835609819708
2011,mea,8.57268981236029
2012,mea,8.7541347659639
2013,mea,8.82937471828807
2014,mea,8.69890830564102
1991,mna,10.4297002408146
1992,mna,10.197181874147
1993,mna,9.78590346167547
1994,mna,9.73835134161366
1995,mna,9.49133017540564
1996,mna,9.41101112393145
1997,mna,9.78825110906075
1998,mna,9.570672598790289
1999,mna,11.0397862264801
2000,mna,9.93705518737108
2001,mna,9.05974733260718
2002,mna,10.145525831910199
2003,mna,10.631676701215198
2004,mna,10.935259897780199
2005,mna,9.952813229101501
2006,mna,9.72098174047884
2007,mna,9.636972276251099
2008,mna,9.060411499442349
2009,mna,8.68293873968855
2010,mna,8.36442718167081
2011,mna,8.03284979306038
2012,mna,7.9907054801984
2013,mna,7.97850028060288
2014,mna,7.850851351313571
1991,mic,44.2458143352585
1992,mic,44.0437056971459
1993,mic,43.0046672165819
1994,mic,42.5436213177517
1995,mic,41.609611321481
1996,mic,40.552777672641795
1997,mic,39.4162315196916
1998,mic,38.0870074377007
1999,mic,37.465999391865
2000,mic,36.5163185950389
2001,mic,35.8011475794029
2002,mic,35.547080394768706
2003,mic,35.2483415745727
2004,mic,34.9361047846705
2005,mic,34.4649587111605
2006,mic,33.910839259173606
2007,mic,33.5571865332152
2008,mic,32.726777668047
2009,mic,31.9654283931211
2010,mic,31.2166840171865
2011,mic,31.1427225471518
2012,mic,30.8346806406566
2013,mic,30.6173274545324
2014,mic,30.311679739341198
1991,nac,51.6560586165333
1992,nac,50.855960587080205
1993,nac,51.2176327259229
1994,nac,52.48877965731971
1995,nac,52.568682596798
1996,nac,52.731652424509896
1997,nac,53.089087892288596
1998,nac,54.248749360698206
1999,nac,54.2423042266026
2000,nac,54.524481428098404
2001,nac,53.1251232690742
2002,nac,51.348522771084795
2003,nac,49.895016622838
2004,nac,49.592988096614704
2005,nac,50.109761039711294
2006,nac,50.07963820221
2007,nac,49.6880217306647
2008,nac,48.201124989533994
2009,nac,44.902714879164
2010,nac,42.844031426627204
2011,nac,42.5587218682789
2012,nac,43.015834383725796
2013,nac,43.669258721061105
2014,nac,44.531364993309296
1991,oed,42.2890625409511
1992,oed,41.2212123744823
1993,oed,39.9315397051092
1994,oed,40.1015158615458
1995,oed,39.550300847000706
1996,oed,39.458018699517204
1997,oed,39.442031399250496
1998,oed,39.9407663984428
1999,oed,39.99335285382789
2000,oed,40.1989463047393
2001,oed,39.587889659302604
2002,oed,38.7069339629735
2003,oed,37.7764350839851
2004,oed,37.673415668291995
2005,oed,38.1843233927354
2006,oed,38.58325078787271
2007,oed,38.6416529798132
2008,oed,38.3946307194408
2009,oed,36.285119293400506
2010,oed,35.4730904974598
2011,oed,35.266627789486705
2012,oed,35.320834335278505
2013,oed,35.5174505605351
2014,oed,35.9836451163616
1991,oss,32.0025996663335
1992,oss,30.216763883091502
1993,oss,29.7351559502141
1994,oss,31.0589095203616
1995,oss,30.446562800013105
1996,oss,30.816740056394
1997,oss,29.9042637577103
1998,oss,31.899270232544602
1999,oss,30.376111719399802
2000,oss,30.3205004125336
2001,oss,29.5364144640099
2002,oss,31.2313291300312
2003,oss,29.545373207340603
2004,oss,29.4047517131842
2005,oss,29.504622751312
2006,oss,30.284906442537103
2007,oss,30.375992280749198
2008,oss,29.0833916744405
2009,oss,28.904864554888
2010,oss,29.1799018637608
2011,oss,29.0035988043816
2012,oss,29.4012652124313
2013,oss,29.6494033323223
2014,oss,29.6200802839992
1991,sst,30.4248172659381
1992,sst,29.2245104446765
1993,sst,28.8994654340803
1994,sst,29.975438449615602
1995,sst,29.2019943373614
1996,sst,29.2293299666452
1997,sst,28.609206732417697
1998,sst,29.8587949549637
1999,sst,28.6189490121294
2000,sst,28.8742367398616
2001,sst,28.381294230023602
2002,sst,29.774164734268602
2003,sst,28.805627787164102
2004,sst,28.811731668397
2005,sst,29.1430456472191
2006,sst,29.9800459255846
2007,sst,30.024884494680702
2008,sst,28.8361379350228
2009,sst,28.070716822965004
2010,sst,27.9727738166813
2011,sst,28.101945864447103
2012,sst,28.108159099605498
2013,sst,28.2037977420656
2014,sst,28.3613662569836
1991,sas,28.7594998661162
1992,sas,28.534979923426498
1993,sas,28.3020801852981
1994,sas,28.845305028752602
1995,sas,27.984886528622102
1996,sas,27.704746425431498
1997,sas,27.1288637920019
1998,sas,26.570354128418497
1999,sas,26.0156912557145
2000,sas,25.2044747287221
2001,sas,25.3190293178827
2002,sas,26.0304600065152
2003,sas,26.6461485237426
2004,sas,26.75468306329
2005,sas,26.520936918376
2006,sas,25.5677103288535
2007,sas,24.612784959981298
2008,sas,23.1915924751798
2009,sas,22.266259908874
2010,sas,21.2586253391615
2011,sas,20.683182425846397
2012,sas,20.0489811175589
2013,sas,20.0788274992825
2014,sas,20.0596776635938
1991,ssf,41.420415353023294
1992,ssf,41.423344640323
1993,ssf,41.5777241249526
1994,ssf,41.9787569670198
1995,ssf,42.1952875865129
1996,ssf,42.3721789763424
1997,ssf,42.272719013563794
1998,ssf,42.4024274027975
1999,ssf,42.291794832818
2000,ssf,42.7453262725789
2001,ssf,43.023911472586
2002,ssf,43.443605099310396
2003,ssf,43.5845914309225
2004,ssf,44.063503805356206
2005,ssf,44.2375810853512
2006,ssf,44.0393511958278
2007,ssf,44.2541283250226
2008,ssf,44.18058621785029
2009,ssf,44.0824500389288
2010,ssf,43.9568171555101
2011,ssf,43.8899753068151
2012,ssf,43.8674655916422
2013,ssf,44.2700003480308
2014,ssf,44.2174431444032
1991,ssa,41.4094174588636
1992,ssa,41.411883206362795
1993,ssa,41.5676968744104
1994,ssa,41.9693489801713
1995,ssa,42.18639979388271
1996,ssa,42.362575470817795
1997,ssa,42.2619888353158
1998,ssa,42.3938602371812
1999,ssa,42.2829901179558
2000,ssa,42.7367779355362
2001,ssa,43.0141360602454
2002,ssa,43.4347349566788
2003,ssa,43.5755694123492
2004,ssa,44.05372682299971
2005,ssa,44.2284925507243
2006,ssa,44.0300823475656
2007,ssa,44.2442839476369
2008,ssa,44.17046181125961
2009,ssa,44.072815345729396
2010,ssa,43.946729861792
2011,ssa,43.8794245730585
2012,ssa,43.856947947543404
2013,ssa,44.260076966230294
2014,ssa,44.208342661985206
1991,umc,57.279157864712296
1992,umc,57.0641089799459
1993,umc,55.8798785667328
1994,umc,55.010846518220504
1995,umc,53.797303155913106
1996,umc,52.3023729167713
1997,umc,50.9727932154838
1998,umc,49.2861930167736
1999,umc,48.0533848666616
2000,umc,46.8293976859548
2001,umc,45.7079622208035
2002,umc,44.6456330885207
2003,umc,43.5631739816618
2004,umc,42.9230407456769
2005,umc,42.3707340912245
2006,umc,41.869406103994606
2007,umc,41.6074804469497
2008,umc,40.89509706838071
2009,umc,40.0341156969082
2010,umc,39.53596208234
2011,umc,39.8132329071987
2012,umc,39.800414085422204
2013,umc,39.654663501808706
2014,umc,39.328409931918294
1991,wld,44.586923899553796
1992,wld,44.394596886306104
1993,wld,43.3665005012575
1994,wld,42.941575853296
1995,wld,42.1078814975557
1996,wld,41.2611264648036
1997,wld,40.345714534672105
1998,wld,39.3269582848696
1999,wld,38.9177389964665
2000,wld,38.310921466223
2001,wld,37.7457483574286
2002,wld,37.496424719296705
2003,wld,37.167243478800295
2004,wld,37.001967050107496
2005,wld,36.741617225949504
2006,wld,36.3340828855963
2007,wld,36.1555219637985
2008,wld,35.5043317028538
2009,wld,34.6738006368359
2010,wld,33.961702157504
2011,wld,33.9221831764197
2012,wld,33.710204083501395
2013,wld,33.705013178348
2014,wld,33.6092568783967
1991,afg,9.60000038146973
1992,afg,9.5
1993,afg,9.30000019073486
1994,afg,9.30000019073486
1995,afg,9.19999980926514
1996,afg,9.10000038146973
1997,afg,8.89999961853027
1998,afg,8.80000019073486
1999,afg,8.80000019073486
2000,afg,7.800000190734861
2001,afg,7.800000190734861
2002,afg,7.800000190734861
2003,afg,8.0
2004,afg,7.900000095367429
2005,afg,8.80000019073486
2006,afg,8.80000019073486
2007,afg,9.19999980926514
2008,afg,9.10000038146973
2009,afg,9.80000019073486
2010,afg,9.69999980926514
2011,afg,9.69999980926514
2012,afg,10.0
2013,afg,9.60000038146973
2014,afg,9.60000038146973
1991,alb,40.4000015258789
1992,alb,37.7999992370605
1993,alb,35.0999984741211
1994,alb,34.7000007629395
1995,alb,34.0
1996,alb,34.9000015258789
1997,alb,36.2999992370605
1998,alb,34.5999984741211
1999,alb,33.7999992370605
2000,alb,36.7000007629395
2001,alb,33.7999992370605
2002,alb,35.9000015258789
2003,alb,35.5999984741211
2004,alb,32.9000015258789
2005,alb,30.600000381469698
2006,alb,27.7000007629395
2007,alb,26.2000007629395
2008,alb,22.2000007629395
2009,alb,20.7999992370605
2010,alb,21.7999992370605
2011,alb,22.0
2012,alb,22.5
2013,alb,23.0
2014,alb,23.100000381469698
1991,dza,4.5
1992,dza,4.0
1993,dza,4.19999980926514
1994,dza,5.400000095367429
1995,dza,4.30000019073486
1996,dza,4.099999904632569
1997,dza,5.300000190734861
1998,dza,4.90000009536743
1999,dza,4.5
2000,dza,2.79999995231628
2001,dza,3.29999995231628
2002,dza,3.70000004768372
2003,dza,4.30000019073486
2004,dza,5.800000190734861
2005,dza,5.199999809265139
2006,dza,6.0
2007,dza,5.0
2008,dza,5.599999904632571
2009,dza,5.599999904632571
2010,dza,5.699999809265139
2011,dza,5.800000190734861
2012,dza,6.0
2013,dza,6.5
2014,dza,6.699999809265139
1991,ago,46.0999984741211
1992,ago,46.4000015258789
1993,ago,47.2999992370605
1994,ago,48.4000015258789
1995,ago,48.5
1996,ago,48.2999992370605
1997,ago,47.4000015258789
1998,ago,47.0
1999,ago,47.0999984741211
2000,ago,47.0999984741211
2001,ago,47.0999984741211
2002,ago,46.7999992370605
2003,ago,46.5
2004,ago,46.2000007629395
2005,ago,45.5
2006,ago,44.7999992370605
2007,ago,44.0
2008,ago,43.2000007629395
2009,ago,43.4000015258789
2010,ago,43.9000015258789
2011,ago,44.0
2012,ago,44.0999984741211
2013,ago,44.2000007629395
2014,ago,44.2999992370605
1991,arg,36.7999992370605
1992,arg,36.2999992370605
1993,arg,29.899999618530302
1994,arg,30.399999618530302
1995,arg,25.399999618530302
1996,arg,25.7000007629395
1997,arg,26.5
1998,arg,27.399999618530302
1999,arg,26.7000007629395
2000,arg,23.2999992370605
2001,arg,23.7999992370605
2002,arg,22.0
2003,arg,21.1000003814697
2004,arg,25.2999992370605
2005,arg,25.5
2006,arg,25.399999618530302
2007,arg,27.0
2008,arg,27.399999618530302
2009,arg,25.7999992370605
2010,arg,24.0
2011,arg,24.5
2012,arg,24.100000381469698
2013,arg,24.0
2014,arg,23.399999618530302
1991,arm,25.7999992370605
1992,arm,26.7000007629395
1993,arm,24.399999618530302
1994,arm,26.7999992370605
1995,arm,19.1000003814697
1996,arm,26.7000007629395
1997,arm,27.100000381469698
1998,arm,27.7999992370605
1999,arm,27.7000007629395
2000,arm,28.2999992370605
2001,arm,20.7999992370605
2002,arm,15.3000001907349
2003,arm,13.3999996185303
2004,arm,16.2000007629395
2005,arm,12.0
2006,arm,11.5
2007,arm,9.5
2008,arm,18.2000007629395
2009,arm,15.1000003814697
2010,arm,14.8000001907349
2011,arm,17.3999996185303
2012,arm,17.7999992370605
2013,arm,18.7999992370605
2014,arm,17.8999996185303
1991,aus,55.7999992370605
1992,aus,54.5
1993,aus,54.0999984741211
1994,aus,57.0
1995,aus,59.4000015258789
1996,aus,59.2999992370605
1997,aus,57.7000007629395
1998,aus,58.7000007629395
1999,aus,59.9000015258789
2000,aus,61.0999984741211
2001,aus,60.5999984741211
2002,aus,60.2000007629395
2003,aus,61.2999992370605
2004,aus,61.5999984741211
2005,aus,62.4000015258789
2006,aus,62.9000015258789
2007,aus,63.4000015258789
2008,aus,63.7999992370605
2009,aus,60.7000007629395
2010,aus,59.7999992370605
2011,aus,60.2999992370605
2012,aus,59.4000015258789
2013,aus,59.4000015258789
2014,aus,59.0
1991,aut,58.5
1992,aut,59.2000007629395
1993,aut,55.5
1994,aut,56.2000007629395
1995,aut,53.2999992370605
1996,aut,51.9000015258789
1997,aut,50.9000015258789
1998,aut,50.2999992370605
1999,aut,49.0
2000,aut,47.9000015258789
2001,aut,46.9000015258789
2002,aut,47.2000007629395
2003,aut,46.5
2004,aut,48.0
2005,aut,49.4000015258789
2006,aut,50.2000007629395
2007,aut,51.7999992370605
2008,aut,52.5
2009,aut,51.7000007629395
2010,aut,49.2999992370605
2011,aut,50.0999984741211
2012,aut,50.2999992370605
2013,aut,50.2000007629395
2014,aut,50.5
1991,aze,39.4000015258789
1992,aze,38.7999992370605
1993,aze,39.7999992370605
1994,aze,40.2999992370605
1995,aze,40.7999992370605
1996,aze,41.5
1997,aze,40.4000015258789
1998,aze,39.7000007629395
1999,aze,43.4000015258789
2000,aze,33.5
2001,aze,33.2000007629395
2002,aze,32.9000015258789
2003,aze,32.5
2004,aze,32.5
2005,aze,32.0999984741211
2006,aze,31.600000381469698
2007,aze,32.7000007629395
2008,aze,31.7000007629395
2009,aze,32.0999984741211
2010,aze,35.9000015258789
2011,aze,35.4000015258789
2012,aze,35.0999984741211
2013,aze,36.0
2014,aze,36.2000007629395
1991,bhs,39.4000015258789
1992,bhs,36.0
1993,bhs,38.0999984741211
1994,bhs,37.2999992370605
1995,bhs,39.7999992370605
1996,bhs,36.7000007629395
1997,bhs,37.2999992370605
1998,bhs,41.0999984741211
1999,bhs,40.5
2000,bhs,40.9000015258789
2001,bhs,42.5999984741211
2002,bhs,40.4000015258789
2003,bhs,36.9000015258789
2004,bhs,38.0
2005,bhs,39.7000007629395
2006,bhs,42.7999992370605
2007,bhs,41.2999992370605
2008,bhs,41.5999984741211
2009,bhs,31.100000381469698
2010,bhs,31.5
2011,bhs,37.7000007629395
2012,bhs,36.9000015258789
2013,bhs,35.2000007629395
2014,bhs,36.2999992370605
1991,bhr,19.3999996185303
1992,bhr,19.3999996185303
1993,bhr,19.2999992370605
1994,bhr,20.6000003814697
1995,bhr,20.7000007629395
1996,bhr,21.1000003814697
1997,bhr,21.0
1998,bhr,21.5
1999,bhr,21.600000381469698
2000,bhr,21.2000007629395
2001,bhr,21.899999618530302
2002,bhr,23.0
2003,bhr,23.7999992370605
2004,bhr,24.2000007629395
2005,bhr,24.7999992370605
2006,bhr,25.5
2007,bhr,24.0
2008,bhr,26.7000007629395
2009,bhr,26.5
2010,bhr,27.100000381469698
2011,bhr,26.399999618530302
2012,bhr,26.399999618530302
2013,bhr,25.899999618530302
2014,bhr,25.2999992370605
1991,bgd,54.7999992370605
1992,bgd,54.0
1993,bgd,53.5999984741211
1994,bgd,53.0999984741211
1995,bgd,52.5999984741211
1996,bgd,52.5
1997,bgd,50.7000007629395
1998,bgd,50.7999992370605
1999,bgd,48.5999984741211
2000,bgd,47.2000007629395
2001,bgd,47.2999992370605
2002,bgd,47.5
2003,bgd,48.7000007629395
2004,bgd,47.5999984741211
2005,bgd,45.5
2006,bgd,46.0
2007,bgd,45.7000007629395
2008,bgd,45.5
2009,bgd,44.5
2010,bgd,46.2999992370605
2011,bgd,46.2999992370605
2012,bgd,46.2000007629395
2013,bgd,45.9000015258789
2014,bgd,45.7999992370605
1991,brb,39.0
1992,brb,31.2999992370605
1993,brb,30.399999618530302
1994,brb,28.100000381469698
1995,brb,33.9000015258789
1996,brb,41.7000007629395
1997,brb,37.5999984741211
1998,brb,40.7999992370605
1999,brb,42.0
2000,brb,44.5
2001,brb,41.7000007629395
2002,brb,40.2000007629395
2003,brb,37.7000007629395
2004,brb,38.4000015258789
2005,brb,39.5
2006,brb,40.2000007629395
2007,brb,41.9000015258789
2008,brb,41.0999984741211
2009,brb,39.7999992370605
2010,brb,39.2999992370605
2011,brb,37.5
2012,brb,37.2000007629395
2013,brb,37.5
2014,brb,37.2000007629395
1991,blr,44.0
1992,blr,43.0999984741211
1993,blr,42.2000007629395
1994,blr,41.2999992370605
1995,blr,40.2999992370605
1996,blr,39.2000007629395
1997,blr,37.7000007629395
1998,blr,36.5999984741211
1999,blr,35.5
2000,blr,34.4000015258789
2001,blr,33.4000015258789
2002,blr,32.5
2003,blr,31.600000381469698
2004,blr,30.7999992370605
2005,blr,30.100000381469698
2006,blr,29.5
2007,blr,29.0
2008,blr,28.5
2009,blr,28.100000381469698
2010,blr,28.7000007629395
2011,blr,29.2000007629395
2012,blr,29.7000007629395
2013,blr,30.0
2014,blr,30.2000007629395
1991,bel,29.100000381469698
1992,bel,29.899999618530302
1993,bel,25.7999992370605
1994,bel,24.7999992370605
1995,bel,23.899999618530302
1996,bel,22.600000381469698
1997,bel,22.0
1998,bel,23.0
1999,bel,23.7000007629395
2000,bel,26.7999992370605
2001,bel,24.7000007629395
2002,bel,26.100000381469698
2003,bel,24.2999992370605
2004,bel,25.100000381469698
2005,bel,25.100000381469698
2006,bel,24.899999618530302
2007,bel,25.100000381469698
2008,bel,25.100000381469698
2009,bel,23.2000007629395
2010,bel,22.899999618530302
2011,bel,23.899999618530302
2012,bel,22.2999992370605
2013,bel,21.899999618530302
2014,bel,22.0
1991,blz,26.399999618530302
1992,blz,25.600000381469698
1993,blz,26.100000381469698
1994,blz,24.2999992370605
1995,blz,23.5
1996,blz,23.100000381469698
1997,blz,21.899999618530302
1998,blz,22.100000381469698
1999,blz,23.0
2000,blz,25.5
2001,blz,27.600000381469698
2002,blz,27.2000007629395
2003,blz,27.399999618530302
2004,blz,27.600000381469698
2005,blz,27.7000007629395
2006,blz,29.7000007629395
2007,blz,31.2000007629395
2008,blz,32.0
2009,blz,27.399999618530302
2010,blz,28.600000381469698
2011,blz,28.399999618530302
2012,blz,26.399999618530302
2013,blz,26.399999618530302
2014,blz,27.2000007629395
1991,ben,54.5
1992,ben,54.5999984741211
1993,ben,54.9000015258789
1994,ben,55.2000007629395
1995,ben,55.5999984741211
1996,ben,55.9000015258789
1997,ben,56.0
1998,ben,56.0
1999,ben,56.5999984741211
2000,ben,57.0
2001,ben,57.5
2002,ben,57.9000015258789
2003,ben,57.2000007629395
2004,ben,57.5
2005,ben,57.4000015258789
2006,ben,56.4000015258789
2007,ben,56.4000015258789
2008,ben,56.4000015258789
2009,ben,56.4000015258789
2010,ben,56.0
2011,ben,56.0
2012,ben,55.9000015258789
2013,ben,56.2000007629395
2014,ben,56.2999992370605
1991,btn,32.9000015258789
1992,btn,32.7000007629395
1993,btn,32.4000015258789
1994,btn,32.4000015258789
1995,btn,32.7000007629395
1996,btn,34.0999984741211
1997,btn,36.0
1998,btn,37.9000015258789
1999,btn,39.5999984741211
2000,btn,41.0
2001,btn,42.7000007629395
2002,btn,44.7000007629395
2003,btn,46.5999984741211
2004,btn,46.9000015258789
2005,btn,47.7999992370605
2006,btn,47.4000015258789
2007,btn,46.0
2008,btn,45.0999984741211
2009,btn,43.2999992370605
2010,btn,45.7999992370605
2011,btn,45.7000007629395
2012,btn,47.7000007629395
2013,btn,45.2999992370605
2014,btn,45.2999992370605
1991,bol,39.9000015258789
1992,bol,39.0
1993,bol,39.4000015258789
1994,bol,40.0
1995,bol,40.4000015258789
1996,bol,40.5999984741211
1997,bol,42.2000007629395
1998,bol,42.9000015258789
1999,bol,42.0999984741211
2000,bol,41.5999984741211
2001,bol,41.9000015258789
2002,bol,41.2000007629395
2003,bol,41.5
2004,bol,42.9000015258789
2005,bol,42.5
2006,bol,42.5999984741211
2007,bol,43.0999984741211
2008,bol,44.2999992370605
2009,bol,44.9000015258789
2010,bol,45.0999984741211
2011,bol,45.5999984741211
2012,bol,45.7999992370605
2013,bol,46.4000015258789
2014,bol,46.5
1991,bih,11.6999998092651
1992,bih,11.3000001907349
1993,bih,10.6999998092651
1994,bih,9.5
1995,bih,11.1000003814697
1996,bih,10.6000003814697
1997,bih,9.89999961853027
1998,bih,10.0
1999,bih,10.3000001907349
2000,bih,10.6999998092651
2001,bih,9.19999980926514
2002,bih,11.1999998092651
2003,bih,10.1999998092651
2004,bih,9.5
2005,bih,10.1999998092651
2006,bih,9.10000038146973
2007,bih,9.5
2008,bih,12.1000003814697
2009,bih,11.3999996185303
2010,bih,9.69999980926514
2011,bih,10.3999996185303
2012,bih,9.80000019073486
2013,bih,10.8999996185303
2014,bih,10.6999998092651
1991,bwa,47.5
1992,bwa,33.2000007629395
1993,bwa,32.2000007629395
1994,bwa,31.2000007629395
1995,bwa,31.600000381469698
1996,bwa,33.7000007629395
1997,bwa,37.4000015258789
1998,bwa,47.7000007629395
1999,bwa,30.7000007629395
2000,bwa,31.5
2001,bwa,32.0999984741211
2002,bwa,43.2999992370605
2003,bwa,31.399999618530302
2004,bwa,32.4000015258789
2005,bwa,33.4000015258789
2006,bwa,38.2000007629395
2007,bwa,35.7999992370605
2008,bwa,33.4000015258789
2009,bwa,34.4000015258789
2010,bwa,34.5999984741211
2011,bwa,34.4000015258789
2012,bwa,34.2000007629395
2013,bwa,34.9000015258789
2014,bwa,34.2999992370605
1991,bra,40.5
1992,bra,45.0
1993,bra,44.7999992370605
1994,bra,44.7999992370605
1995,bra,44.7000007629395
1996,bra,42.2000007629395
1997,bra,41.5999984741211
1998,bra,39.7000007629395
1999,bra,40.2000007629395
2000,bra,39.9000015258789
2001,bra,39.7999992370605
2002,bra,40.7999992370605
2003,bra,39.9000015258789
2004,bra,41.7999992370605
2005,bra,42.0999984741211
2006,bra,42.4000015258789
2007,bra,43.0
2008,bra,43.5
2009,bra,41.9000015258789
2010,bra,42.5999984741211
2011,bra,44.0999984741211
2012,bra,44.5
2013,bra,44.5999984741211
2014,bra,44.2000007629395
1991,brn,32.5
1992,brn,33.2000007629395
1993,brn,33.7999992370605
1994,brn,34.0
1995,brn,34.2999992370605
1996,brn,35.0
1997,brn,36.7999992370605
1998,brn,37.9000015258789
1999,brn,37.9000015258789
2000,brn,38.7999992370605
2001,brn,39.2999992370605
2002,brn,38.4000015258789
2003,brn,37.2999992370605
2004,brn,37.0999984741211
2005,brn,36.4000015258789
2006,brn,36.0
2007,brn,35.9000015258789
2008,brn,36.0
2009,brn,35.9000015258789
2010,brn,35.7000007629395
2011,brn,36.0
2012,brn,36.2000007629395
2013,brn,36.2999992370605
2014,brn,36.5999984741211
1991,bgr,33.4000015258789
1992,bgr,37.0
1993,bgr,27.7000007629395
1994,bgr,27.100000381469698
1995,bgr,28.600000381469698
1996,bgr,28.0
1997,bgr,25.600000381469698
1998,bgr,24.2000007629395
1999,bgr,20.7999992370605
2000,bgr,18.2999992370605
2001,bgr,21.600000381469698
2002,bgr,20.6000003814697
2003,bgr,20.6000003814697
2004,bgr,21.0
2005,bgr,21.0
2006,bgr,23.0
2007,bgr,23.899999618530302
2008,bgr,25.5
2009,bgr,23.7999992370605
2010,bgr,21.0
2011,bgr,18.7999992370605
2012,bgr,18.3999996185303
2013,bgr,18.3999996185303
2014,bgr,18.5
1991,bfa,71.9000015258789
1992,bfa,72.099998474121
1993,bfa,71.3000030517578
1994,bfa,71.6999969482422
1995,bfa,71.6999969482422
1996,bfa,71.599998474121
1997,bfa,71.6999969482422
1998,bfa,71.5
1999,bfa,71.5
2000,bfa,70.8000030517578
2001,bfa,71.3000030517578
2002,bfa,70.6999969482422
2003,bfa,70.8000030517578
2004,bfa,70.6999969482422
2005,bfa,70.6999969482422
2006,bfa,71.0
2007,bfa,70.0
2008,bfa,69.90000152587889
2009,bfa,69.8000030517578
2010,bfa,69.8000030517578
2011,bfa,69.5
2012,bfa,69.40000152587889
2013,bfa,69.1999969482422
2014,bfa,69.099998474121
1991,bdi,73.6999969482422
1992,bdi,72.3000030517578
1993,bdi,70.599998474121
1994,bdi,69.5
1995,bdi,68.0
1996,bdi,66.6999969482422
1997,bdi,65.90000152587889
1998,bdi,64.6999969482422
1999,bdi,64.3000030517578
2000,bdi,64.099998474121
2001,bdi,63.9000015258789
2002,bdi,63.5999984741211
2003,bdi,63.0999984741211
2004,bdi,62.7000007629395
2005,bdi,62.2999992370605
2006,bdi,61.9000015258789
2007,bdi,61.4000015258789
2008,bdi,61.0999984741211
2009,bdi,60.7000007629395
2010,bdi,60.5
2011,bdi,60.2999992370605
2012,bdi,60.2000007629395
2013,bdi,59.9000015258789
2014,bdi,59.7000007629395
1991,cpv,35.5
1992,cpv,35.5
1993,cpv,35.5999984741211
1994,cpv,35.5
1995,cpv,35.4000015258789
1996,cpv,35.2999992370605
1997,cpv,35.2999992370605
1998,cpv,35.2000007629395
1999,cpv,35.4000015258789
2000,cpv,35.0999984741211
2001,cpv,35.0
2002,cpv,34.9000015258789
2003,cpv,35.0
2004,cpv,34.7999992370605
2005,cpv,34.9000015258789
2006,cpv,35.0999984741211
2007,cpv,35.0999984741211
2008,cpv,34.9000015258789
2009,cpv,34.4000015258789
2010,cpv,34.5999984741211
2011,cpv,35.0
2012,cpv,35.0
2013,cpv,35.2999992370605
2014,cpv,35.2000007629395
1991,khm,74.599998474121
1992,khm,75.0
1993,khm,74.3000030517578
1994,khm,72.5
1995,khm,71.599998474121
1996,khm,70.3000030517578
1997,khm,69.3000030517578
1998,khm,68.6999969482422
1999,khm,67.90000152587889
2000,khm,67.3000030517578
2001,khm,69.90000152587889
2002,khm,70.5
2003,khm,71.1999969482422
2004,khm,73.5
2005,khm,74.099998474121
2006,khm,74.4000015258789
2007,khm,74.5
2008,khm,74.4000015258789
2009,khm,74.0
2010,khm,72.9000015258789
2011,khm,72.9000015258789
2012,khm,72.9000015258789
2013,khm,72.599998474121
2014,khm,72.4000015258789
1991,cmr,36.4000015258789
1992,cmr,37.0
1993,cmr,37.4000015258789
1994,cmr,38.0
1995,cmr,39.9000015258789
1996,cmr,37.2000007629395
1997,cmr,37.5
1998,cmr,37.7000007629395
1999,cmr,38.0
2000,cmr,38.7000007629395
2001,cmr,37.7999992370605
2002,cmr,39.0999984741211
2003,cmr,39.0999984741211
2004,cmr,39.7999992370605
2005,cmr,40.5
2006,cmr,40.7000007629395
2007,cmr,40.7999992370605
2008,cmr,40.7999992370605
2009,cmr,40.5999984741211
2010,cmr,41.0
2011,cmr,41.0
2012,cmr,41.0999984741211
2013,cmr,41.0999984741211
2014,cmr,40.9000015258789
1991,can,57.5999984741211
1992,can,55.0
1993,can,53.2000007629395
1994,can,53.2999992370605
1995,can,53.2000007629395
1996,can,52.0999984741211
1997,can,50.2000007629395
1998,can,51.9000015258789
1999,can,53.7000007629395
2000,can,55.7000007629395
2001,can,56.2000007629395
2002,can,57.5
2003,can,58.4000015258789
2004,can,58.0999984741211
2005,can,58.7999992370605
2006,can,59.4000015258789
2007,can,60.0
2008,can,60.5
2009,can,57.2000007629395
2010,can,56.5
2011,can,56.4000015258789
2012,can,55.5
2013,can,55.7000007629395
2014,can,56.2000007629395
1991,caf,50.7999992370605
1992,caf,50.7999992370605
1993,caf,50.7999992370605
1994,caf,51.0
1995,caf,51.0
1996,caf,50.4000015258789
1997,caf,51.0999984741211
1998,caf,50.9000015258789
1999,caf,50.7999992370605
2000,caf,50.7000007629395
2001,caf,50.7000007629395
2002,caf,50.7000007629395
2003,caf,50.2999992370605
2004,caf,50.7000007629395
2005,caf,50.7000007629395
2006,caf,50.7999992370605
2007,caf,50.7999992370605
2008,caf,50.5999984741211
2009,caf,50.5999984741211
2010,caf,50.5999984741211
2011,caf,50.5
2012,caf,50.5
2013,caf,49.0999984741211
2014,caf,49.7999992370605
1991,tcd,50.7999992370605
1992,tcd,50.4000015258789
1993,tcd,50.2000007629395
1994,tcd,50.5
1995,tcd,50.2000007629395
1996,tcd,50.2999992370605
1997,tcd,50.4000015258789
1998,tcd,50.4000015258789
1999,tcd,50.0
2000,tcd,50.0
2001,tcd,50.5
2002,tcd,50.2999992370605
2003,tcd,50.5
2004,tcd,51.2000007629395
2005,tcd,50.0999984741211
2006,tcd,49.7999992370605
2007,tcd,49.7999992370605
2008,tcd,49.7999992370605
2009,tcd,49.7999992370605
2010,tcd,50.0999984741211
2011,tcd,49.5
2012,tcd,49.7999992370605
2013,tcd,49.7000007629395
2014,tcd,49.7999992370605
1991,chl,19.5
1992,chl,21.2999992370605
1993,chl,22.5
1994,chl,23.100000381469698
1995,chl,22.0
1996,chl,21.7000007629395
1997,chl,22.2999992370605
1998,chl,21.2000007629395
1999,chl,18.3999996185303
2000,chl,18.0
2001,chl,17.2000007629395
2002,chl,16.3999996185303
2003,chl,16.8999996185303
2004,chl,17.7999992370605
2005,chl,18.5
2006,chl,18.7999992370605
2007,chl,19.7000007629395
2008,chl,20.6000003814697
2009,chl,20.0
2010,chl,24.2000007629395
2011,chl,25.399999618530302
2012,chl,25.2999992370605
2013,chl,25.5
2014,chl,25.7999992370605
1991,chn,72.599998474121
1992,chn,72.5
1993,chn,72.0
1994,chn,71.1999969482422
1995,chn,70.099998474121
1996,chn,68.90000152587889
1997,chn,67.5
1998,chn,65.6999969482422
1999,chn,64.0
2000,chn,62.5
2001,chn,60.4000015258789
2002,chn,58.5
2003,chn,56.7999992370605
2004,chn,55.0999984741211
2005,chn,53.7999992370605
2006,chn,52.9000015258789
2007,chn,52.0999984741211
2008,chn,50.7999992370605
2009,chn,49.9000015258789
2010,chn,49.0
2011,chn,49.4000015258789
2012,chn,49.5
2013,chn,49.5
2014,chn,49.4000015258789
1991,col,18.2000007629395
1992,col,20.2999992370605
1993,col,18.7999992370605
1994,col,20.2000007629395
1995,col,21.2999992370605
1996,col,22.399999618530302
1997,col,24.399999618530302
1998,col,24.7000007629395
1999,col,24.7000007629395
2000,col,24.600000381469698
2001,col,28.7999992370605
2002,col,29.5
2003,col,32.4000015258789
2004,col,29.5
2005,col,29.7000007629395
2006,col,28.0
2007,col,25.7000007629395
2008,col,26.600000381469698
2009,col,26.399999618530302
2010,col,26.2000007629395
2011,col,26.899999618530302
2012,col,28.2000007629395
2013,col,30.600000381469698
2014,col,29.899999618530302
1991,com,20.8999996185303
1992,com,21.2000007629395
1993,com,21.1000003814697
1994,com,21.0
1995,com,21.2000007629395
1996,com,21.1000003814697
1997,com,21.2000007629395
1998,com,21.1000003814697
1999,com,21.2000007629395
2000,com,21.2000007629395
2001,com,21.2999992370605
2002,com,21.3999996185303
2003,com,21.5
2004,com,21.600000381469698
2005,com,21.7999992370605
2006,com,21.7999992370605
2007,com,21.7999992370605
2008,com,21.7999992370605
2009,com,21.7999992370605
2010,com,21.7999992370605
2011,com,21.7999992370605
2012,com,21.7000007629395
2013,com,21.7000007629395
2014,com,21.600000381469698
1991,zar,43.2000007629395
1992,zar,43.0999984741211
1993,zar,43.0
1994,zar,43.5
1995,zar,43.7000007629395
1996,zar,43.7000007629395
1997,zar,43.4000015258789
1998,zar,43.5999984741211
1999,zar,43.5
2000,zar,43.2999992370605
2001,zar,43.5
2002,zar,43.7000007629395
2003,zar,43.7999992370605
2004,zar,43.9000015258789
2005,zar,43.7999992370605
2006,zar,43.5
2007,zar,43.2000007629395
2008,zar,42.9000015258789
2009,zar,42.4000015258789
2010,zar,42.2999992370605
2011,zar,42.0999984741211
2012,zar,42.0
2013,zar,41.7999992370605
2014,zar,41.7999992370605
1991,cog,39.5999984741211
1992,cog,39.5999984741211
1993,cog,39.4000015258789
1994,cog,39.2999992370605
1995,cog,39.5999984741211
1996,cog,39.5999984741211
1997,cog,39.5
1998,cog,39.7000007629395
1999,cog,39.5
2000,cog,39.7999992370605
2001,cog,39.7000007629395
2002,cog,39.7999992370605
2003,cog,39.5999984741211
2004,cog,39.7000007629395
2005,cog,39.9000015258789
2006,cog,39.7999992370605
2007,cog,39.5999984741211
2008,cog,39.7999992370605
2009,cog,39.7999992370605
2010,cog,39.7999992370605
2011,cog,39.5999984741211
2012,cog,39.5
2013,cog,39.2999992370605
2014,cog,39.2999992370605
1991,cri,30.600000381469698
1992,cri,30.5
1993,cri,31.2999992370605
1994,cri,31.2999992370605
1995,cri,30.600000381469698
1996,cri,26.2000007629395
1997,cri,28.2000007629395
1998,cri,30.899999618530302
1999,cri,31.0
2000,cri,30.0
2001,cri,31.2999992370605
2002,cri,30.2000007629395
2003,cri,29.2000007629395
2004,cri,27.399999618530302
2005,cri,29.2000007629395
2006,cri,30.2000007629395
2007,cri,33.0
2008,cri,32.5
2009,cri,28.2999992370605
2010,cri,28.7000007629395
2011,cri,28.5
2012,cri,27.600000381469698
2013,cri,27.7999992370605
2014,cri,27.899999618530302
1991,civ,35.2000007629395
1992,civ,35.0999984741211
1993,civ,35.7000007629395
1994,civ,36.4000015258789
1995,civ,37.4000015258789
1996,civ,37.7999992370605
1997,civ,38.2000007629395
1998,civ,38.5
1999,civ,38.4000015258789
2000,civ,38.2000007629395
2001,civ,38.4000015258789
2002,civ,38.4000015258789
2003,civ,38.4000015258789
2004,civ,38.5999984741211
2005,civ,38.5999984741211
2006,civ,38.5999984741211
2007,civ,38.5999984741211
2008,civ,38.5
2009,civ,38.4000015258789
2010,civ,38.2999992370605
2011,civ,38.2000007629395
2012,civ,38.5
2013,civ,38.4000015258789
2014,civ,38.5
1991,hrv,25.0
1992,hrv,29.2000007629395
1993,hrv,28.7999992370605
1994,hrv,28.600000381469698
1995,hrv,28.600000381469698
1996,hrv,28.899999618530302
1997,hrv,28.899999618530302
1998,hrv,28.0
1999,hrv,26.399999618530302
2000,hrv,24.7000007629395
2001,hrv,22.100000381469698
2002,hrv,22.0
2003,hrv,21.2999992370605
2004,hrv,22.0
2005,hrv,21.7999992370605
2006,hrv,22.600000381469698
2007,hrv,22.0
2008,hrv,21.2999992370605
2009,hrv,19.8999996185303
2010,hrv,17.7999992370605
2011,hrv,15.6999998092651
2012,hrv,13.3999996185303
2013,hrv,12.1000003814697
2014,hrv,13.1999998092651
1991,cub,27.600000381469698
1992,cub,25.600000381469698
1993,cub,27.5
1994,cub,27.600000381469698
1995,cub,24.5
1996,cub,24.7000007629395
1997,cub,24.399999618530302
1998,cub,24.2000007629395
1999,cub,23.2999992370605
2000,cub,23.100000381469698
2001,cub,23.2999992370605
2002,cub,23.2000007629395
2003,cub,23.399999618530302
2004,cub,23.2999992370605
2005,cub,24.7000007629395
2006,cub,26.2999992370605
2007,cub,30.399999618530302
2008,cub,30.5
2009,cub,34.5999984741211
2010,cub,34.2000007629395
2011,cub,33.7999992370605
2012,cub,33.9000015258789
2013,cub,33.9000015258789
2014,cub,33.7999992370605
1991,cyp,33.9000015258789
1992,cyp,37.7000007629395
1993,cyp,33.7000007629395
1994,cyp,35.9000015258789
1995,cyp,36.5
1996,cyp,37.0
1997,cyp,35.4000015258789
1998,cyp,32.7999992370605
1999,cyp,33.0999984741211
2000,cyp,35.7999992370605
2001,cyp,39.2000007629395
2002,cyp,38.0999984741211
2003,cyp,39.0999984741211
2004,cyp,37.2000007629395
2005,cyp,35.2000007629395
2006,cyp,35.7999992370605
2007,cyp,36.2000007629395
2008,cyp,37.0999984741211
2009,cyp,34.9000015258789
2010,cyp,34.2000007629395
2011,cyp,29.2999992370605
2012,cyp,26.899999618530302
2013,cyp,24.2000007629395
2014,cyp,24.5
1991,cze,40.4000015258789
1992,cze,39.2999992370605
1993,cze,38.2000007629395
1994,cze,39.5
1995,cze,38.0999984741211
1996,cze,36.7999992370605
1997,cze,35.5
1998,cze,35.2999992370605
1999,cze,34.0999984741211
2000,cze,33.9000015258789
2001,cze,32.0999984741211
2002,cze,29.7999992370605
2003,cze,27.899999618530302
2004,cze,25.399999618530302
2005,cze,23.100000381469698
2006,cze,23.399999618530302
2007,cze,23.7000007629395
2008,cze,23.2999992370605
2009,cze,21.600000381469698
2010,cze,20.3999996185303
2011,cze,19.7000007629395
2012,cze,20.8999996185303
2013,cze,21.0
2014,cze,21.7000007629395
1991,dnk,62.5
1992,dnk,62.2999992370605
1993,dnk,59.7999992370605
1994,dnk,59.5
1995,dnk,60.7999992370605
1996,dnk,62.2000007629395
1997,dnk,63.4000015258789
1998,dnk,66.1999969482422
1999,dnk,62.7999992370605
2000,dnk,63.7999992370605
2001,dnk,58.7999992370605
2002,dnk,61.5
2003,dnk,57.7000007629395
2004,dnk,61.2999992370605
2005,dnk,60.7000007629395
2006,dnk,64.1999969482422
2007,dnk,64.0
2008,dnk,65.3000030517578
2009,dnk,62.7000007629395
2010,dnk,59.4000015258789
2011,dnk,58.4000015258789
2012,dnk,55.2999992370605
2013,dnk,54.9000015258789
2014,dnk,55.5
1991,dom,20.7000007629395
1992,dom,16.8999996185303
1993,dom,16.7999992370605
1994,dom,23.0
1995,dom,23.0
1996,dom,21.3999996185303
1997,dom,21.5
1998,dom,22.5
1999,dom,23.2000007629395
2000,dom,25.100000381469698
2001,dom,26.399999618530302
2002,dom,29.0
2003,dom,21.0
2004,dom,19.3999996185303
2005,dom,20.1000003814697
2006,dom,22.2999992370605
2007,dom,23.2000007629395
2008,dom,25.0
2009,dom,24.2000007629395
2010,dom,26.899999618530302
2011,dom,24.600000381469698
2012,dom,23.899999618530302
2013,dom,22.5
2014,dom,22.899999618530302
1991,ecu,32.7999992370605
1992,ecu,32.7999992370605
1993,ecu,33.5999984741211
1994,ecu,30.7000007629395
1995,ecu,34.2999992370605
1996,ecu,34.4000015258789
1997,ecu,31.899999618530302
1998,ecu,33.9000015258789
1999,ecu,34.0999984741211
2000,ecu,33.5
2001,ecu,43.0
2002,ecu,37.5999984741211
2003,ecu,36.4000015258789
2004,ecu,38.7000007629395
2005,ecu,36.5
2006,ecu,37.0999984741211
2007,ecu,36.7000007629395
2008,ecu,33.7999992370605
2009,ecu,32.7000007629395
2010,ecu,34.4000015258789
2011,ecu,35.0
2012,ecu,35.4000015258789
2013,ecu,35.5999984741211
2014,ecu,35.2999992370605
1991,egy,11.1999998092651
1992,egy,10.8999996185303
1993,egy,8.80000019073486
1994,egy,8.89999961853027
1995,egy,8.300000190734862
1996,egy,10.0
1997,egy,10.1000003814697
1998,egy,9.69999980926514
1999,egy,12.8999996185303
2000,egy,10.3000001907349
2001,egy,8.39999961853027
2002,egy,12.6999998092651
2003,egy,11.8999996185303
2004,egy,10.8999996185303
2005,egy,8.80000019073486
2006,egy,9.0
2007,egy,10.0
2008,egy,9.60000038146973
2009,egy,8.60000038146973
2010,egy,9.0
2011,egy,8.5
2012,egy,8.199999809265138
2013,egy,7.699999809265139
2014,egy,7.0
1991,slv,30.5
1992,slv,29.5
1993,slv,30.2000007629395
1994,slv,31.2999992370605
1995,slv,28.2000007629395
1996,slv,26.0
1997,slv,26.600000381469698
1998,slv,30.7000007629395
1999,slv,30.0
2000,slv,29.2999992370605
2001,slv,28.5
2002,slv,28.2000007629395
2003,slv,30.5
2004,slv,28.399999618530302
2005,slv,28.7999992370605
2006,slv,29.600000381469698
2007,slv,28.2000007629395
2008,slv,30.0
2009,slv,28.600000381469698
2010,slv,29.2000007629395
2011,slv,29.899999618530302
2012,slv,30.2000007629395
2013,slv,30.0
2014,slv,30.399999618530302
1991,gnq,57.2000007629395
1992,gnq,59.0
1993,gnq,58.0
1994,gnq,58.2999992370605
1995,gnq,58.2999992370605
1996,gnq,60.0999984741211
1997,gnq,62.2000007629395
1998,gnq,58.2000007629395
1999,gnq,58.2000007629395
2000,gnq,57.7000007629395
2001,gnq,59.2999992370605
2002,gnq,57.4000015258789
2003,gnq,57.0
2004,gnq,57.9000015258789
2005,gnq,56.5999984741211
2006,gnq,56.2000007629395
2007,gnq,56.7999992370605
2008,gnq,56.7999992370605
2009,gnq,55.9000015258789
2010,gnq,56.2000007629395
2011,gnq,56.5999984741211
2012,gnq,56.5
2013,gnq,56.2000007629395
2014,gnq,55.2000007629395
1991,eri,66.5
1992,eri,66.5
1993,eri,67.1999969482422
1994,eri,67.599998474121
1995,eri,66.599998474121
1996,eri,66.90000152587889
1997,eri,66.6999969482422
1998,eri,66.1999969482422
1999,eri,66.0
2000,eri,65.099998474121
2001,eri,66.1999969482422
2002,eri,65.8000030517578
2003,eri,65.3000030517578
2004,eri,65.5
2005,eri,65.5
2006,eri,65.40000152587889
2007,eri,65.5
2008,eri,65.0
2009,eri,65.8000030517578
2010,eri,65.6999969482422
2011,eri,66.099998474121
2012,eri,66.0
2013,eri,65.6999969482422
2014,eri,65.40000152587889
1991,est,46.7000007629395
1992,est,43.4000015258789
1993,est,39.7000007629395
1994,est,37.4000015258789
1995,est,35.7000007629395
1996,est,33.2999992370605
1997,est,30.899999618530302
1998,est,30.7999992370605
1999,est,24.399999618530302
2000,est,23.7999992370605
2001,est,21.3999996185303
2002,est,19.3999996185303
2003,est,19.3999996185303
2004,est,22.7000007629395
2005,est,25.5
2006,est,26.2999992370605
2007,est,30.5
2008,est,33.7000007629395
2009,est,27.100000381469698
2010,est,23.899999618530302
2011,est,28.7000007629395
2012,est,30.2999992370605
2013,est,29.600000381469698
2014,est,31.899999618530302
1991,eth,63.4000015258789
1992,eth,63.4000015258789
1993,eth,64.90000152587889
1994,eth,63.2999992370605
1995,eth,61.4000015258789
1996,eth,65.099998474121
1997,eth,63.9000015258789
1998,eth,62.7000007629395
1999,eth,61.2999992370605
2000,eth,62.7000007629395
2001,eth,64.0
2002,eth,65.1999969482422
2003,eth,66.40000152587889
2004,eth,67.5
2005,eth,67.599998474121
2006,eth,67.8000030517578
2007,eth,67.40000152587889
2008,eth,67.1999969482422
2009,eth,67.3000030517578
2010,eth,66.6999969482422
2011,eth,66.3000030517578
2012,eth,65.5
2013,eth,67.599998474121
2014,eth,66.90000152587889
1991,fji,23.399999618530302
1992,fji,24.2000007629395
1993,fji,24.2999992370605
1994,fji,25.0
1995,fji,25.7999992370605
1996,fji,26.100000381469698
1997,fji,25.100000381469698
1998,fji,23.600000381469698
1999,fji,23.899999618530302
2000,fji,24.100000381469698
2001,fji,25.600000381469698
2002,fji,26.100000381469698
2003,fji,23.600000381469698
2004,fji,27.2000007629395
2005,fji,27.2999992370605
2006,fji,25.2999992370605
2007,fji,22.899999618530302
2008,fji,22.5
2009,fji,22.899999618530302
2010,fji,23.0
2011,fji,23.100000381469698
2012,fji,23.100000381469698
2013,fji,23.5
2014,fji,24.100000381469698
1991,fin,46.0999984741211
1992,fin,37.0999984741211
1993,fin,31.100000381469698
1994,fin,28.600000381469698
1995,fin,28.0
1996,fin,29.100000381469698
1997,fin,32.4000015258789
1998,fin,33.9000015258789
1999,fin,38.0999984741211
2000,fin,39.9000015258789
2001,fin,40.5999984741211
2002,fin,40.2999992370605
2003,fin,39.2999992370605
2004,fin,39.2999992370605
2005,fin,40.2000007629395
2006,fin,41.0999984741211
2007,fin,44.2999992370605
2008,fin,44.7999992370605
2009,fin,41.7000007629395
2010,fin,40.2000007629395
2011,fin,41.2999992370605
2012,fin,42.7999992370605
2013,fin,43.4000015258789
2014,fin,43.7999992370605
1991,fra,29.399999618530302
1992,fra,28.100000381469698
1993,fra,26.5
1994,fra,24.5
1995,fra,24.2000007629395
1996,fra,23.600000381469698
1997,fra,22.399999618530302
1998,fra,22.7999992370605
1999,fra,22.899999618530302
2000,fra,24.5
2001,fra,24.7000007629395
2002,fra,24.899999618530302
2003,fra,26.600000381469698
2004,fra,26.2000007629395
2005,fra,26.899999618530302
2006,fra,26.600000381469698
2007,fra,28.399999618530302
2008,fra,28.7999992370605
2009,fra,28.600000381469698
2010,fra,27.2999992370605
2011,fra,26.899999618530302
2012,fra,26.2000007629395
2013,fra,25.7999992370605
2014,fra,26.7999992370605
1991,gab,18.1000003814697
1992,gab,18.2999992370605
1993,gab,18.5
1994,gab,18.0
1995,gab,17.3999996185303
1996,gab,16.8999996185303
1997,gab,16.3999996185303
1998,gab,16.0
1999,gab,15.6000003814697
2000,gab,15.1999998092651
2001,gab,14.8000001907349
2002,gab,14.3999996185303
2003,gab,14.1000003814697
2004,gab,13.8000001907349
2005,gab,13.3999996185303
2006,gab,13.5
2007,gab,13.5
2008,gab,13.5
2009,gab,13.5
2010,gab,14.0
2011,gab,14.1000003814697
2012,gab,14.1000003814697
2013,gab,14.0
2014,gab,14.1999998092651
1991,gmb,57.7000007629395
1992,gmb,57.7000007629395
1993,gmb,57.7000007629395
1994,gmb,57.5
1995,gmb,57.0999984741211
1996,gmb,57.5
1997,gmb,57.4000015258789
1998,gmb,57.5
1999,gmb,57.4000015258789
2000,gmb,57.4000015258789
2001,gmb,57.4000015258789
2002,gmb,56.9000015258789
2003,gmb,57.4000015258789
2004,gmb,57.4000015258789
2005,gmb,57.0
2006,gmb,57.0
2007,gmb,57.0999984741211
2008,gmb,57.0999984741211
2009,gmb,57.0999984741211
2010,gmb,57.0
2011,gmb,56.2999992370605
2012,gmb,56.5999984741211
2013,gmb,56.4000015258789
2014,gmb,56.2999992370605
1991,geo,19.5
1992,geo,21.899999618530302
1993,geo,21.2999992370605
1994,geo,20.8999996185303
1995,geo,20.6000003814697
1996,geo,21.7000007629395
1997,geo,21.899999618530302
1998,geo,22.0
1999,geo,23.899999618530302
2000,geo,22.399999618530302
2001,geo,21.7999992370605
2002,geo,18.2000007629395
2003,geo,20.2999992370605
2004,geo,16.0
2005,geo,17.0
2006,geo,16.5
2007,geo,14.8000001907349
2008,geo,13.6999998092651
2009,geo,13.6000003814697
2010,geo,13.8999996185303
2011,geo,14.3000001907349
2012,geo,15.3000001907349
2013,geo,15.8999996185303
2014,geo,16.3999996185303
1991,deu,54.7999992370605
1992,deu,52.2999992370605
1993,deu,49.7000007629395
1994,deu,48.2000007629395
1995,deu,46.0
1996,deu,43.5999984741211
1997,deu,42.7999992370605
1998,deu,43.4000015258789
1999,deu,44.7999992370605
2000,deu,44.7999992370605
2001,deu,44.7000007629395
2002,deu,43.0
2003,deu,40.9000015258789
2004,deu,40.4000015258789
2005,deu,40.5999984741211
2006,deu,42.2000007629395
2007,deu,44.2000007629395
2008,deu,45.0999984741211
2009,deu,44.7000007629395
2010,deu,44.5
2011,deu,45.7999992370605
2012,deu,44.2999992370605
2013,deu,44.5
2014,deu,44.5999984741211
1991,gha,44.5
1992,gha,45.0
1993,gha,44.2999992370605
1994,gha,48.2000007629395
1995,gha,50.7999992370605
1996,gha,44.7999992370605
1997,gha,45.7000007629395
1998,gha,44.5
1999,gha,43.7000007629395
2000,gha,45.4000015258789
2001,gha,42.5999984741211
2002,gha,40.2000007629395
2003,gha,38.5
2004,gha,37.5999984741211
2005,gha,38.5
2006,gha,36.2999992370605
2007,gha,36.9000015258789
2008,gha,35.2999992370605
2009,gha,37.0999984741211
2010,gha,33.9000015258789
2011,gha,34.5999984741211
2012,gha,35.2999992370605
2013,gha,37.5
2014,gha,36.7999992370605
1991,grc,23.7000007629395
1992,grc,22.899999618530302
1993,grc,21.600000381469698
1994,grc,21.2000007629395
1995,grc,21.2000007629395
1996,grc,20.8999996185303
1997,grc,20.2999992370605
1998,grc,22.7000007629395
1999,grc,22.7999992370605
2000,grc,22.7999992370605
2001,grc,21.899999618530302
2002,grc,21.899999618530302
2003,grc,20.2000007629395
2004,grc,21.600000381469698
2005,grc,20.1000003814697
2006,grc,19.5
2007,grc,19.7999992370605
2008,grc,19.6000003814697
2009,grc,19.0
2010,grc,16.6000003814697
2011,grc,13.3999996185303
2012,grc,10.5
2013,grc,10.1999998092651
2014,grc,11.3000001907349
1991,gtm,32.5
1992,gtm,32.5
1993,gtm,32.2000007629395
1994,gtm,32.2999992370605
1995,gtm,31.899999618530302
1996,gtm,32.0
1997,gtm,30.600000381469698
1998,gtm,32.0999984741211
1999,gtm,33.2999992370605
2000,gtm,33.7000007629395
2001,gtm,33.9000015258789
2002,gtm,32.2999992370605
2003,gtm,32.5999984741211
2004,gtm,32.4000015258789
2005,gtm,36.0999984741211
2006,gtm,39.7999992370605
2007,gtm,39.0999984741211
2008,gtm,38.9000015258789
2009,gtm,38.9000015258789
2010,gtm,39.0999984741211
2011,gtm,37.0
2012,gtm,39.5
2013,gtm,40.7000007629395
2014,gtm,40.7000007629395
1991,gin,49.9000015258789
1992,gin,50.0
1993,gin,49.7000007629395
1994,gin,49.5
1995,gin,49.5
1996,gin,49.4000015258789
1997,gin,49.2999992370605
1998,gin,49.2999992370605
1999,gin,49.2999992370605
2000,gin,49.5
2001,gin,49.7000007629395
2002,gin,49.5999984741211
2003,gin,49.5
2004,gin,49.7000007629395
2005,gin,49.9000015258789
2006,gin,50.0
2007,gin,50.2999992370605
2008,gin,50.2999992370605
2009,gin,50.7999992370605
2010,gin,51.0999984741211
2011,gin,51.4000015258789
2012,gin,51.5
2013,gin,51.5999984741211
2014,gin,51.7000007629395
1991,gnb,40.5
1992,gnb,41.2000007629395
1993,gnb,42.0
1994,gnb,42.5999984741211
1995,gnb,42.9000015258789
1996,gnb,42.2999992370605
1997,gnb,42.0999984741211
1998,gnb,43.4000015258789
1999,gnb,44.4000015258789
2000,gnb,44.0
2001,gnb,44.2000007629395
2002,gnb,45.0999984741211
2003,gnb,45.9000015258789
2004,gnb,46.2999992370605
2005,gnb,46.5
2006,gnb,46.5999984741211
2007,gnb,47.0
2008,gnb,47.0999984741211
2009,gnb,47.2000007629395
2010,gnb,47.4000015258789
2011,gnb,47.7000007629395
2012,gnb,47.2999992370605
2013,gnb,47.5999984741211
2014,gnb,47.7000007629395
1991,guy,22.0
1992,guy,20.7000007629395
1993,guy,21.2000007629395
1994,guy,21.2000007629395
1995,guy,21.1000003814697
1996,guy,20.8999996185303
1997,guy,20.7000007629395
1998,guy,20.6000003814697
1999,guy,20.3999996185303
2000,guy,20.3999996185303
2001,guy,20.5
2002,guy,20.6000003814697
2003,guy,20.3999996185303
2004,guy,20.7000007629395
2005,guy,20.2999992370605
2006,guy,21.2999992370605
2007,guy,21.5
2008,guy,20.8999996185303
2009,guy,21.2000007629395
2010,guy,21.5
2011,guy,21.7000007629395
2012,guy,21.600000381469698
2013,guy,21.2999992370605
2014,guy,21.1000003814697
1991,hti,27.600000381469698
1992,hti,26.5
1993,hti,25.600000381469698
1994,hti,24.399999618530302
1995,hti,25.2000007629395
1996,hti,24.0
1997,hti,23.2000007629395
1998,hti,22.399999618530302
1999,hti,24.899999618530302
2000,hti,24.100000381469698
2001,hti,24.399999618530302
2002,hti,24.7999992370605
2003,hti,25.2000007629395
2004,hti,25.399999618530302
2005,hti,26.100000381469698
2006,hti,26.2000007629395
2007,hti,26.2999992370605
2008,hti,26.100000381469698
2009,hti,26.2000007629395
2010,hti,25.7999992370605
2011,hti,26.5
2012,hti,26.2999992370605
2013,hti,26.399999618530302
2014,hti,26.2999992370605
1991,hnd,25.2000007629395
1992,hnd,27.5
1993,hnd,27.2999992370605
1994,hnd,27.2999992370605
1995,hnd,27.0
1996,hnd,30.899999618530302
1997,hnd,32.0
1998,hnd,32.5999984741211
1999,hnd,35.9000015258789
2000,hnd,34.4000015258789
2001,hnd,30.7999992370605
2002,hnd,27.5
2003,hnd,27.100000381469698
2004,hnd,26.600000381469698
2005,hnd,27.100000381469698
2006,hnd,27.600000381469698
2007,hnd,27.899999618530302
2008,hnd,27.899999618530302
2009,hnd,27.5
2010,hnd,26.2999992370605
2011,hnd,26.600000381469698
2012,hnd,27.7999992370605
2013,hnd,28.2000007629395
2014,hnd,28.399999618530302
1991,hkg,53.5
1992,hkg,52.0999984741211
1993,hkg,49.4000015258789
1994,hkg,48.5
1995,hkg,46.7000007629395
1996,hkg,46.5999984741211
1997,hkg,45.2999992370605
1998,hkg,42.9000015258789
1999,hkg,40.0
2000,hkg,40.0999984741211
2001,hkg,39.5999984741211
2002,hkg,39.4000015258789
2003,hkg,39.5999984741211
2004,hkg,41.0999984741211
2005,hkg,41.2000007629395
2006,hkg,40.5
2007,hkg,41.2999992370605
2008,hkg,40.0
2009,hkg,36.5
2010,hkg,33.4000015258789
2011,hkg,34.5999984741211
2012,hkg,35.0
2013,hkg,35.5999984741211
2014,hkg,36.2000007629395
1991,hun,30.5
1992,hun,33.9000015258789
1993,hun,30.5
1994,hun,29.7999992370605
1995,hun,27.600000381469698
1996,hun,25.600000381469698
1997,hun,26.2999992370605
1998,hun,30.2999992370605
1999,hun,30.2999992370605
2000,hun,29.2000007629395
2001,hun,27.600000381469698
2002,hun,26.5
2003,hun,24.100000381469698
2004,hun,21.0
2005,hun,19.2000007629395
2006,hun,18.5
2007,hun,17.5
2008,hun,16.7000007629395
2009,hun,16.2000007629395
2010,hun,16.6000003814697
2011,hun,16.6000003814697
2012,hun,17.2999992370605
2013,hun,17.2999992370605
2014,hun,19.1000003814697
1991,isl,57.0
1992,isl,53.7999992370605
1993,isl,54.0
1994,isl,53.0999984741211
1995,isl,54.5999984741211
1996,isl,55.4000015258789
1997,isl,57.5999984741211
1998,isl,64.3000030517578
1999,isl,67.40000152587889
2000,isl,70.6999969482422
2001,isl,66.90000152587889
2002,isl,59.5999984741211
2003,isl,64.0
2004,isl,64.099998474121
2005,isl,71.0
2006,isl,72.3000030517578
2007,isl,72.0
2008,isl,70.4000015258789
2009,isl,63.5
2010,isl,61.5999984741211
2011,isl,63.4000015258789
2012,isl,65.0
2013,isl,68.099998474121
2014,isl,68.1999969482422
1991,ind,27.0
1992,ind,26.7000007629395
1993,ind,26.399999618530302
1994,ind,27.2000007629395
1995,ind,26.5
1996,ind,26.0
1997,ind,25.2999992370605
1998,ind,24.2999992370605
1999,ind,24.2000007629395
2000,ind,23.7000007629395
2001,ind,23.7000007629395
2002,ind,24.2999992370605
2003,ind,24.899999618530302
2004,ind,25.100000381469698
2005,ind,25.0
2006,ind,23.2999992370605
2007,ind,22.100000381469698
2008,ind,20.2000007629395
2009,ind,18.8999996185303
2010,ind,17.2000007629395
2011,ind,16.3999996185303
2012,ind,15.5
2013,ind,15.6000003814697
2014,ind,15.6000003814697
1991,idn,33.5
1992,idn,36.9000015258789
1993,idn,35.2000007629395
1994,idn,35.2000007629395
1995,idn,36.9000015258789
1996,idn,36.0999984741211
1997,idn,34.9000015258789
1998,idn,31.5
1999,idn,35.0
2000,idn,35.5999984741211
2001,idn,33.0
2002,idn,31.899999618530302
2003,idn,30.899999618530302
2004,idn,29.7000007629395
2005,idn,27.2000007629395
2006,idn,28.100000381469698
2007,idn,30.7000007629395
2008,idn,31.100000381469698
2009,idn,31.5
2010,idn,29.2999992370605
2011,idn,31.399999618530302
2012,idn,32.0
2013,idn,31.2999992370605
2014,idn,31.2000007629395
1991,irn,8.60000038146973
1992,irn,8.199999809265138
1993,irn,7.900000095367429
1994,irn,7.599999904632571
1995,irn,7.400000095367429
1996,irn,6.599999904632571
1997,irn,7.400000095367429
1998,irn,7.900000095367429
1999,irn,8.39999961853027
2000,irn,8.80000019073486
2001,irn,9.30000019073486
2002,irn,9.5
2003,irn,10.3000001907349
2004,irn,11.8000001907349
2005,irn,11.5
2006,irn,10.6000003814697
2007,irn,10.1999998092651
2008,irn,8.300000190734862
2009,irn,8.60000038146973
2010,irn,7.599999904632571
2011,irn,7.699999809265139
2012,irn,7.800000190734861
2013,irn,7.800000190734861
2014,irn,7.800000190734861
1991,irq,2.79999995231628
1992,irq,2.79999995231628
1993,irq,2.79999995231628
1994,irq,2.79999995231628
1995,irq,2.79999995231628
1996,irq,2.79999995231628
1997,irq,3.20000004768372
1998,irq,2.70000004768372
1999,irq,3.0
2000,irq,2.9000000953674303
2001,irq,2.9000000953674303
2002,irq,2.79999995231628
2003,irq,3.29999995231628
2004,irq,2.4000000953674303
2005,irq,2.79999995231628
2006,irq,2.9000000953674303
2007,irq,3.0999999046325697
2008,irq,3.5999999046325697
2009,irq,3.5999999046325697
2010,irq,3.5999999046325697
2011,irq,3.5999999046325697
2012,irq,3.5999999046325697
2013,irq,3.70000004768372
2014,irq,3.5
1991,irl,35.5999984741211
1992,irl,33.0
1993,irl,32.7000007629395
1994,irl,33.5999984741211
1995,irl,34.2999992370605
1996,irl,33.5999984741211
1997,irl,36.0
1998,irl,40.2000007629395
1999,irl,43.0999984741211
2000,irl,43.5999984741211
2001,irl,42.2000007629395
2002,irl,41.5999984741211
2003,irl,42.2000007629395
2004,irl,41.4000015258789
2005,irl,46.0
2006,irl,46.2999992370605
2007,irl,47.2999992370605
2008,irl,44.5
2009,irl,37.9000015258789
2010,irl,32.7000007629395
2011,irl,30.899999618530302
2012,irl,30.100000381469698
2013,irl,30.0
2014,irl,29.899999618530302
1991,isr,22.399999618530302
1992,isr,22.899999618530302
1993,isr,24.7000007629395
1994,isr,27.899999618530302
1995,isr,28.7999992370605
1996,isr,29.2000007629395
1997,isr,28.2999992370605
1998,isr,27.2999992370605
1999,isr,28.100000381469698
2000,isr,29.600000381469698
2001,isr,28.600000381469698
2002,isr,26.2000007629395
2003,isr,26.600000381469698
2004,isr,27.2999992370605
2005,isr,28.5
2006,isr,28.399999618530302
2007,isr,28.600000381469698
2008,isr,29.2000007629395
2009,isr,29.899999618530302
2010,isr,29.7000007629395
2011,isr,28.899999618530302
2012,isr,42.5999984741211
2013,isr,42.7000007629395
2014,isr,41.5
1991,ita,27.7000007629395
1992,ita,25.600000381469698
1993,ita,24.0
1994,ita,22.2999992370605
1995,ita,21.0
1996,ita,20.7000007629395
1997,ita,20.1000003814697
1998,ita,20.2999992370605
1999,ita,20.7000007629395
2000,ita,21.899999618530302
2001,ita,22.2000007629395
2002,ita,21.1000003814697
2003,ita,20.6000003814697
2004,ita,22.600000381469698
2005,ita,20.7999992370605
2006,ita,20.1000003814697
2007,ita,19.6000003814697
2008,ita,19.5
2009,ita,17.1000003814697
2010,ita,16.5
2011,ita,15.5
2012,ita,14.8999996185303
2013,ita,14.3000001907349
2014,ita,13.3000001907349
1991,jam,30.600000381469698
1992,jam,32.7000007629395
1993,jam,31.899999618530302
1994,jam,32.5999984741211
1995,jam,27.7000007629395
1996,jam,25.2000007629395
1997,jam,25.600000381469698
1998,jam,24.2999992370605
1999,jam,22.2999992370605
2000,jam,23.100000381469698
2001,jam,21.2999992370605
2002,jam,23.0
2003,jam,26.5
2004,jam,23.5
2005,jam,24.7999992370605
2006,jam,26.2000007629395
2007,jam,26.2999992370605
2008,jam,24.399999618530302
2009,jam,21.7000007629395
2010,jam,19.0
2011,jam,20.2999992370605
2012,jam,18.1000003814697
2013,jam,16.8999996185303
2014,jam,18.8999996185303
1991,jpn,43.5
1992,jpn,44.2999992370605
1993,jpn,44.2000007629395
1994,jpn,44.7000007629395
1995,jpn,44.4000015258789
1996,jpn,44.2999992370605
1997,jpn,44.5
1998,jpn,44.0
1999,jpn,42.5999984741211
2000,jpn,42.5999984741211
2001,jpn,42.2000007629395
2002,jpn,41.0
2003,jpn,40.7999992370605
2004,jpn,40.5999984741211
2005,jpn,41.7000007629395
2006,jpn,41.9000015258789
2007,jpn,41.5
2008,jpn,41.9000015258789
2009,jpn,41.2999992370605
2010,jpn,40.5
2011,jpn,40.2999992370605
2012,jpn,39.7000007629395
2013,jpn,41.0999984741211
2014,jpn,41.0
1991,jor,4.30000019073486
1992,jor,3.29999995231628
1993,jor,2.2999999523162797
1994,jor,2.79999995231628
1995,jor,4.0
1996,jor,4.30000019073486
1997,jor,4.800000190734861
1998,jor,5.199999809265139
1999,jor,4.800000190734861
2000,jor,5.0
2001,jor,5.0
2002,jor,4.90000009536743
2003,jor,4.800000190734861
2004,jor,5.599999904632571
2005,jor,4.5
2006,jor,5.300000190734861
2007,jor,5.900000095367429
2008,jor,5.5
2009,jor,6.0
2010,jor,5.599999904632571
2011,jor,5.199999809265139
2012,jor,4.800000190734861
2013,jor,4.59999990463257
2014,jor,5.5
1991,kaz,40.2999992370605
1992,kaz,41.0
1993,kaz,41.2000007629395
1994,kaz,43.7999992370605
1995,kaz,41.4000015258789
1996,kaz,40.0999984741211
1997,kaz,40.0999984741211
1998,kaz,40.0
1999,kaz,39.7000007629395
2000,kaz,40.0999984741211
2001,kaz,41.5
2002,kaz,39.2999992370605
2003,kaz,39.7999992370605
2004,kaz,39.0999984741211
2005,kaz,40.2000007629395
2006,kaz,39.7000007629395
2007,kaz,39.5
2008,kaz,40.0
2009,kaz,40.2999992370605
2010,kaz,41.2000007629395
2011,kaz,41.7999992370605
2012,kaz,41.7999992370605
2013,kaz,42.4000015258789
2014,kaz,42.5
1991,ken,43.9000015258789
1992,ken,42.5999984741211
1993,ken,41.5
1994,ken,40.5
1995,ken,39.4000015258789
1996,ken,38.2999992370605
1997,ken,37.0
1998,ken,36.0
1999,ken,34.9000015258789
2000,ken,33.7999992370605
2001,ken,33.0
2002,ken,31.899999618530302
2003,ken,31.100000381469698
2004,ken,30.2999992370605
2005,ken,29.600000381469698
2006,ken,29.600000381469698
2007,ken,29.7000007629395
2008,ken,29.399999618530302
2009,ken,29.5
2010,ken,29.600000381469698
2011,ken,29.600000381469698
2012,ken,29.399999618530302
2013,ken,29.2999992370605
2014,ken,29.100000381469698
1991,prk,73.9000015258789
1992,prk,73.599998474121
1993,prk,73.4000015258789
1994,prk,73.099998474121
1995,prk,72.599998474121
1996,prk,69.6999969482422
1997,prk,69.099998474121
1998,prk,68.599998474121
1999,prk,68.40000152587889
2000,prk,67.6999969482422
2001,prk,67.0
2002,prk,66.599998474121
2003,prk,65.90000152587889
2004,prk,65.0
2005,prk,64.1999969482422
2006,prk,63.2000007629395
2007,prk,61.9000015258789
2008,prk,60.7000007629395
2009,prk,60.2000007629395
2010,prk,59.9000015258789
2011,prk,59.5999984741211
2012,prk,59.2000007629395
2013,prk,59.0
2014,prk,58.7000007629395
1991,kor,39.5999984741211
1992,kor,38.9000015258789
1993,kor,38.5999984741211
1994,kor,38.9000015258789
1995,kor,39.7000007629395
1996,kor,39.2999992370605
1997,kor,38.2999992370605
1998,kor,32.5999984741211
1999,kor,32.5
2000,kor,34.0
2001,kor,34.7000007629395
2002,kor,35.5
2003,kor,34.7999992370605
2004,kor,35.4000015258789
2005,kor,35.2999992370605
2006,kor,32.7000007629395
2007,kor,31.0
2008,kor,28.899999618530302
2009,kor,27.399999618530302
2010,kor,27.600000381469698
2011,kor,27.5
2012,kor,28.100000381469698
2013,kor,27.5
2014,kor,27.899999618530302
1991,kwt,21.899999618530302
1992,kwt,22.100000381469698
1993,kwt,22.5
1994,kwt,23.0
1995,kwt,23.600000381469698
1996,kwt,24.2999992370605
1997,kwt,25.100000381469698
1998,kwt,25.7999992370605
1999,kwt,26.2000007629395
2000,kwt,26.2999992370605
2001,kwt,26.2999992370605
2002,kwt,25.7000007629395
2003,kwt,25.100000381469698
2004,kwt,23.600000381469698
2005,kwt,21.7000007629395
2006,kwt,22.5
2007,kwt,22.0
2008,kwt,21.5
2009,kwt,22.7000007629395
2010,kwt,22.5
2011,kwt,20.7000007629395
2012,kwt,20.7999992370605
2013,kwt,21.0
2014,kwt,21.2000007629395
1991,kgz,38.4000015258789
1992,kgz,38.2000007629395
1993,kgz,38.0
1994,kgz,37.7999992370605
1995,kgz,37.4000015258789
1996,kgz,36.4000015258789
1997,kgz,37.0
1998,kgz,34.9000015258789
1999,kgz,35.5999984741211
2000,kgz,35.5
2001,kgz,34.7000007629395
2002,kgz,32.0999984741211
2003,kgz,31.2999992370605
2004,kgz,29.7999992370605
2005,kgz,30.2999992370605
2006,kgz,30.2999992370605
2007,kgz,30.2999992370605
2008,kgz,30.2999992370605
2009,kgz,29.7000007629395
2010,kgz,29.600000381469698
2011,kgz,30.0
2012,kgz,30.2000007629395
2013,kgz,30.600000381469698
2014,kgz,30.899999618530302
1991,lao,79.8000030517578
1992,lao,79.1999969482422
1993,lao,78.9000015258789
1994,lao,78.1999969482422
1995,lao,77.6999969482422
1996,lao,77.8000030517578
1997,lao,76.9000015258789
1998,lao,76.099998474121
1999,lao,75.3000030517578
2000,lao,74.599998474121
2001,lao,73.8000030517578
2002,lao,73.0
2003,lao,71.6999969482422
2004,lao,70.5
2005,lao,71.0
2006,lao,70.3000030517578
2007,lao,69.5
2008,lao,68.6999969482422
2009,lao,68.0
2010,lao,67.40000152587889
2011,lao,67.0
2012,lao,66.8000030517578
2013,lao,66.5
2014,lao,66.099998474121
1991,lva,40.2000007629395
1992,lva,38.0999984741211
1993,lva,36.0999984741211
1994,lva,34.9000015258789
1995,lva,32.5999984741211
1996,lva,30.7999992370605
1997,lva,29.0
1998,lva,29.2999992370605
1999,lva,27.7999992370605
2000,lva,24.899999618530302
2001,lva,24.399999618530302
2002,lva,25.600000381469698
2003,lva,25.600000381469698
2004,lva,22.7999992370605
2005,lva,26.2999992370605
2006,lva,28.7000007629395
2007,lva,33.0
2008,lva,31.7000007629395
2009,lva,25.7999992370605
2010,lva,24.7000007629395
2011,lva,23.399999618530302
2012,lva,25.5
2013,lva,27.600000381469698
2014,lva,30.100000381469698
1991,lbn,13.5
1992,lbn,13.8999996185303
1993,lbn,13.8000001907349
1994,lbn,13.6000003814697
1995,lbn,13.8000001907349
1996,lbn,13.8999996185303
1997,lbn,13.5
1998,lbn,14.1000003814697
1999,lbn,14.1000003814697
2000,lbn,14.1000003814697
2001,lbn,14.3000001907349
2002,lbn,14.3000001907349
2003,lbn,14.1999998092651
2004,lbn,14.3000001907349
2005,lbn,14.0
2006,lbn,13.8000001907349
2007,lbn,13.5
2008,lbn,13.3999996185303
2009,lbn,12.6999998092651
2010,lbn,12.8000001907349
2011,lbn,13.1000003814697
2012,lbn,13.3999996185303
2013,lbn,14.0
2014,lbn,14.3999996185303
1991,lso,27.7999992370605
1992,lso,26.2999992370605
1993,lso,24.7999992370605
1994,lso,34.2000007629395
1995,lso,29.399999618530302
1996,lso,32.2999992370605
1997,lso,24.2000007629395
1998,lso,28.600000381469698
1999,lso,33.0999984741211
2000,lso,32.2999992370605
2001,lso,23.5
2002,lso,25.0
2003,lso,20.2000007629395
2004,lso,20.7000007629395
2005,lso,19.2999992370605
2006,lso,20.3999996185303
2007,lso,22.5
2008,lso,22.0
2009,lso,20.1000003814697
2010,lso,20.1000003814697
2011,lso,19.1000003814697
2012,lso,20.3999996185303
2013,lso,23.2999992370605
2014,lso,21.899999618530302
1991,lbr,32.5
1992,lbr,32.5
1993,lbr,32.4000015258789
1994,lbr,32.4000015258789
1995,lbr,32.5
1996,lbr,32.5999984741211
1997,lbr,32.5999984741211
1998,lbr,32.5999984741211
1999,lbr,32.5999984741211
2000,lbr,32.5999984741211
2001,lbr,32.5999984741211
2002,lbr,32.7000007629395
2003,lbr,32.7000007629395
2004,lbr,32.7000007629395
2005,lbr,33.2000007629395
2006,lbr,32.7999992370605
2007,lbr,33.5999984741211
2008,lbr,33.2999992370605
2009,lbr,33.0999984741211
2010,lbr,32.5
2011,lbr,32.4000015258789
2012,lbr,32.4000015258789
2013,lbr,32.5
2014,lbr,32.5
1991,lby,6.099999904632571
1992,lby,6.400000095367429
1993,lby,6.699999809265139
1994,lby,6.900000095367429
1995,lby,7.300000190734861
1996,lby,7.5
1997,lby,7.900000095367429
1998,lby,8.199999809265138
1999,lby,8.60000038146973
2000,lby,8.80000019073486
2001,lby,9.10000038146973
2002,lby,9.30000019073486
2003,lby,9.39999961853027
2004,lby,9.60000038146973
2005,lby,9.60000038146973
2006,lby,9.69999980926514
2007,lby,9.80000019073486
2008,lby,9.80000019073486
2009,lby,9.80000019073486
2010,lby,9.69999980926514
2011,lby,10.3000001907349
2012,lby,8.89999961853027
2013,lby,7.400000095367429
2014,lby,7.5
1991,ltu,32.0999984741211
1992,ltu,36.2000007629395
1993,ltu,29.0
1994,ltu,28.7999992370605
1995,ltu,28.0
1996,ltu,27.7000007629395
1997,ltu,27.899999618530302
1998,ltu,27.899999618530302
1999,ltu,29.5
2000,ltu,23.7999992370605
2001,ltu,21.1000003814697
2002,ltu,22.0
2003,ltu,19.7999992370605
2004,ltu,16.2000007629395
2005,ltu,17.6000003814697
2006,ltu,21.1000003814697
2007,ltu,20.7000007629395
2008,ltu,22.5
2009,ltu,21.3999996185303
2010,ltu,18.6000003814697
2011,ltu,18.2999992370605
2012,ltu,21.5
2013,ltu,22.2000007629395
2014,ltu,22.2999992370605
1991,lux,48.5999984741211
1992,lux,48.4000015258789
1993,lux,43.7999992370605
1994,lux,41.2999992370605
1995,lux,36.7000007629395
1996,lux,35.0999984741211
1997,lux,31.899999618530302
1998,lux,30.899999618530302
1999,lux,29.100000381469698
2000,lux,28.2999992370605
2001,lux,29.899999618530302
2002,lux,28.100000381469698
2003,lux,25.7000007629395
2004,lux,20.6000003814697
2005,lux,21.2999992370605
2006,lux,21.2000007629395
2007,lux,18.5
2008,lux,20.7999992370605
2009,lux,24.399999618530302
2010,lux,20.3999996185303
2011,lux,18.6000003814697
2012,lux,20.2999992370605
2013,lux,20.3999996185303
2014,lux,22.0
1991,mac,45.0999984741211
1992,mac,44.4000015258789
1993,mac,49.7000007629395
1994,mac,49.7999992370605
1995,mac,46.0
1996,mac,52.2000007629395
1997,mac,48.5999984741211
1998,mac,45.7999992370605
1999,mac,43.2999992370605
2000,mac,42.0
2001,mac,44.5999984741211
2002,mac,40.0999984741211
2003,mac,36.9000015258789
2004,mac,37.0999984741211
2005,mac,41.0999984741211
2006,mac,42.0
2007,mac,47.0999984741211
2008,mac,48.0
2009,mac,49.7000007629395
2010,mac,50.0999984741211
2011,mac,49.7999992370605
2012,mac,50.4000015258789
2013,mac,50.7000007629395
2014,mac,51.2000007629395
1991,mkd,16.2999992370605
1992,mkd,17.2000007629395
1993,mkd,18.7999992370605
1994,mkd,16.6000003814697
1995,mkd,16.7999992370605
1996,mkd,14.0
1997,mkd,14.0
1998,mkd,8.60000038146973
1999,mkd,12.1000003814697
2000,mkd,11.5
2001,mkd,12.5
2002,mkd,11.6999998092651
2003,mkd,9.89999961853027
2004,mkd,9.30000019073486
2005,mkd,10.1999998092651
2006,mkd,11.3999996185303
2007,mkd,11.3999996185303
2008,mkd,11.8999996185303
2009,mkd,10.5
2010,mkd,11.1000003814697
2011,mkd,10.8000001907349
2012,mkd,12.6999998092651
2013,mkd,13.1999998092651
2014,mkd,13.3999996185303
1991,mdg,70.1999969482422
1992,mdg,69.5
1993,mdg,70.099998474121
1994,mdg,69.0
1995,mdg,69.90000152587889
1996,mdg,70.4000015258789
1997,mdg,71.5
1998,mdg,71.8000030517578
1999,mdg,72.1999969482422
2000,mdg,72.099998474121
2001,mdg,70.3000030517578
2002,mdg,69.40000152587889
2003,mdg,68.40000152587889
2004,mdg,69.8000030517578
2005,mdg,71.1999969482422
2006,mdg,70.599998474121
2007,mdg,71.5
2008,mdg,72.4000015258789
2009,mdg,72.9000015258789
2010,mdg,74.0
2011,mdg,73.6999969482422
2012,mdg,73.4000015258789
2013,mdg,73.4000015258789
2014,mdg,73.3000030517578
1991,mwi,50.9000015258789
1992,mwi,49.5999984741211
1993,mwi,50.2999992370605
1994,mwi,48.9000015258789
1995,mwi,50.0
1996,mwi,49.7000007629395
1997,mwi,49.5
1998,mwi,49.2000007629395
1999,mwi,50.9000015258789
2000,mwi,52.2999992370605
2001,mwi,53.4000015258789
2002,mwi,55.0999984741211
2003,mwi,56.7999992370605
2004,mwi,58.0999984741211
2005,mwi,59.2999992370605
2006,mwi,57.2999992370605
2007,mwi,55.7000007629395
2008,mwi,56.4000015258789
2009,mwi,56.2000007629395
2010,mwi,55.9000015258789
2011,mwi,55.5999984741211
2012,mwi,55.2999992370605
2013,mwi,55.2999992370605
2014,mwi,55.2000007629395
1991,mys,37.7000007629395
1992,mys,36.5
1993,mys,35.7000007629395
1994,mys,35.7000007629395
1995,mys,36.2000007629395
1996,mys,36.5999984741211
1997,mys,36.2999992370605
1998,mys,35.4000015258789
1999,mys,35.4000015258789
2000,mys,37.4000015258789
2001,mys,35.2999992370605
2002,mys,34.4000015258789
2003,mys,33.5
2004,mys,32.7999992370605
2005,mys,32.0
2006,mys,31.5
2007,mys,30.7999992370605
2008,mys,30.0
2009,mys,29.0
2010,mys,28.2999992370605
2011,mys,28.7000007629395
2012,mys,28.7999992370605
2013,mys,28.5
2014,mys,30.100000381469698
1991,mdv,12.5
1992,mdv,13.1000003814697
1993,mdv,13.6000003814697
1994,mdv,14.0
1995,mdv,14.5
1996,mdv,15.6000003814697
1997,mdv,16.6000003814697
1998,mdv,17.6000003814697
1999,mdv,18.2999992370605
2000,mdv,19.7000007629395
2001,mdv,21.600000381469698
2002,mdv,23.7000007629395
2003,mdv,25.7999992370605
2004,mdv,27.5
2005,mdv,30.0
2006,mdv,32.7000007629395
2007,mdv,31.2000007629395
2008,mdv,31.600000381469698
2009,mdv,31.399999618530302
2010,mdv,31.2000007629395
2011,mdv,31.2999992370605
2012,mdv,30.7000007629395
2013,mdv,31.2000007629395
2014,mdv,30.7000007629395
1991,mli,26.5
1992,mli,26.100000381469698
1993,mli,26.2999992370605
1994,mli,26.2999992370605
1995,mli,26.2000007629395
1996,mli,26.2999992370605
1997,mli,26.5
1998,mli,26.399999618530302
1999,mli,26.600000381469698
2000,mli,26.5
2001,mli,26.5
2002,mli,26.5
2003,mli,26.399999618530302
2004,mli,26.2999992370605
2005,mli,28.399999618530302
2006,mli,30.7000007629395
2007,mli,32.7999992370605
2008,mli,35.2000007629395
2009,mli,37.5
2010,mli,40.2999992370605
2011,mli,40.2000007629395
2012,mli,40.0999984741211
2013,mli,40.0999984741211
2014,mli,40.0999984741211
1991,mlt,56.2999992370605
1992,mlt,55.7999992370605
1993,mlt,51.5999984741211
1994,mlt,53.2999992370605
1995,mlt,51.5999984741211
1996,mlt,53.9000015258789
1997,mlt,53.0999984741211
1998,mlt,54.5999984741211
1999,mlt,51.0
2000,mlt,52.7000007629395
2001,mlt,51.9000015258789
2002,mlt,50.0
2003,mlt,45.5
2004,mlt,41.5999984741211
2005,mlt,44.0999984741211
2006,mlt,42.2000007629395
2007,mlt,45.4000015258789
2008,mlt,45.7000007629395
2009,mlt,42.0999984741211
2010,mlt,42.7999992370605
2011,mlt,41.0
2012,mlt,40.7000007629395
2013,mlt,42.0999984741211
2014,mlt,42.0
1991,mrt,8.80000019073486
1992,mrt,9.0
1993,mrt,9.0
1994,mrt,9.5
1995,mrt,9.30000019073486
1996,mrt,9.39999961853027
1997,mrt,10.0
1998,mrt,10.1999998092651
1999,mrt,10.3000001907349
2000,mrt,10.6000003814697
2001,mrt,10.8999996185303
2002,mrt,11.3000001907349
2003,mrt,11.3999996185303
2004,mrt,11.6000003814697
2005,mrt,11.8000001907349
2006,mrt,11.3999996185303
2007,mrt,12.1999998092651
2008,mrt,12.5
2009,mrt,12.8000001907349
2010,mrt,13.1999998092651
2011,mrt,13.1999998092651
2012,mrt,13.3999996185303
2013,mrt,13.5
2014,mrt,13.6000003814697
1991,mus,25.899999618530302
1992,mus,26.0
1993,mus,26.0
1994,mus,26.100000381469698
1995,mus,27.2000007629395
1996,mus,27.100000381469698
1997,mus,27.0
1998,mus,26.7999992370605
1999,mus,26.600000381469698
2000,mus,27.2000007629395
2001,mus,27.7000007629395
2002,mus,26.899999618530302
2003,mus,25.899999618530302
2004,mus,23.899999618530302
2005,mus,23.0
2006,mus,25.2999992370605
2007,mus,25.399999618530302
2008,mus,26.0
2009,mus,25.0
2010,mus,25.399999618530302
2011,mus,26.0
2012,mus,26.2000007629395
2013,mus,26.2000007629395
2014,mus,27.2000007629395
1991,mex,32.9000015258789
1992,mex,33.5
1993,mex,34.2000007629395
1994,mex,33.4000015258789
1995,mex,32.0
1996,mex,32.0
1997,mex,33.0999984741211
1998,mex,34.5
1999,mex,34.5
2000,mex,34.2000007629395
2001,mex,32.7000007629395
2002,mex,31.399999618530302
2003,mex,29.899999618530302
2004,mex,29.7999992370605
2005,mex,31.2000007629395
2006,mex,32.0
2007,mex,31.7999992370605
2008,mex,31.899999618530302
2009,mex,29.2000007629395
2010,mex,30.2999992370605
2011,mex,29.7000007629395
2012,mex,30.899999618530302
2013,mex,30.7000007629395
2014,mex,30.7999992370605
1991,mda,42.5999984741211
1992,mda,41.2999992370605
1993,mda,40.0999984741211
1994,mda,38.7000007629395
1995,mda,37.2000007629395
1996,mda,35.2999992370605
1997,mda,36.4000015258789
1998,mda,32.5999984741211
1999,mda,26.7000007629395
2000,mda,28.2000007629395
2001,mda,26.399999618530302
2002,mda,26.399999618530302
2003,mda,18.6000003814697
2004,mda,17.2999992370605
2005,mda,16.7000007629395
2006,mda,16.6000003814697
2007,mda,15.1999998092651
2008,mda,16.1000003814697
2009,mda,16.2999992370605
2010,mda,16.6000003814697
2011,mda,17.1000003814697
2012,mda,15.6000003814697
2013,mda,16.5
2014,mda,17.7999992370605
1991,mng,34.7000007629395
1992,mng,36.0
1993,mng,36.2000007629395
1994,mng,35.5
1995,mng,34.0
1996,mng,34.7999992370605
1997,mng,34.2999992370605
1998,mng,34.0
1999,mng,33.7000007629395
2000,mng,33.7999992370605
2001,mng,33.2000007629395
2002,mng,32.4000015258789
2003,mng,32.0999984741211
2004,mng,30.7000007629395
2005,mng,30.100000381469698
2006,mng,30.600000381469698
2007,mng,29.399999618530302
2008,mng,28.399999618530302
2009,mng,28.2000007629395
2010,mng,25.899999618530302
2011,mng,27.2999992370605
2012,mng,27.399999618530302
2013,mng,27.600000381469698
2014,mng,27.7999992370605
1991,mne,19.8999996185303
1992,mne,20.2000007629395
1993,mne,16.7999992370605
1994,mne,17.2999992370605
1995,mne,19.6000003814697
1996,mne,18.1000003814697
1997,mne,15.8000001907349
1998,mne,16.2000007629395
1999,mne,15.8999996185303
2000,mne,18.2000007629395
2001,mne,16.1000003814697
2002,mne,15.8999996185303
2003,mne,15.8000001907349
2004,mne,18.1000003814697
2005,mne,17.6000003814697
2006,mne,19.3999996185303
2007,mne,16.1000003814697
2008,mne,20.8999996185303
2009,mne,16.2000007629395
2010,mne,10.8999996185303
2011,mne,10.0
2012,mne,16.7000007629395
2013,mne,16.7999992370605
2014,mne,16.8999996185303
1991,mar,23.7999992370605
1992,mar,23.399999618530302
1993,mar,22.7999992370605
1994,mar,22.0
1995,mar,21.3999996185303
1996,mar,20.5
1997,mar,19.7000007629395
1998,mar,18.7999992370605
1999,mar,24.5
2000,mar,23.7000007629395
2001,mar,17.7000007629395
2002,mar,17.5
2003,mar,20.0
2004,mar,21.5
2005,mar,20.0
2006,mar,19.3999996185303
2007,mar,18.5
2008,mar,17.7999992370605
2009,mar,16.0
2010,mar,15.8999996185303
2011,mar,15.6999998092651
2012,mar,15.5
2013,mar,15.8999996185303
2014,mar,15.6999998092651
1991,moz,47.7999992370605
1992,moz,46.2999992370605
1993,moz,48.5
1994,moz,48.2999992370605
1995,moz,47.9000015258789
1996,moz,49.9000015258789
1997,moz,49.5
1998,moz,49.0
1999,moz,48.0
2000,moz,46.4000015258789
2001,moz,47.2000007629395
2002,moz,46.0999984741211
2003,moz,45.0
2004,moz,44.9000015258789
2005,moz,44.5999984741211
2006,moz,44.4000015258789
2007,moz,43.9000015258789
2008,moz,43.5
2009,moz,43.2000007629395
2010,moz,43.0
2011,moz,42.7999992370605
2012,moz,42.5999984741211
2013,moz,42.4000015258789
2014,moz,42.2999992370605
1991,mmr,50.7999992370605
1992,mmr,50.7999992370605
1993,mmr,50.7999992370605
1994,mmr,50.7999992370605
1995,mmr,50.7999992370605
1996,mmr,50.7000007629395
1997,mmr,50.7000007629395
1998,mmr,50.5
1999,mmr,50.7999992370605
2000,mmr,51.0
2001,mmr,51.0999984741211
2002,mmr,51.2999992370605
2003,mmr,51.5
2004,mmr,51.7000007629395
2005,mmr,51.7999992370605
2006,mmr,51.9000015258789
2007,mmr,51.7999992370605
2008,mmr,51.5999984741211
2009,mmr,51.5
2010,mmr,51.5
2011,mmr,51.4000015258789
2012,mmr,51.4000015258789
2013,mmr,51.2999992370605
2014,mmr,51.0999984741211
1991,nam,21.0
1992,nam,20.8999996185303
1993,nam,20.7999992370605
1994,nam,22.7000007629395
1995,nam,20.7999992370605
1996,nam,19.1000003814697
1997,nam,17.2000007629395
1998,nam,16.7000007629395
1999,nam,16.2000007629395
2000,nam,15.1999998092651
2001,nam,15.6999998092651
2002,nam,16.7000007629395
2003,nam,19.6000003814697
2004,nam,17.2000007629395
2005,nam,19.3999996185303
2006,nam,18.6000003814697
2007,nam,21.2999992370605
2008,nam,13.3000001907349
2009,nam,15.6000003814697
2010,nam,17.2000007629395
2011,nam,16.8999996185303
2012,nam,16.8999996185303
2013,nam,15.6999998092651
2014,nam,16.7999992370605
1991,npl,76.599998474121
1992,npl,76.6999969482422
1993,npl,76.599998474121
1994,npl,76.599998474121
1995,npl,76.599998474121
1996,npl,75.0
1997,npl,75.9000015258789
1998,npl,76.9000015258789
1999,npl,78.5
2000,npl,77.5
2001,npl,75.9000015258789
2002,npl,76.1999969482422
2003,npl,76.1999969482422
2004,npl,75.6999969482422
2005,npl,74.9000015258789
2006,npl,74.3000030517578
2007,npl,73.8000030517578
2008,npl,72.9000015258789
2009,npl,72.8000030517578
2010,npl,72.6999969482422
2011,npl,72.5
2012,npl,72.4000015258789
2013,npl,72.3000030517578
2014,npl,72.1999969482422
1991,nld,52.5999984741211
1992,nld,55.4000015258789
1993,nld,53.4000015258789
1994,nld,53.9000015258789
1995,nld,53.9000015258789
1996,nld,54.2999992370605
1997,nld,55.9000015258789
1998,nld,59.2000007629395
1999,nld,62.5999984741211
2000,nld,66.8000030517578
2001,nld,69.099998474121
2002,nld,68.90000152587889
2003,nld,68.1999969482422
2004,nld,66.0
2005,nld,65.0
2006,nld,65.1999969482422
2007,nld,68.0
2008,nld,68.8000030517578
2009,nld,68.5
2010,nld,63.2999992370605
2011,nld,64.40000152587889
2012,nld,64.099998474121
2013,nld,63.5
2014,nld,63.0999984741211
1991,nzl,52.4000015258789
1992,nzl,50.9000015258789
1993,nzl,50.5999984741211
1994,nzl,52.7999992370605
1995,nzl,55.2000007629395
1996,nzl,56.0999984741211
1997,nzl,55.2999992370605
1998,nzl,53.4000015258789
1999,nzl,51.5999984741211
2000,nzl,52.0999984741211
2001,nzl,52.7000007629395
2002,nzl,53.5
2003,nzl,53.2999992370605
2004,nzl,52.5999984741211
2005,nzl,53.4000015258789
2006,nzl,55.2000007629395
2007,nzl,55.9000015258789
2008,nzl,53.9000015258789
2009,nzl,49.4000015258789
2010,nzl,48.4000015258789
2011,nzl,48.2000007629395
2012,nzl,47.2999992370605
2013,nzl,48.7000007629395
2014,nzl,49.4000015258789
1991,nic,25.100000381469698
1992,nic,24.7000007629395
1993,nic,24.2999992370605
1994,nic,24.2000007629395
1995,nic,23.0
1996,nic,23.7999992370605
1997,nic,24.5
1998,nic,24.600000381469698
1999,nic,25.600000381469698
2000,nic,26.5
2001,nic,26.600000381469698
2002,nic,26.7999992370605
2003,nic,24.7999992370605
2004,nic,26.2000007629395
2005,nic,27.5
2006,nic,28.2999992370605
2007,nic,28.2000007629395
2008,nic,27.2000007629395
2009,nic,26.7999992370605
2010,nic,26.2999992370605
2011,nic,26.899999618530302
2012,nic,27.600000381469698
2013,nic,29.100000381469698
2014,nic,29.5
1991,ner,21.7999992370605
1992,ner,22.600000381469698
1993,ner,23.7000007629395
1994,ner,24.7999992370605
1995,ner,25.7000007629395
1996,ner,27.0
1997,ner,28.0
1998,ner,29.2999992370605
1999,ner,30.2999992370605
2000,ner,31.5
2001,ner,32.9000015258789
2002,ner,32.7000007629395
2003,ner,32.5999984741211
2004,ner,32.4000015258789
2005,ner,32.4000015258789
2006,ner,32.5
2007,ner,32.5999984741211
2008,ner,32.7999992370605
2009,ner,32.7999992370605
2010,ner,33.0999984741211
2011,ner,33.0999984741211
2012,ner,33.2999992370605
2013,ner,33.4000015258789
2014,ner,33.5
1991,nga,20.0
1992,nga,20.6000003814697
1993,nga,21.2999992370605
1994,nga,22.0
1995,nga,22.7000007629395
1996,nga,23.399999618530302
1997,nga,24.100000381469698
1998,nga,24.899999618530302
1999,nga,25.600000381469698
2000,nga,26.5
2001,nga,27.2999992370605
2002,nga,28.100000381469698
2003,nga,28.899999618530302
2004,nga,29.7999992370605
2005,nga,29.7999992370605
2006,nga,29.7999992370605
2007,nga,29.899999618530302
2008,nga,29.899999618530302
2009,nga,30.0
2010,nga,30.0
2011,nga,30.0
2012,nga,30.100000381469698
2013,nga,30.2000007629395
2014,nga,30.2000007629395
1991,nor,47.5999984741211
1992,nor,45.7000007629395
1993,nor,44.2999992370605
1994,nor,45.2999992370605
1995,nor,45.9000015258789
1996,nor,48.7999992370605
1997,nor,50.7000007629395
1998,nor,54.2000007629395
1999,nor,54.0999984741211
2000,nor,54.0
2001,nor,53.7999992370605
2002,nor,55.7999992370605
2003,nor,53.9000015258789
2004,nor,53.2000007629395
2005,nor,51.2000007629395
2006,nor,53.2999992370605
2007,nor,56.5999984741211
2008,nor,58.4000015258789
2009,nor,54.5
2010,nor,52.7999992370605
2011,nor,52.0999984741211
2012,nor,53.7999992370605
2013,nor,53.5
2014,nor,53.9000015258789
1991,omn,14.0
1992,omn,13.6000003814697
1993,omn,13.1999998092651
1994,omn,13.1000003814697
1995,omn,13.1999998092651
1996,omn,13.6999998092651
1997,omn,14.1999998092651
1998,omn,14.8999996185303
1999,omn,15.6000003814697
2000,omn,15.8999996185303
2001,omn,15.8999996185303
2002,omn,16.1000003814697
2003,omn,16.2999992370605
2004,omn,16.2999992370605
2005,omn,16.2999992370605
2006,omn,16.3999996185303
2007,omn,16.3999996185303
2008,omn,16.0
2009,omn,16.3999996185303
2010,omn,16.5
2011,omn,16.7999992370605
2012,omn,17.2000007629395
2013,omn,17.6000003814697
2014,omn,17.7999992370605
1991,pak,10.5
1992,pak,11.3999996185303
1993,pak,11.6000003814697
1994,pak,11.6000003814697
1995,pak,8.60000038146973
1996,pak,9.89999961853027
1997,pak,11.1000003814697
1998,pak,11.6000003814697
1999,pak,9.5
2000,pak,7.300000190734861
2001,pak,8.89999961853027
2002,pak,11.6999998092651
2003,pak,12.3999996185303
2004,pak,13.6999998092651
2005,pak,14.8999996185303
2006,pak,16.7999992370605
2007,pak,16.7999992370605
2008,pak,17.1000003814697
2009,pak,18.3999996185303
2010,pak,19.1000003814697
2011,pak,19.2000007629395
2012,pak,19.3999996185303
2013,pak,19.3999996185303
2014,pak,19.3999996185303
1991,pan,19.7000007629395
1992,pan,21.1000003814697
1993,pan,22.600000381469698
1994,pan,22.7000007629395
1995,pan,22.899999618530302
1996,pan,22.2999992370605
1997,pan,23.399999618530302
1998,pan,22.5
1999,pan,24.2999992370605
2000,pan,23.0
2001,pan,21.899999618530302
2002,pan,21.899999618530302
2003,pan,23.0
2004,pan,23.2999992370605
2005,pan,26.0
2006,pan,24.100000381469698
2007,pan,25.5
2008,pan,27.0
2009,pan,27.2999992370605
2010,pan,26.399999618530302
2011,pan,28.600000381469698
2012,pan,29.0
2013,pan,28.899999618530302
2014,pan,28.399999618530302
1991,png,57.5999984741211
1992,png,56.2000007629395
1993,png,54.2999992370605
1994,png,53.7999992370605
1995,png,54.5999984741211
1996,png,54.2000007629395
1997,png,54.9000015258789
1998,png,56.0999984741211
1999,png,56.0999984741211
2000,png,56.7999992370605
2001,png,57.2000007629395
2002,png,57.5999984741211
2003,png,57.7000007629395
2004,png,57.5999984741211
2005,png,57.5
2006,png,57.4000015258789
2007,png,56.9000015258789
2008,png,56.2000007629395
2009,png,55.9000015258789
2010,png,55.2000007629395
2011,png,55.2000007629395
2012,png,55.0999984741211
2013,png,54.9000015258789
2014,png,55.0
1991,pry,47.0999984741211
1992,pry,49.7000007629395
1993,pry,46.7000007629395
1994,pry,47.9000015258789
1995,pry,52.7999992370605
1996,pry,47.2000007629395
1997,pry,41.9000015258789
1998,pry,37.7999992370605
1999,pry,38.0
2000,pry,37.0999984741211
2001,pry,37.9000015258789
2002,pry,34.2000007629395
2003,pry,36.0999984741211
2004,pry,36.4000015258789
2005,pry,38.0999984741211
2006,pry,36.9000015258789
2007,pry,36.5
2008,pry,39.4000015258789
2009,pry,41.7999992370605
2010,pry,38.2000007629395
2011,pry,39.2000007629395
2012,pry,39.7000007629395
2013,pry,40.2999992370605
2014,pry,41.0
1991,per,33.4000015258789
1992,per,35.0
1993,per,36.0999984741211
1994,per,37.5
1995,per,40.2000007629395
1996,per,40.9000015258789
1997,per,43.0
1998,per,45.0999984741211
1999,per,47.7999992370605
2000,per,42.2000007629395
2001,per,46.7000007629395
2002,per,43.9000015258789
2003,per,41.7999992370605
2004,per,42.0999984741211
2005,per,42.4000015258789
2006,per,41.9000015258789
2007,per,50.0999984741211
2008,per,49.9000015258789
2009,per,49.9000015258789
2010,per,50.0
2011,per,49.7000007629395
2012,per,49.7000007629395
2013,per,50.0999984741211
2014,per,49.9000015258789
1991,phl,30.899999618530302
1992,phl,32.2999992370605
1993,phl,31.399999618530302
1994,phl,30.7999992370605
1995,phl,32.5
1996,phl,32.0999984741211
1997,phl,30.399999618530302
1998,phl,30.399999618530302
1999,phl,29.899999618530302
2000,phl,28.0
2001,phl,30.899999618530302
2002,phl,27.7999992370605
2003,phl,29.0
2004,phl,27.2999992370605
2005,phl,29.600000381469698
2006,phl,28.600000381469698
2007,phl,27.399999618530302
2008,phl,27.2999992370605
2009,phl,28.7000007629395
2010,phl,29.899999618530302
2011,phl,30.5
2012,phl,30.2999992370605
2013,phl,30.100000381469698
2014,phl,30.100000381469698
1991,pol,28.2000007629395
1992,pol,28.0
1993,pol,25.7999992370605
1994,pol,24.0
1995,pol,22.600000381469698
1996,pol,22.600000381469698
1997,pol,23.399999618530302
1998,pol,23.7999992370605
1999,pol,19.3999996185303
2000,pol,20.7999992370605
2001,pol,19.2999992370605
2002,pol,17.3999996185303
2003,pol,16.7000007629395
2004,pol,16.6000003814697
2005,pol,17.5
2006,pol,21.2999992370605
2007,pol,22.600000381469698
2008,pol,24.0
2009,pol,23.600000381469698
2010,pol,22.5
2011,pol,20.3999996185303
2012,pol,20.2000007629395
2013,pol,20.3999996185303
2014,pol,22.0
1991,prt,45.7000007629395
1992,prt,41.2000007629395
1993,prt,37.5999984741211
1994,prt,35.2999992370605
1995,prt,32.2000007629395
1996,prt,31.399999618530302
1997,prt,33.2999992370605
1998,prt,37.7999992370605
1999,prt,37.4000015258789
2000,prt,36.0999984741211
2001,prt,37.0
2002,prt,36.5
2003,prt,34.2999992370605
2004,prt,32.2999992370605
2005,prt,31.2000007629395
2006,prt,31.2000007629395
2007,prt,30.7000007629395
2008,prt,31.0
2009,prt,29.7999992370605
2010,prt,26.7000007629395
2011,prt,24.899999618530302
2012,prt,21.5
2013,prt,20.5
2014,prt,21.600000381469698
1991,pri,12.6999998092651
1992,pri,13.3000001907349
1993,pri,18.0
1994,pri,18.3999996185303
1995,pri,18.2999992370605
1996,pri,17.8999996185303
1997,pri,20.2999992370605
1998,pri,19.7999992370605
1999,pri,22.600000381469698
2000,pri,22.600000381469698
2001,pri,21.600000381469698
2002,pri,20.8999996185303
2003,pri,22.399999618530302
2004,pri,22.399999618530302
2005,pri,23.5
2006,pri,21.1000003814697
2007,pri,18.6000003814697
2008,pri,18.5
2009,pri,18.2999992370605
2010,pri,13.6000003814697
2011,pri,13.3000001907349
2012,pri,15.1999998092651
2013,pri,15.3000001907349
2014,pri,15.6000003814697
1991,qat,31.2999992370605
1992,qat,30.7999992370605
1993,qat,29.5
1994,qat,27.899999618530302
1995,qat,26.7000007629395
1996,qat,25.7000007629395
1997,qat,23.7000007629395
1998,qat,24.899999618530302
1999,qat,24.2000007629395
2000,qat,22.5
2001,qat,23.600000381469698
2002,qat,24.2000007629395
2003,qat,23.600000381469698
2004,qat,21.7999992370605
2005,qat,25.100000381469698
2006,qat,28.5
2007,qat,32.5999984741211
2008,qat,34.2999992370605
2009,qat,34.2999992370605
2010,qat,33.2999992370605
2011,qat,31.7000007629395
2012,qat,31.7000007629395
2013,qat,30.2000007629395
2014,qat,28.5
1991,rom,41.7000007629395
1992,rom,41.2999992370605
1993,rom,39.0
1994,rom,36.7000007629395
1995,rom,35.2000007629395
1996,rom,33.0999984741211
1997,rom,34.0
1998,rom,33.0999984741211
1999,rom,32.7000007629395
2000,rom,32.2000007629395
2001,rom,30.600000381469698
2002,rom,25.7999992370605
2003,rom,23.399999618530302
2004,rom,25.5
2005,rom,21.3999996185303
2006,rom,20.7000007629395
2007,rom,20.2999992370605
2008,rom,20.2999992370605
2009,rom,20.7000007629395
2010,rom,20.3999996185303
2011,rom,20.3999996185303
2012,rom,20.2000007629395
2013,rom,19.7000007629395
2014,rom,19.1000003814697
1991,rus,37.7999992370605
1992,rus,43.4000015258789
1993,rus,40.7999992370605
1994,rus,37.7000007629395
1995,rus,36.5999984741211
1996,rus,34.0999984741211
1997,rus,30.0
1998,rus,26.7999992370605
1999,rus,29.5
2000,rus,30.600000381469698
2001,rus,29.5
2002,rus,30.7000007629395
2003,rus,29.399999618530302
2004,rus,29.100000381469698
2005,rus,30.0
2006,rus,29.7999992370605
2007,rus,31.2999992370605
2008,rus,32.2999992370605
2009,rus,31.5
2010,rus,30.7000007629395
2011,rus,31.0
2012,rus,29.5
2013,rus,29.899999618530302
2014,rus,30.399999618530302
1991,rwa,81.0
1992,rwa,80.6999969482422
1993,rwa,80.1999969482422
1994,rwa,79.6999969482422
1995,rwa,79.4000015258789
1996,rwa,78.9000015258789
1997,rwa,78.4000015258789
1998,rwa,77.8000030517578
1999,rwa,77.1999969482422
2000,rwa,76.599998474121
2001,rwa,76.0
2002,rwa,75.599998474121
2003,rwa,75.099998474121
2004,rwa,74.8000030517578
2005,rwa,74.599998474121
2006,rwa,74.5
2007,rwa,74.5
2008,rwa,74.599998474121
2009,rwa,74.599998474121
2010,rwa,74.599998474121
2011,rwa,74.3000030517578
2012,rwa,74.0
2013,rwa,73.599998474121
2014,rwa,73.3000030517578
1991,sau,3.79999995231628
1992,sau,3.79999995231628
1993,sau,3.29999995231628
1994,sau,4.40000009536743
1995,sau,3.5
1996,sau,3.29999995231628
1997,sau,3.5
1998,sau,3.70000004768372
1999,sau,6.300000190734861
2000,sau,5.400000095367429
2001,sau,5.09999990463257
2002,sau,4.699999809265139
2003,sau,3.5999999046325697
2004,sau,3.79999995231628
2005,sau,4.0
2006,sau,4.40000009536743
2007,sau,4.099999904632569
2008,sau,3.5999999046325697
2009,sau,3.0999999046325697
2010,sau,3.20000004768372
2011,sau,3.4000000953674303
2012,sau,3.29999995231628
2013,sau,4.40000009536743
2014,sau,4.40000009536743
1991,sen,43.4000015258789
1992,sen,45.2000007629395
1993,sen,44.7999992370605
1994,sen,44.5999984741211
1995,sen,44.2999992370605
1996,sen,43.5
1997,sen,43.4000015258789
1998,sen,44.4000015258789
1999,sen,44.5999984741211
2000,sen,43.2999992370605
2001,sen,43.7999992370605
2002,sen,47.2999992370605
2003,sen,44.5
2004,sen,44.2000007629395
2005,sen,44.0
2006,sen,43.5
2007,sen,44.5
2008,sen,43.9000015258789
2009,sen,43.5
2010,sen,44.0999984741211
2011,sen,43.4000015258789
2012,sen,43.5
2013,sen,43.2000007629395
2014,sen,43.2999992370605
1991,srb,22.600000381469698
1992,srb,21.2000007629395
1993,srb,17.7999992370605
1994,srb,14.5
1995,srb,21.2000007629395
1996,srb,21.2999992370605
1997,srb,20.7000007629395
1998,srb,20.7999992370605
1999,srb,20.7000007629395
2000,srb,21.3999996185303
2001,srb,21.1000003814697
2002,srb,20.2000007629395
2003,srb,18.8999996185303
2004,srb,16.2000007629395
2005,srb,14.1999998092651
2006,srb,13.6999998092651
2007,srb,15.0
2008,srb,16.0
2009,srb,12.8000001907349
2010,srb,10.3999996185303
2011,srb,9.39999961853027
2012,srb,9.5
2013,srb,9.89999961853027
2014,srb,10.3000001907349
1991,sle,43.7000007629395
1992,sle,43.7000007629395
1993,sle,43.7999992370605
1994,sle,43.9000015258789
1995,sle,43.7999992370605
1996,sle,43.5999984741211
1997,sle,43.7999992370605
1998,sle,44.0
1999,sle,44.0
2000,sle,44.2000007629395
2001,sle,44.4000015258789
2002,sle,44.5999984741211
2003,sle,44.5
2004,sle,47.5
2005,sle,47.5
2006,sle,47.4000015258789
2007,sle,47.4000015258789
2008,sle,47.2999992370605
2009,sle,47.2000007629395
2010,sle,47.0
2011,sle,46.7999992370605
2012,sle,46.7000007629395
2013,sle,46.4000015258789
2014,sle,46.2000007629395
1991,sgp,51.2999992370605
1992,sgp,50.4000015258789
1993,sgp,49.2999992370605
1994,sgp,47.4000015258789
1995,sgp,47.5999984741211
1996,sgp,44.5
1997,sgp,42.0
1998,sgp,36.0
1999,sgp,38.7000007629395
2000,sgp,44.7999992370605
2001,sgp,36.7999992370605
2002,sgp,31.0
2003,sgp,31.7000007629395
2004,sgp,32.5999984741211
2005,sgp,33.9000015258789
2006,sgp,35.5999984741211
2007,sgp,33.9000015258789
2008,sgp,33.7999992370605
2009,sgp,29.7000007629395
2010,sgp,33.7999992370605
2011,sgp,31.7999992370605
2012,sgp,32.9000015258789
2013,sgp,33.7000007629395
2014,sgp,34.2999992370605
1991,svk,45.4000015258789
1992,svk,42.0999984741211
1993,svk,38.0
1994,svk,30.899999618530302
1995,svk,31.2000007629395
1996,svk,33.0999984741211
1997,svk,32.7000007629395
1998,svk,32.0999984741211
1999,svk,29.100000381469698
2000,svk,28.2000007629395
2001,svk,26.7000007629395
2002,svk,25.399999618530302
2003,svk,25.5
2004,svk,24.7000007629395
2005,svk,23.0
2006,svk,22.2999992370605
2007,svk,24.100000381469698
2008,svk,21.5
2009,svk,18.7000007629395
2010,svk,17.3999996185303
2011,svk,15.1999998092651
2012,svk,16.1000003814697
2013,svk,16.6000003814697
2014,svk,16.3999996185303
1991,svn,26.7999992370605
1992,svn,27.899999618530302
1993,svn,22.2000007629395
1994,svn,29.100000381469698
1995,svn,28.7999992370605
1996,svn,34.2000007629395
1997,svn,33.2000007629395
1998,svn,33.2000007629395
1999,svn,30.399999618530302
2000,svn,27.600000381469698
2001,svn,26.0
2002,svn,26.0
2003,svn,23.7999992370605
2004,svn,28.399999618530302
2005,svn,29.899999618530302
2006,svn,30.7999992370605
2007,svn,31.899999618530302
2008,svn,33.2999992370605
2009,svn,31.0
2010,svn,30.2999992370605
2011,svn,26.899999618530302
2012,svn,24.2000007629395
2013,svn,23.2000007629395
2014,svn,24.2000007629395
1991,slb,36.5999984741211
1992,slb,36.9000015258789
1993,slb,37.0
1994,slb,37.2999992370605
1995,slb,37.5
1996,slb,37.5
1997,slb,37.5999984741211
1998,slb,37.7000007629395
1999,slb,37.7000007629395
2000,slb,37.4000015258789
2001,slb,37.5999984741211
2002,slb,37.7000007629395
2003,slb,37.9000015258789
2004,slb,37.9000015258789
2005,slb,37.9000015258789
2006,slb,37.7000007629395
2007,slb,37.5999984741211
2008,slb,37.5
2009,slb,37.0999984741211
2010,slb,37.2999992370605
2011,slb,37.2999992370605
2012,slb,37.2000007629395
2013,slb,37.0999984741211
2014,slb,37.0999984741211
1991,som,29.7000007629395
1992,som,29.600000381469698
1993,som,29.600000381469698
1994,som,29.399999618530302
1995,som,29.5
1996,som,29.399999618530302
1997,som,29.2999992370605
1998,som,29.2000007629395
1999,som,29.100000381469698
2000,som,28.899999618530302
2001,som,28.899999618530302
2002,som,28.7000007629395
2003,som,28.600000381469698
2004,som,28.600000381469698
2005,som,28.5
2006,som,28.399999618530302
2007,som,28.2999992370605
2008,som,28.2000007629395
2009,som,28.100000381469698
2010,som,28.0
2011,som,28.100000381469698
2012,som,28.100000381469698
2013,som,28.100000381469698
2014,som,28.2000007629395
1991,zaf,13.3000001907349
1992,zaf,14.1999998092651
1993,zaf,13.1999998092651
1994,zaf,16.3999996185303
1995,zaf,18.2999992370605
1996,zaf,15.6000003814697
1997,zaf,14.3000001907349
1998,zaf,14.8000001907349
1999,zaf,14.0
2000,zaf,14.8000001907349
2001,zaf,13.3999996185303
2002,zaf,12.6000003814697
2003,zaf,11.1999998092651
2004,zaf,11.1000003814697
2005,zaf,12.1000003814697
2006,zaf,13.6999998092651
2007,zaf,12.8000001907349
2008,zaf,13.8999996185303
2009,zaf,12.3000001907349
2010,zaf,10.8000001907349
2011,zaf,10.8000001907349
2012,zaf,10.0
2013,zaf,10.6000003814697
2014,zaf,10.3000001907349
1991,esp,26.100000381469698
1992,esp,24.2999992370605
1993,esp,20.8999996185303
1994,esp,19.8999996185303
1995,esp,19.8999996185303
1996,esp,19.3999996185303
1997,esp,20.3999996185303
1998,esp,21.5
1999,esp,24.7000007629395
2000,esp,26.7999992370605
2001,esp,27.7000007629395
2002,esp,27.899999618530302
2003,esp,28.2999992370605
2004,esp,29.600000381469698
2005,esp,33.2999992370605
2006,esp,35.2000007629395
2007,esp,34.4000015258789
2008,esp,33.0999984741211
2009,esp,26.7999992370605
2010,esp,24.100000381469698
2011,esp,21.899999618530302
2012,esp,17.8999996185303
2013,esp,15.1000003814697
2014,esp,14.6000003814697
1991,lka,15.6000003814697
1992,lka,16.1000003814697
1993,lka,18.1000003814697
1994,lka,17.7999992370605
1995,lka,18.7000007629395
1996,lka,19.5
1997,lka,19.7000007629395
1998,lka,27.7999992370605
1999,lka,22.899999618530302
2000,lka,21.2999992370605
2001,lka,21.600000381469698
2002,lka,21.0
2003,lka,22.2999992370605
2004,lka,21.600000381469698
2005,lka,18.2999992370605
2006,lka,24.7999992370605
2007,lka,22.7999992370605
2008,lka,22.2999992370605
2009,lka,20.6000003814697
2010,lka,19.6000003814697
2011,lka,19.6000003814697
2012,lka,20.2000007629395
2013,lka,19.8999996185303
2014,lka,19.7000007629395
1991,sdn,17.0
1992,sdn,16.7000007629395
1993,sdn,16.2000007629395
1994,sdn,17.0
1995,sdn,17.8999996185303
1996,sdn,18.7000007629395
1997,sdn,18.2999992370605
1998,sdn,18.6000003814697
1999,sdn,18.6000003814697
2000,sdn,18.7000007629395
2001,sdn,18.7999992370605
2002,sdn,18.8999996185303
2003,sdn,18.8999996185303
2004,sdn,18.8999996185303
2005,sdn,19.0
2006,sdn,18.8999996185303
2007,sdn,18.8999996185303
2008,sdn,19.7000007629395
2009,sdn,18.0
2010,sdn,18.0
2011,sdn,18.1000003814697
2012,sdn,18.2000007629395
2013,sdn,18.2999992370605
2014,sdn,18.5
1991,sur,16.2999992370605
1992,sur,10.6000003814697
1993,sur,10.6999998092651
1994,sur,12.1000003814697
1995,sur,13.3999996185303
1996,sur,10.8999996185303
1997,sur,10.1999998092651
1998,sur,9.30000019073486
1999,sur,5.699999809265139
2000,sur,6.900000095367429
2001,sur,11.1000003814697
2002,sur,10.8000001907349
2003,sur,7.199999809265139
2004,sur,9.80000019073486
2005,sur,12.1000003814697
2006,sur,10.0
2007,sur,12.6000003814697
2008,sur,13.0
2009,sur,11.3999996185303
2010,sur,12.3999996185303
2011,sur,12.8000001907349
2012,sur,13.1000003814697
2013,sur,13.1999998092651
2014,sur,12.6000003814697
1991,swz,21.600000381469698
1992,swz,21.600000381469698
1993,swz,21.5
1994,swz,21.3999996185303
1995,swz,22.899999618530302
1996,swz,22.2999992370605
1997,swz,20.8999996185303
1998,swz,20.7999992370605
1999,swz,20.7000007629395
2000,swz,20.6000003814697
2001,swz,20.3999996185303
2002,swz,20.3999996185303
2003,swz,20.3999996185303
2004,swz,20.3999996185303
2005,swz,20.2999992370605
2006,swz,20.2999992370605
2007,swz,20.2999992370605
2008,swz,20.2000007629395
2009,swz,20.1000003814697
2010,swz,20.2000007629395
2011,swz,20.1000003814697
2012,swz,20.2999992370605
2013,swz,20.2999992370605
2014,swz,20.2000007629395
1991,swe,58.2000007629395
1992,swe,51.4000015258789
1993,swe,41.5999984741211
1994,swe,40.2999992370605
1995,swe,40.4000015258789
1996,swe,37.2999992370605
1997,swe,36.4000015258789
1998,swe,38.5
1999,swe,40.4000015258789
2000,swe,42.7999992370605
2001,swe,45.7000007629395
2002,swe,43.9000015258789
2003,swe,42.7000007629395
2004,swe,40.2000007629395
2005,swe,40.5
2006,swe,41.7000007629395
2007,swe,42.0999984741211
2008,swe,41.7000007629395
2009,swe,38.4000015258789
2010,swe,38.4000015258789
2011,swe,40.0999984741211
2012,swe,40.5999984741211
2013,swe,42.5
2014,swe,43.7000007629395
1991,che,68.5
1992,che,66.1999969482422
1993,che,66.599998474121
1994,che,63.0999984741211
1995,che,61.2999992370605
1996,che,62.0999984741211
1997,che,62.4000015258789
1998,che,59.9000015258789
1999,che,66.099998474121
2000,che,63.2999992370605
2001,che,63.5
2002,che,65.5
2003,che,62.7000007629395
2004,che,61.5
2005,che,59.0999984741211
2006,che,62.2999992370605
2007,che,60.4000015258789
2008,che,61.5
2009,che,62.2999992370605
2010,che,61.0
2011,che,62.0999984741211
2012,che,60.4000015258789
2013,che,60.7999992370605
2014,che,61.4000015258789
1991,syr,13.3000001907349
1992,syr,13.8999996185303
1993,syr,16.7000007629395
1994,syr,17.5
1995,syr,18.5
1996,syr,15.5
1997,syr,16.6000003814697
1998,syr,16.6000003814697
1999,syr,15.6000003814697
2000,syr,12.1000003814697
2001,syr,10.3999996185303
2002,syr,10.8999996185303
2003,syr,12.8000001907349
2004,syr,10.6999998092651
2005,syr,8.89999961853027
2006,syr,7.0
2007,syr,6.300000190734861
2008,syr,6.0
2009,syr,5.300000190734861
2010,syr,5.5
2011,syr,2.70000004768372
2012,syr,2.70000004768372
2013,syr,2.79999995231628
2014,syr,3.20000004768372
1991,tjk,37.7999992370605
1992,tjk,37.5999984741211
1993,tjk,37.2000007629395
1994,tjk,37.0
1995,tjk,36.5999984741211
1996,tjk,36.2999992370605
1997,tjk,35.7000007629395
1998,tjk,35.2000007629395
1999,tjk,34.7999992370605
2000,tjk,34.2999992370605
2001,tjk,33.9000015258789
2002,tjk,33.5
2003,tjk,33.2999992370605
2004,tjk,33.0999984741211
2005,tjk,33.0999984741211
2006,tjk,33.0999984741211
2007,tjk,33.2999992370605
2008,tjk,33.4000015258789
2009,tjk,33.5999984741211
2010,tjk,33.5
2011,tjk,33.5
2012,tjk,33.5
2013,tjk,33.5
2014,tjk,33.7000007629395
1991,tza,76.0
1992,tza,75.9000015258789
1993,tza,75.5
1994,tza,75.3000030517578
1995,tza,74.1999969482422
1996,tza,73.6999969482422
1997,tza,74.1999969482422
1998,tza,74.099998474121
1999,tza,74.1999969482422
2000,tza,73.6999969482422
2001,tza,73.8000030517578
2002,tza,75.9000015258789
2003,tza,76.3000030517578
2004,tza,77.1999969482422
2005,tza,78.0
2006,tza,75.099998474121
2007,tza,78.9000015258789
2008,tza,77.5
2009,tza,76.9000015258789
2010,tza,75.8000030517578
2011,tza,74.8000030517578
2012,tza,75.099998474121
2013,tza,75.5
2014,tza,75.1999969482422
1991,tha,66.6999969482422
1992,tha,65.1999969482422
1993,tha,60.7999992370605
1994,tha,57.4000015258789
1995,tha,56.2999992370605
1996,tha,55.2000007629395
1997,tha,54.0
1998,tha,47.7999992370605
1999,tha,44.7000007629395
2000,tha,45.4000015258789
2001,tha,43.7000007629395
2002,tha,43.2999992370605
2003,tha,42.0999984741211
2004,tha,42.9000015258789
2005,tha,43.2999992370605
2006,tha,38.0999984741211
2007,tha,40.0
2008,tha,38.5
2009,tha,38.0999984741211
2010,tha,37.7999992370605
2011,tha,38.5
2012,tha,38.5999984741211
2013,tha,38.5999984741211
2014,tha,38.5
1991,tmp,34.0999984741211
1992,tmp,33.5
1993,tmp,33.0
1994,tmp,32.0999984741211
1995,tmp,31.2000007629395
1996,tmp,30.2999992370605
1997,tmp,29.399999618530302
1998,tmp,29.600000381469698
1999,tmp,28.7999992370605
2000,tmp,26.399999618530302
2001,tmp,27.399999618530302
2002,tmp,24.5
2003,tmp,22.0
2004,tmp,19.6000003814697
2005,tmp,17.5
2006,tmp,15.3999996185303
2007,tmp,13.1000003814697
2008,tmp,11.3000001907349
2009,tmp,9.69999980926514
2010,tmp,8.5
2011,tmp,8.60000038146973
2012,tmp,8.699999809265138
2013,tmp,8.89999961853027
2014,tmp,9.10000038146973
1991,tgo,52.9000015258789
1992,tgo,53.2999992370605
1993,tgo,53.2000007629395
1994,tgo,55.0999984741211
1995,tgo,55.4000015258789
1996,tgo,56.0
1997,tgo,56.2999992370605
1998,tgo,56.5
1999,tgo,57.2999992370605
2000,tgo,57.7000007629395
2001,tgo,58.2000007629395
2002,tgo,58.7000007629395
2003,tgo,59.5
2004,tgo,59.9000015258789
2005,tgo,60.2999992370605
2006,tgo,61.0
2007,tgo,60.7000007629395
2008,tgo,60.5999984741211
2009,tgo,60.5
2010,tgo,60.4000015258789
2011,tgo,60.2999992370605
2012,tgo,60.2000007629395
2013,tgo,59.9000015258789
2014,tgo,59.7999992370605
1991,tto,22.600000381469698
1992,tto,22.2000007629395
1993,tto,22.899999618530302
1994,tto,24.600000381469698
1995,tto,26.100000381469698
1996,tto,27.2000007629395
1997,tto,27.7000007629395
1998,tto,27.600000381469698
1999,tto,28.2000007629395
2000,tto,29.7000007629395
2001,tto,30.7000007629395
2002,tto,31.0
2003,tto,32.0
2004,tto,35.5
2005,tto,36.5
2006,tto,39.4000015258789
2007,tto,39.2000007629395
2008,tto,38.5999984741211
2009,tto,35.5999984741211
2010,tto,34.0
2011,tto,35.5999984741211
2012,tto,35.0999984741211
2013,tto,36.7000007629395
2014,tto,35.9000015258789
1991,tun,18.1000003814697
1992,tun,18.7000007629395
1993,tun,19.2000007629395
1994,tun,18.7999992370605
1995,tun,19.3999996185303
1996,tun,19.2999992370605
1997,tun,19.2999992370605
1998,tun,17.3999996185303
1999,tun,17.6000003814697
2000,tun,17.2000007629395
2001,tun,16.8999996185303
2002,tun,16.2999992370605
2003,tun,16.2000007629395
2004,tun,16.1000003814697
2005,tun,15.5
2006,tun,15.8999996185303
2007,tun,15.5
2008,tun,15.1999998092651
2009,tun,14.5
2010,tun,14.3999996185303
2011,tun,12.0
2012,tun,14.0
2013,tun,14.3999996185303
2014,tun,14.3999996185303
1991,tur,35.7000007629395
1992,tur,32.5999984741211
1993,tur,26.2999992370605
1994,tur,31.0
1995,tur,29.7999992370605
1996,tur,30.2999992370605
1997,tur,27.399999618530302
1998,tur,27.600000381469698
1999,tur,28.5
2000,tur,24.600000381469698
2001,tur,24.2000007629395
2002,tur,23.899999618530302
2003,tur,21.7000007629395
2004,tur,19.8999996185303
2005,tur,19.5
2006,tur,19.5
2007,tur,19.5
2008,tur,20.0
2009,tur,19.7000007629395
2010,tur,20.5
2011,tur,21.600000381469698
2012,tur,21.1000003814697
2013,tur,21.2000007629395
2014,tur,21.1000003814697
1991,tkm,25.899999618530302
1992,tkm,26.0
1993,tkm,26.0
1994,tkm,26.100000381469698
1995,tkm,26.0
1996,tkm,26.2000007629395
1997,tkm,26.2999992370605
1998,tkm,25.7000007629395
1999,tkm,25.399999618530302
2000,tkm,25.2999992370605
2001,tkm,25.100000381469698
2002,tkm,25.100000381469698
2003,tkm,24.899999618530302
2004,tkm,24.7000007629395
2005,tkm,24.7000007629395
2006,tkm,24.7000007629395
2007,tkm,24.600000381469698
2008,tkm,24.5
2009,tkm,24.7999992370605
2010,tkm,24.7999992370605
2011,tkm,24.899999618530302
2012,tkm,25.2000007629395
2013,tkm,25.5
2014,tkm,25.7000007629395
1991,uga,63.2000007629395
1992,uga,63.5
1993,uga,63.7000007629395
1994,uga,63.0999984741211
1995,uga,63.7999992370605
1996,uga,64.40000152587889
1997,uga,63.7000007629395
1998,uga,63.7000007629395
1999,uga,63.7000007629395
2000,uga,63.7000007629395
2001,uga,64.1999969482422
2002,uga,62.7999992370605
2003,uga,61.5999984741211
2004,uga,60.4000015258789
2005,uga,58.7000007629395
2006,uga,56.5
2007,uga,57.0
2008,uga,55.9000015258789
2009,uga,55.0
2010,uga,54.7999992370605
2011,uga,54.5999984741211
2012,uga,54.2999992370605
2013,uga,54.0999984741211
2014,uga,54.2999992370605
1991,ukr,35.0
1992,ukr,34.2999992370605
1993,ukr,34.7999992370605
1994,ukr,36.0999984741211
1995,ukr,36.7000007629395
1996,ukr,34.5999984741211
1997,ukr,32.9000015258789
1998,ukr,30.2999992370605
1999,ukr,29.5
2000,ukr,28.7000007629395
2001,ukr,28.399999618530302
2002,ukr,29.399999618530302
2003,ukr,29.399999618530302
2004,ukr,31.7999992370605
2005,ukr,30.600000381469698
2006,ukr,31.0
2007,ukr,31.5
2008,ukr,31.7000007629395
2009,ukr,31.2000007629395
2010,ukr,29.600000381469698
2011,ukr,29.100000381469698
2012,ukr,30.2999992370605
2013,ukr,30.7000007629395
2014,ukr,30.5
1991,are,14.5
1992,are,15.6000003814697
1993,are,16.1000003814697
1994,are,19.2999992370605
1995,are,20.8999996185303
1996,are,19.8999996185303
1997,are,20.2000007629395
1998,are,19.0
1999,are,19.0
2000,are,21.0
2001,are,19.7999992370605
2002,are,20.2000007629395
2003,are,21.7000007629395
2004,are,22.100000381469698
2005,are,23.2999992370605
2006,are,24.600000381469698
2007,are,25.899999618530302
2008,are,24.7999992370605
2009,are,27.600000381469698
2010,are,28.600000381469698
2011,are,28.600000381469698
2012,are,28.5
2013,are,28.2999992370605
2014,are,27.899999618530302
1991,gbr,61.2999992370605
1992,gbr,57.2999992370605
1993,gbr,54.5999984741211
1994,gbr,54.2999992370605
1995,gbr,54.4000015258789
1996,gbr,56.2000007629395
1997,gbr,56.4000015258789
1998,gbr,56.2999992370605
1999,gbr,56.2000007629395
2000,gbr,56.2999992370605
2001,gbr,55.7000007629395
2002,gbr,55.9000015258789
2003,gbr,54.9000015258789
2004,gbr,55.2000007629395
2005,gbr,53.7999992370605
2006,gbr,53.7000007629395
2007,gbr,51.9000015258789
2008,gbr,52.0
2009,gbr,48.2000007629395
2010,gbr,46.9000015258789
2011,gbr,45.9000015258789
2012,gbr,46.2000007629395
2013,gbr,46.4000015258789
2014,gbr,48.4000015258789
1991,usa,51.0
1992,usa,50.4000015258789
1993,usa,51.0
1994,usa,52.4000015258789
1995,usa,52.5
1996,usa,52.7999992370605
1997,usa,53.4000015258789
1998,usa,54.5
1999,usa,54.2999992370605
2000,usa,54.4000015258789
2001,usa,52.7999992370605
2002,usa,50.7000007629395
2003,usa,49.0
2004,usa,48.7000007629395
2005,usa,49.2000007629395
2006,usa,49.0999984741211
2007,usa,48.5999984741211
2008,usa,46.9000015258789
2009,usa,43.5999984741211
2010,usa,41.4000015258789
2011,usa,41.0999984741211
2012,usa,41.7000007629395
2013,usa,42.4000015258789
2014,usa,43.2999992370605
1991,ury,36.2000007629395
1992,ury,37.0999984741211
1993,ury,36.4000015258789
1994,ury,39.4000015258789
1995,ury,35.5
1996,ury,39.7000007629395
1997,ury,37.5999984741211
1998,ury,38.5
1999,ury,36.4000015258789
2000,ury,34.2000007629395
2001,ury,36.7000007629395
2002,ury,35.7000007629395
2003,ury,34.5
2004,ury,34.2999992370605
2005,ury,32.7000007629395
2006,ury,29.399999618530302
2007,ury,31.899999618530302
2008,ury,34.2999992370605
2009,ury,34.2000007629395
2010,ury,33.9000015258789
2011,ury,36.0
2012,ury,35.4000015258789
2013,ury,36.4000015258789
2014,ury,35.7999992370605
1991,uzb,25.899999618530302
1992,uzb,25.899999618530302
1993,uzb,25.7999992370605
1994,uzb,25.7999992370605
1995,uzb,25.7000007629395
1996,uzb,25.7999992370605
1997,uzb,25.7000007629395
1998,uzb,25.7000007629395
1999,uzb,25.7000007629395
2000,uzb,25.7000007629395
2001,uzb,25.600000381469698
2002,uzb,25.600000381469698
2003,uzb,25.5
2004,uzb,25.2999992370605
2005,uzb,25.2999992370605
2006,uzb,25.2999992370605
2007,uzb,25.2999992370605
2008,uzb,25.399999618530302
2009,uzb,25.5
2010,uzb,25.600000381469698
2011,uzb,25.7999992370605
2012,uzb,25.899999618530302
2013,uzb,26.100000381469698
2014,uzb,26.2999992370605
1991,ven,21.7000007629395
1992,ven,22.0
1993,ven,20.2000007629395
1994,ven,21.2999992370605
1995,ven,21.3999996185303
1996,ven,19.8999996185303
1997,ven,25.2000007629395
1998,ven,26.2999992370605
1999,ven,24.0
2000,ven,24.2000007629395
2001,ven,28.100000381469698
2002,ven,27.5
2003,ven,25.7000007629395
2004,ven,25.2999992370605
2005,ven,26.2999992370605
2006,ven,25.7999992370605
2007,ven,26.2999992370605
2008,ven,26.7999992370605
2009,ven,25.399999618530302
2010,ven,23.100000381469698
2011,ven,23.2000007629395
2012,ven,23.100000381469698
2013,ven,24.5
2014,ven,23.7000007629395
1991,vnm,70.4000015258789
1992,vnm,69.599998474121
1993,vnm,68.1999969482422
1994,vnm,68.1999969482422
1995,vnm,68.1999969482422
1996,vnm,68.0
1997,vnm,66.099998474121
1998,vnm,65.8000030517578
1999,vnm,64.099998474121
2000,vnm,63.7999992370605
2001,vnm,61.4000015258789
2002,vnm,62.2999992370605
2003,vnm,61.0999984741211
2004,vnm,60.4000015258789
2005,vnm,59.4000015258789
2006,vnm,58.0999984741211
2007,vnm,57.0
2008,vnm,56.2000007629395
2009,vnm,55.5
2010,vnm,55.2999992370605
2011,vnm,56.2000007629395
2012,vnm,56.4000015258789
2013,vnm,56.2999992370605
2014,vnm,56.7999992370605
1991,wbg,4.30000019073486
1992,wbg,3.70000004768372
1993,wbg,4.19999980926514
1994,wbg,3.4000000953674303
1995,wbg,3.29999995231628
1996,wbg,3.4000000953674303
1997,wbg,3.79999995231628
1998,wbg,4.40000009536743
1999,wbg,4.59999990463257
2000,wbg,4.5
2001,wbg,4.30000019073486
2002,wbg,3.79999995231628
2003,wbg,4.19999980926514
2004,wbg,4.30000019073486
2005,wbg,4.40000009536743
2006,wbg,4.5
2007,wbg,5.09999990463257
2008,wbg,5.09999990463257
2009,wbg,5.0
2010,wbg,4.19999980926514
2011,wbg,4.099999904632569
2012,wbg,3.5
2013,wbg,3.5999999046325697
2014,wbg,3.5
1991,yem,7.5
1992,yem,8.10000038146973
1993,yem,8.80000019073486
1994,yem,7.400000095367429
1995,yem,8.300000190734862
1996,yem,9.30000019073486
1997,yem,9.30000019073486
1998,yem,9.10000038146973
1999,yem,10.8999996185303
2000,yem,9.5
2001,yem,11.1000003814697
2002,yem,11.1999998092651
2003,yem,11.1999998092651
2004,yem,11.3000001907349
2005,yem,10.1000003814697
2006,yem,10.5
2007,yem,10.8000001907349
2008,yem,11.0
2009,yem,11.3000001907349
2010,yem,9.19999980926514
2011,yem,9.39999961853027
2012,yem,9.30000019073486
2013,yem,9.60000038146973
2014,yem,10.0
1991,zmb,46.5
1992,zmb,46.2999992370605
1993,zmb,45.7000007629395
1994,zmb,46.4000015258789
1995,zmb,47.0
1996,zmb,50.2000007629395
1997,zmb,51.0999984741211
1998,zmb,53.7000007629395
1999,zmb,53.5
2000,zmb,52.9000015258789
2001,zmb,50.5
2002,zmb,49.2999992370605
2003,zmb,50.5
2004,zmb,50.9000015258789
2005,zmb,51.2999992370605
2006,zmb,50.0
2007,zmb,50.2000007629395
2008,zmb,49.7000007629395
2009,zmb,49.4000015258789
2010,zmb,49.2000007629395
2011,zmb,48.7000007629395
2012,zmb,48.5
2013,zmb,49.0999984741211
2014,zmb,49.2000007629395
1991,zwe,47.4000015258789
1992,zwe,47.2000007629395
1993,zwe,46.7999992370605
1994,zwe,47.4000015258789
1995,zwe,46.7999992370605
1996,zwe,46.2000007629395
1997,zwe,45.2999992370605
1998,zwe,44.2999992370605
1999,zwe,43.4000015258789
2000,zwe,49.0
2001,zwe,55.4000015258789
2002,zwe,61.2999992370605
2003,zwe,66.90000152587889
2004,zwe,72.099998474121
2005,zwe,71.6999969482422
2006,zwe,71.1999969482422
2007,zwe,71.099998474121
2008,zwe,70.4000015258789
2009,zwe,69.599998474121
2010,zwe,70.0
2011,zwe,69.90000152587889
2012,zwe,69.90000152587889
2013,zwe,69.90000152587889
2014,zwe,69.8000030517578
